6 0.05130208333333333 0.624537037037037 0.0390625 0.18981481481481483
6 0.052083333333333336 0.5259259259259259 0.040625 0.09814814814814815
6 0.21067708333333332 0.49537037037037035 0.0453125 0.17222222222222222
6 0.24817708333333333 0.4634259259259259 0.0265625 0.13055555555555556
6 0.315625 0.4273148148148148 0.025 0.18611111111111112
6 0.34791666666666665 0.6217592592592592 0.06875 0.25462962962962965
6 0.5200520833333333 0.25833333333333336 0.0234375 0.1259259259259259
6 0.4203125 0.2763888888888889 0.025 0.15092592592592594
6 0.7549479166666667 0.4185185185185185 0.0453125 0.2074074074074074
6 0.6536458333333334 0.3226851851851852 0.03333333333333333 0.13240740740740742
0 0.05364583333333333 0.6578703703703703 0.10625 0.15648148148148147
0 0.22473958333333333 0.562962962962963 0.08072916666666667 0.13333333333333333
0 0.3578125 0.65 0.12291666666666666 0.1814814814814815