6 0.8059895833333334 0.49166666666666664 0.03697916666666667 0.21851851851851853
6 0.7276041666666667 0.43194444444444446 0.03125 0.1638888888888889
6 0.3221354166666667 0.5703703703703704 0.058854166666666666 0.2222222222222222
6 0.22890625 0.4981481481481482 0.04114583333333333 0.18333333333333332
6 0.20598958333333334 0.4671296296296296 0.022395833333333334 0.14166666666666666
6 0.44947916666666665 0.28194444444444444 0.03229166666666667 0.1175925925925926
6 0.15416666666666667 0.6472222222222223 0.07395833333333333 0.2222222222222222
6 0.05234375 0.600925925925926 0.03802083333333333 0.23148148148148148
6 0.08229166666666667 0.5476851851851852 0.034375 0.18611111111111112
2 0.5908854166666667 0.3990740740740741 0.1171875 0.21296296296296297
2 0.8109375 0.4351851851851852 0.10833333333333334 0.18703703703703703
2 0.96484375 0.4912037037037037 0.06822916666666666 0.19907407407407407
0 0.16796875 0.7037037037037037 0.14427083333333332 0.14444444444444443
0 0.3346354166666667 0.6152777777777778 0.0921875 0.18055555555555555
0 0.23020833333333332 0.5671296296296297 0.053125 0.08055555555555556
0 0.051041666666666666 0.6185185185185185 0.08645833333333333 0.11851851851851852