6 0.2552083333333333 0.6018518518518519 0.04895833333333333 0.22962962962962963
6 0.25729166666666664 0.49537037037037035 0.07083333333333333 0.19074074074074074
6 0.22864583333333333 0.4449074074074074 0.04479166666666667 0.08611111111111111
6 0.20390625 0.4925925925925926 0.0390625 0.10740740740740741
6 0.24765625 0.287962962962963 0.015104166666666667 0.12407407407407407
6 0.4244791666666667 0.28935185185185186 0.019791666666666666 0.11574074074074074
6 0.34479166666666666 0.6217592592592592 0.058333333333333334 0.225
6 0.5377604166666666 0.7078703703703704 0.07135416666666666 0.20092592592592592
6 0.6497395833333334 0.8467592592592592 0.08489583333333334 0.25092592592592594
6 0.70234375 0.8587962962962963 0.08177083333333333 0.24351851851851852
6 0.8674479166666667 0.8333333333333334 0.0640625 0.1685185185185185
6 0.925 0.8638888888888889 0.046875 0.1685185185185185
6 0.884375 0.9439814814814815 0.06666666666666667 0.08796296296296297
6 0.759375 0.399537037037037 0.03229166666666667 0.1638888888888889
6 0.7377604166666667 0.38935185185185184 0.022395833333333334 0.14351851851851852
2 0.2908854166666667 0.27361111111111114 0.0578125 0.1361111111111111
2 0.8119791666666667 0.45046296296296295 0.09166666666666666 0.20092592592592592
2 0.8572916666666667 0.3300925925925926 0.15729166666666666 0.13055555555555556
0 0.2869791666666667 0.6449074074074074 0.06145833333333333 0.1361111111111111
0 0.3421875 0.7069444444444445 0.04479166666666667 0.125
0 0.5341145833333333 0.774537037037037 0.16614583333333333 0.13796296296296295
0 0.6466145833333333 0.9171296296296296 0.1859375 0.11574074074074074
0 0.8184895833333333 0.9143518518518519 0.11197916666666667 0.11203703703703703