0 0.197462 0.78844 0.097656 0.226389
0 0.11193 0.678381 0.053125 0.123611
0 0.271096 0.594724 0.051562 0.113889
6 0.250719 0.533987 0.046094 0.2125
6 0.20024 0.770854 0.061719 0.191667
6 0.638385 0.403461 0.027344 0.126389
2 0.611344 0.354903 0.119531 0.197222
2 0.968493 0.500439 0.076563 0.211111
0 0.398594 0.701415 0.148438 0.166667
0 0.31625 0.59587 0.049219 0.116667
6 0.357402 0.552002 0.050781 0.170833
6 0.399376 0.653521 0.046875 0.251389
0 0.027789 0.729863 0.049219 0.1375
6 0.210156 0.502778 0.0375 0.133333
6 0.052344 0.59375 0.051562 0.2125
6 0.098438 0.643056 0.059375 0.219444