6 0.9546875 0.5254629629629629 0.07708333333333334 0.5657407407407408
6 0.8942708333333333 0.5680555555555555 0.08333333333333333 0.5453703703703704
6 0.7057291666666666 0.575925925925926 0.11041666666666666 0.5185185185185185
6 0.43854166666666666 0.5925925925925926 0.096875 0.5722222222222222
6 0.29739583333333336 0.5314814814814814 0.16770833333333332 0.44074074074074077
6 0.13645833333333332 0.5453703703703704 0.09270833333333334 0.512962962962963
6 0.22942708333333334 0.43425925925925923 0.058854166666666666 0.1814814814814815
0 0.21614583333333334 0.5453703703703704 0.07083333333333333 0.25555555555555554
0 0.290625 0.6675925925925926 0.15833333333333333 0.4740740740740741
0 0.8190104166666666 0.6152777777777778 0.14427083333333332 0.5361111111111111
6 0.8505208333333333 0.33055555555555555 0.290625 0.6425925925925926