6 0.73046875 0.6078703703703704 0.14114583333333333 0.712037037037037
6 0.8127604166666667 0.4060185185185185 0.1390625 0.2601851851851852
6 0.8450520833333334 0.3902777777777778 0.0515625 0.13425925925925927
6 0.6674479166666667 0.41203703703703703 0.0828125 0.19814814814814816
6 0.46015625 0.4013888888888889 0.05677083333333333 0.14537037037037037
6 0.40911458333333334 0.5782407407407407 0.0953125 0.49907407407407406
6 0.30885416666666665 0.6217592592592592 0.13229166666666667 0.6231481481481481
6 0.0921875 0.5879629629629629 0.09375 0.6203703703703703
6 0.34348958333333335 0.39675925925925926 0.06302083333333333 0.18055555555555555
0 0.19583333333333333 0.6731481481481482 0.178125 0.5666666666666667
0 0.46640625 0.5416666666666666 0.05677083333333333 0.34074074074074073
0 0.6830729166666667 0.725462962962963 0.2703125 0.5231481481481481
0 0.8346354166666666 0.6152777777777778 0.1078125 0.44722222222222224