6 0.0859375 0.625 0.0375 0.22777777777777777
6 0.12760416666666666 0.5680555555555555 0.04479166666666667 0.1361111111111111
6 0.14791666666666667 0.7300925925925926 0.04479166666666667 0.2712962962962963
6 0.19348958333333333 0.7134259259259259 0.044270833333333336 0.21203703703703702
6 0.21901041666666668 0.49953703703703706 0.03802083333333333 0.14537037037037037
6 0.2791666666666667 0.5800925925925926 0.041666666666666664 0.23425925925925925
6 0.47578125 0.6763888888888889 0.0734375 0.2212962962962963
6 0.5348958333333333 0.2537037037037037 0.019791666666666666 0.10925925925925926
6 0.7401041666666667 0.38333333333333336 0.019791666666666666 0.15925925925925927
2 0.9565104166666667 0.5115740740740741 0.08489583333333334 0.2101851851851852
2 0.42864583333333334 0.36342592592592593 0.11041666666666666 0.22685185185185186
0 0.16927083333333334 0.7791666666666667 0.13541666666666666 0.13796296296296295
0 0.09427083333333333 0.6472222222222223 0.08229166666666667 0.10925925925925926
0 0.2828125 0.6152777777777778 0.10625 0.15092592592592594
0 0.47708333333333336 0.7217592592592592 0.14166666666666666 0.18981481481481483