0 0.298828 0.657639 0.102344 0.198611
0 0.167187 0.79375 0.123438 0.223611
0 0.228516 0.535417 0.069531 0.165278
0 0.085156 0.647917 0.045313 0.1125
0 0.0125 0.584028 0.025 0.098611
2 0.886328 0.399306 0.144531 0.176389
6 0.740625 0.375 0.029687 0.177778
6 0.537109 0.261806 0.016406 0.1125
6 0.509766 0.714583 0.055469 0.284722
6 0.286328 0.61875 0.053906 0.248611
6 0.2 0.681944 0.073437 0.005556
6 0.158594 0.764583 0.0625 0.268056
6 0.222656 0.520139 0.042188 0.190278
6 0.057813 0.617361 0.051562 0.265278