6 0.06979166666666667 0.4689814814814815 0.04583333333333333 0.16018518518518518
6 0.2986979166666667 0.38935185185185184 0.09947916666666666 0.19166666666666668
6 0.3848958333333333 0.42314814814814816 0.07916666666666666 0.2037037037037037
6 0.4739583333333333 0.5912037037037037 0.196875 0.8009259259259259
6 0.61796875 0.6138888888888889 0.1421875 0.7425925925925926
6 0.7651041666666667 0.5597222222222222 0.11354166666666667 0.5231481481481481
6 0.8296875 0.48194444444444445 0.12291666666666666 0.5083333333333333
0 0.39427083333333335 0.7810185185185186 0.6291666666666667 0.41759259259259257
0 0.2786458333333333 0.5277777777777778 0.14791666666666667 0.23333333333333334
0 0.8481770833333333 0.6240740740740741 0.23177083333333334 0.4425925925925926
2 0.16770833333333332 0.5365740740740741 0.221875 0.36018518518518516