6 0.020833333333333332 0.46435185185185185 0.041666666666666664 0.1675925925925926
6 0.09427083333333333 0.6273148148148148 0.053125 0.2324074074074074
6 0.21067708333333332 0.7333333333333333 0.0421875 0.2518518518518518
6 0.20416666666666666 0.4810185185185185 0.04583333333333333 0.16203703703703703
6 0.29244791666666664 0.5824074074074074 0.043229166666666666 0.24259259259259258
6 0.4140625 0.2810185185185185 0.026041666666666668 0.125
6 0.7739583333333333 0.3472222222222222 0.027083333333333334 0.14629629629629629
0 0.30885416666666665 0.6138888888888889 0.1 0.14814814814814814
0 0.21067708333333332 0.7560185185185185 0.12760416666666666 0.18425925925925926
0 0.096875 0.6523148148148148 0.09270833333333334 0.15833333333333333
0 0.22239583333333332 0.5518518518518518 0.05416666666666667 0.09444444444444444