0 0.403516 0.563889 0.133594 0.158333
0 0.299219 0.604861 0.065625 0.120833
0 0.184766 0.700694 0.133594 0.184722
0 0.080078 0.659722 0.050781 0.116667
0 0.302734 0.211806 0.044531 0.084722
2 0.600781 0.379861 0.126563 0.243056
2 0.810938 0.447917 0.121875 0.2375
2 0.959375 0.505556 0.08125 0.227778
6 0.547266 0.594444 0.058594 0.252778
6 0.735937 0.378472 0.035937 0.168056
6 0.451953 0.565972 0.047656 0.245833
6 0.395312 0.523611 0.060938 0.205556
6 0.259375 0.572917 0.059375 0.218056
6 0.325 0.502083 0.051562 0.204167
6 0.212891 0.665278 0.055469 0.211111
6 0.044922 0.638889 0.061719 0.230556
6 0.089062 0.541667 0.046875 0.169444
6 0.029297 0.498611 0.049219 0.136111