6 0.7140625 0.5712962962962963 0.10416666666666667 0.5092592592592593
6 0.7752604166666667 0.3990740740740741 0.06927083333333334 0.22962962962962963
6 0.128125 0.6166666666666667 0.25625 0.7296296296296296
6 0.36692708333333335 0.5824074074074074 0.0671875 0.512962962962963
6 0.2994791666666667 0.42314814814814816 0.08645833333333333 0.2518518518518518
6 0.41744791666666664 0.5203703703703704 0.0828125 0.4444444444444444
0 0.8263020833333333 0.5893518518518519 0.14739583333333334 0.44351851851851853
0 0.6361979166666667 0.6064814814814815 0.06302083333333333 0.32037037037037036
0 0.14973958333333334 0.7296296296296296 0.29010416666666666 0.5203703703703704
0 0.2989583333333333 0.6333333333333333 0.11770833333333333 0.37962962962962965
0 0.4161458333333333 0.6046296296296296 0.0625 0.3074074074074074