6 0.8325520833333333 0.4064814814814815 0.13177083333333334 0.3055555555555556
6 0.74453125 0.575 0.11927083333333334 0.5407407407407407
6 0.6690104166666667 0.5300925925925926 0.09739583333333333 0.44351851851851853
6 0.6223958333333334 0.45787037037037037 0.05 0.2601851851851852
6 0.4278645833333333 0.5773148148148148 0.1015625 0.5287037037037037
6 0.39088541666666665 0.4185185185185185 0.07447916666666667 0.24259259259259258
6 0.3341145833333333 0.5532407407407407 0.1234375 0.5027777777777778
6 0.1203125 0.5958333333333333 0.078125 0.5916666666666667
0 0.6653645833333334 0.5726851851851852 0.08697916666666666 0.3453703703703704
0 0.8651041666666667 0.6083333333333333 0.16979166666666667 0.4777777777777778
0 0.2140625 0.65 0.19583333333333333 0.5518518518518518
0 0.3203125 0.5879629629629629 0.12708333333333333 0.37962962962962965
2 0.22760416666666666 0.4689814814814815 0.12708333333333333 0.16018518518518518