6 0.9067708333333333 0.47962962962962963 0.028125 0.15
6 0.75703125 0.43796296296296294 0.030729166666666665 0.17222222222222222
6 0.5265625 0.26342592592592595 0.01875 0.11574074074074074
6 0.21848958333333332 0.45231481481481484 0.043229166666666666 0.12685185185185185
6 0.09557291666666666 0.5782407407407407 0.0453125 0.18981481481481483
6 0.76953125 0.8490740740740741 0.0484375 0.1814814814814815
6 0.7466145833333333 0.8518518518518519 0.043229166666666666 0.17037037037037037
6 0.7130208333333333 0.8444444444444444 0.06979166666666667 0.22592592592592592
6 0.68984375 0.8180555555555555 0.049479166666666664 0.1638888888888889
2 0.8177083333333334 0.46296296296296297 0.11979166666666667 0.2074074074074074
0 0.7033854166666667 0.8810185185185185 0.18385416666666668 0.18796296296296297
0 0.22421875 0.5583333333333333 0.050520833333333334 0.12407407407407407