6 0.93828125 0.600925925925926 0.12135416666666667 0.5148148148148148
6 0.6403645833333333 0.5583333333333333 0.07864583333333333 0.4962962962962963
6 0.4119791666666667 0.5439814814814815 0.08854166666666667 0.4583333333333333
6 0.34921875 0.6194444444444445 0.08489583333333334 0.6222222222222222
6 0.21770833333333334 0.43333333333333335 0.09479166666666666 0.20925925925925926
6 0.15026041666666667 0.4722222222222222 0.0421875 0.20555555555555555
0 0.27239583333333334 0.7351851851851852 0.19791666666666666 0.512962962962963
0 0.20104166666666667 0.5912037037037037 0.12083333333333333 0.3638888888888889
0 0.41041666666666665 0.6111111111111112 0.10208333333333333 0.3388888888888889
0 0.8916666666666667 0.6481481481481481 0.20729166666666668 0.5296296296296297
0 0.7096354166666666 0.4462962962962963 0.0390625 0.11296296296296296
2 0.8065104166666667 0.46435185185185185 0.17135416666666667 0.22870370370370371