6 0.7231770833333333 0.4587962962962963 0.08385416666666666 0.30092592592592593
6 0.6692708333333334 0.5638888888888889 0.09791666666666667 0.4888888888888889
6 0.4635416666666667 0.6393518518518518 0.13333333333333333 0.6231481481481481
6 0.2760416666666667 0.6314814814814815 0.14791666666666667 0.6370370370370371
6 0.35546875 0.5680555555555555 0.09010416666666667 0.48055555555555557
6 0.37942708333333336 0.5268518518518519 0.07552083333333333 0.4759259259259259
0 0.17369791666666667 0.6648148148148149 0.13072916666666667 0.562962962962963
0 0.3971354166666667 0.5898148148148148 0.05364583333333333 0.34444444444444444
0 0.8356770833333333 0.6481481481481481 0.19739583333333333 0.44814814814814813
0 0.7346354166666667 0.5986111111111111 0.10260416666666666 0.4101851851851852
2 0.14140625 0.48194444444444445 0.1296875 0.18611111111111112