6 0.16692708333333334 0.48009259259259257 0.028645833333333332 0.15092592592592594
6 0.2989583333333333 0.6287037037037037 0.12708333333333333 0.6444444444444445
6 0.21953125 0.4703703703703704 0.0640625 0.2222222222222222
6 0.36171875 0.5527777777777778 0.0703125 0.5148148148148148
6 0.41328125 0.5101851851851852 0.10052083333333334 0.42592592592592593
6 0.7216145833333333 0.5837962962962963 0.09322916666666667 0.5546296296296296
6 0.809375 0.49675925925925923 0.11875 0.4583333333333333
6 0.690625 0.5171296296296296 0.08020833333333334 0.44351851851851853
0 0.18802083333333333 0.7171296296296297 0.15833333333333333 0.5064814814814815
0 0.40625 0.5935185185185186 0.090625 0.39444444444444443
0 0.8484375 0.6412037037037037 0.16041666666666668 0.44722222222222224