0 0.197446 0.788416 0.097656 0.226389
0 0.113583 0.712116 0.053125 0.123611
0 0.270969 0.59392 0.051562 0.113889
6 0.250661 0.533983 0.046094 0.2125
6 0.200248 0.770849 0.061719 0.191667
6 0.09685 0.618802 0.06875 0.176389
6 0.054835 0.585151 0.035156 0.181944
6 0.632904 0.396502 0.027344 0.126389
2 0.611426 0.354941 0.119531 0.197222
2 0.970976 0.511564 0.076563 0.211111
0 0.399219 0.701389 0.148438 0.166667
0 0.316016 0.595833 0.049219 0.116667
6 0.357422 0.552083 0.050781 0.170833
6 0.399219 0.653472 0.046875 0.251389
0 0.027734 0.729861 0.049219 0.1375