0 0.246052 0.602256 0.033594 0.108333
6 0.210025 0.502421 0.046875 0.148611
2 0.61542 0.377937 0.122656 0.222222
6 0.153908 0.74053 0.071875 0.269444
0 0.415636 0.358604 0.029687 0.061111
6 0.540586 0.378467 0.029687 0.154167
6 0.753242 0.443583 0.033594 0.159722
6 0.419908 0.313828 0.047656 0.1375
2 0.820104 0.435791 0.100781 0.194444
2 0.962394 0.500283 0.075 0.194444
6 0.922266 0.508333 0.033594 0.166667
6 0.334375 0.563194 0.04375 0.2125
6 0.069922 0.638194 0.052344 0.229167
0 0.340234 0.597917 0.111719 0.176389
0 0.156641 0.7625 0.121094 0.158333
0 0.082422 0.656944 0.083594 0.102778