6 0.11927083333333334 0.49537037037037035 0.042708333333333334 0.22407407407407406
6 0.17213541666666668 0.45694444444444443 0.0328125 0.19537037037037036
6 0.22630208333333332 0.4634259259259259 0.030729166666666665 0.18425925925925926
6 0.25234375 0.4648148148148148 0.0203125 0.1685185185185185
6 0.4471354166666667 0.5833333333333334 0.07760416666666667 0.55
6 0.38307291666666665 0.5435185185185185 0.09947916666666666 0.5092592592592593
6 0.6596354166666667 0.5564814814814815 0.11510416666666666 0.5
6 0.8609375 0.5652777777777778 0.12708333333333333 0.575
0 0.3463541666666667 0.6231481481481481 0.115625 0.44074074074074077
0 0.8088541666666667 0.6453703703703704 0.16354166666666667 0.512962962962963
2 0.3109375 0.43842592592592594 0.08333333333333333 0.09351851851851851