6 0.12916666666666668 0.6 0.09583333333333334 0.5611111111111111
6 0.3375 0.5606481481481481 0.125 0.5083333333333333
6 0.44765625 0.5689814814814815 0.06927083333333334 0.5046296296296297
6 0.4 0.45555555555555555 0.06666666666666667 0.29074074074074074
6 0.6736979166666667 0.5226851851851851 0.10572916666666667 0.4546296296296296
6 0.6216145833333333 0.4305555555555556 0.0453125 0.20555555555555555
6 0.7515625 0.575925925925926 0.12083333333333333 0.5481481481481482
6 0.8260416666666667 0.44907407407407407 0.13333333333333333 0.39444444444444443
0 0.21770833333333334 0.6486111111111111 0.2 0.5416666666666666
0 0.31145833333333334 0.6013888888888889 0.125 0.35833333333333334
0 0.4083333333333333 0.5925925925925926 0.06145833333333333 0.3537037037037037
0 0.85625 0.6162037037037037 0.19166666666666668 0.47129629629629627
0 0.6697916666666667 0.5814814814814815 0.11041666666666666 0.3537037037037037
2 0.23307291666666666 0.4699074074074074 0.1453125 0.16574074074074074