6 0.24114583333333334 0.5180555555555556 0.030208333333333334 0.1824074074074074
6 0.3140625 0.5791666666666667 0.046875 0.18796296296296297
6 0.46510416666666665 0.687037037037037 0.06666666666666667 0.26481481481481484
6 0.8770833333333333 0.4527777777777778 0.034375 0.1388888888888889
6 0.55234375 0.26064814814814813 0.028645833333333332 0.11388888888888889
6 0.5052083333333334 0.26296296296296295 0.021875 0.11296296296296296
2 0.95546875 0.5125 0.08697916666666666 0.19907407407407407
2 0.8078125 0.46805555555555556 0.096875 0.19166666666666668
0 0.465625 0.7143518518518519 0.14791666666666667 0.21388888888888888
0 0.3182291666666667 0.6430555555555556 0.11875 0.1527777777777778
0 0.24296875 0.5375 0.09427083333333333 0.1175925925925926