6 0.26223958333333336 0.5259259259259259 0.0578125 0.2111111111111111
6 0.36770833333333336 0.6064814814814815 0.059375 0.18518518518518517
6 0.49244791666666665 0.7439814814814815 0.07135416666666666 0.18055555555555555
6 0.8453125 0.8564814814814815 0.07916666666666666 0.21851851851851853
6 0.9096354166666667 0.8555555555555555 0.0671875 0.2111111111111111
6 0.8403645833333333 0.37175925925925923 0.0359375 0.13425925925925927
6 0.5440104166666667 0.3699074074074074 0.03802083333333333 0.1398148148148148
6 0.4049479166666667 0.30092592592592593 0.019270833333333334 0.1111111111111111
2 0.6026041666666667 0.36944444444444446 0.11875 0.17407407407407408
2 0.4627604166666667 0.33194444444444443 0.13177083333333334 0.1527777777777778
0 0.2359375 0.5527777777777778 0.05625 0.12222222222222222
0 0.49505208333333334 0.8115740740740741 0.1609375 0.18055555555555555
0 0.3807291666666667 0.6652777777777777 0.1125 0.15462962962962962
0 0.821875 0.8967592592592593 0.16979166666666667 0.18611111111111112