6 0.834375 0.45046296296296295 0.12083333333333333 0.47129629629629627
6 0.7505208333333333 0.5717592592592593 0.11145833333333334 0.5212962962962963
6 0.6143229166666667 0.6143518518518518 0.1421875 0.7379629629629629
6 0.4973958333333333 0.5893518518518519 0.15 0.7972222222222223
6 0.2942708333333333 0.41898148148148145 0.09375 0.2638888888888889
6 0.3653645833333333 0.45231481481481484 0.06614583333333333 0.275
6 0.11458333333333333 0.49166666666666664 0.057291666666666664 0.21851851851851853
0 0.3893229166666667 0.7439814814814815 0.6380208333333334 0.49537037037037035
0 0.2830729166666667 0.5171296296296296 0.12760416666666666 0.21203703703703702
0 0.8484375 0.6226851851851852 0.23229166666666667 0.4675925925925926
2 0.0546875 0.5837962962962963 0.09479166666666666 0.36203703703703705