6 0.04401041666666667 0.6305555555555555 0.04739583333333333 0.22962962962962963
6 0.016666666666666666 0.49722222222222223 0.029166666666666667 0.14629629629629629
6 0.08541666666666667 0.5680555555555555 0.042708333333333334 0.21388888888888888
6 0.18776041666666668 0.6722222222222223 0.0609375 0.22962962962962963
6 0.24583333333333332 0.5310185185185186 0.05 0.20462962962962963
6 0.33255208333333336 0.6351851851851852 0.0609375 0.22037037037037038
6 0.23385416666666667 0.3726851851851852 0.041666666666666664 0.10648148148148148
6 0.371875 0.3435185185185185 0.026041666666666668 0.14814814814814814
6 0.7401041666666667 0.4550925925925926 0.03854166666666667 0.16574074074074074
6 0.7302083333333333 0.38055555555555554 0.026041666666666668 0.1574074074074074
6 0.3046875 0.8453703703703703 0.05416666666666667 0.16111111111111112
4 0.5703125 0.2351851851851852 0.2552083333333333 0.3333333333333333
2 0.8145833333333333 0.45231481481481484 0.10625 0.20092592592592592
2 0.9630208333333333 0.5212962962962963 0.071875 0.22037037037037038
0 0.18333333333333332 0.7245370370370371 0.14270833333333333 0.13796296296296295
0 0.32760416666666664 0.6986111111111111 0.14895833333333333 0.14166666666666666
0 0.2453125 0.562962962962963 0.10104166666666667 0.13703703703703704