6 0.7901041666666667 0.35648148148148145 0.029166666666666667 0.1388888888888889
6 0.7434895833333334 0.3509259259259259 0.028645833333333332 0.13333333333333333
6 0.39140625 0.5953703703703703 0.06510416666666667 0.24259259259259258
6 0.29791666666666666 0.40555555555555556 0.04791666666666667 0.18888888888888888
6 0.27291666666666664 0.5912037037037037 0.06145833333333333 0.2601851851851852
6 0.0890625 0.6263888888888889 0.053125 0.225
6 0.10598958333333333 0.5708333333333333 0.04114583333333333 0.16574074074074074
6 0.05651041666666667 0.41203703703703703 0.0328125 0.12962962962962962
6 0.029427083333333333 0.6712962962962963 0.05677083333333333 0.2222222222222222
2 0.60625 0.3587962962962963 0.12604166666666666 0.18796296296296297
2 0.9661458333333334 0.5087962962962963 0.06145833333333333 0.20092592592592592
0 0.396875 0.6078703703703704 0.11458333333333333 0.16203703703703703
0 0.22421875 0.8458333333333333 0.09427083333333333 0.23981481481481481
0 0.27239583333333334 0.6129629629629629 0.08229166666666667 0.2037037037037037
0 0.10911458333333333 0.6949074074074074 0.0484375 0.15833333333333333
0 0.0546875 0.44814814814814813 0.04583333333333333 0.10925925925925926
0 0.03333333333333333 0.7157407407407408 0.057291666666666664 0.19814814814814816