6 0.9143229166666667 0.45740740740740743 0.11510416666666666 0.3537037037037037
6 0.8130208333333333 0.4078703703703704 0.096875 0.33055555555555555
6 0.7395833333333334 0.41759259259259257 0.06875 0.22777777777777777
6 0.6994791666666667 0.5643518518518519 0.096875 0.5194444444444445
6 0.4231770833333333 0.586574074074074 0.10677083333333333 0.5787037037037037
6 0.3927083333333333 0.5486111111111112 0.10208333333333333 0.5064814814814815
6 0.20651041666666667 0.5824074074074074 0.08489583333333334 0.5444444444444444
6 0.14296875 0.47453703703703703 0.034895833333333334 0.18796296296296297
0 0.9200520833333333 0.5893518518518519 0.1203125 0.33425925925925926
0 0.7940104166666667 0.5967592592592592 0.17447916666666666 0.4898148148148148
0 0.2760416666666667 0.6907407407407408 0.16875 0.5851851851851851