2 0.9598958333333333 0.5263888888888889 0.078125 0.22685185185185186
2 0.6065104166666667 0.36435185185185187 0.12447916666666667 0.1638888888888889
0 0.07526041666666666 0.6342592592592593 0.08385416666666666 0.18333333333333332
0 0.18541666666666667 0.7189814814814814 0.13958333333333334 0.15833333333333333
0 0.3028645833333333 0.5976851851851852 0.10260416666666666 0.17685185185185184
0 0.4236979166666667 0.7069444444444445 0.1265625 0.2064814814814815
0 0.5205729166666667 0.6865740740740741 0.13802083333333334 0.20092592592592592
6 0.06770833333333333 0.6087962962962963 0.041666666666666664 0.21203703703703702
6 0.16744791666666667 0.6986111111111111 0.0765625 0.27314814814814814
6 0.21927083333333333 0.5550925925925926 0.0375 0.19722222222222222
6 0.2950520833333333 0.5648148148148148 0.05572916666666667 0.2462962962962963
6 0.4127604166666667 0.6791666666666667 0.06822916666666666 0.2490740740740741
6 0.5151041666666667 0.6435185185185185 0.06979166666666667 0.21666666666666667
6 0.5286458333333334 0.25787037037037036 0.025 0.1175925925925926