6 0.271875 0.6282407407407408 0.159375 0.6564814814814814
6 0.396875 0.600925925925926 0.12708333333333333 0.6148148148148148
6 0.34765625 0.5680555555555555 0.0921875 0.4898148148148148
6 0.41796875 0.5370370370370371 0.0671875 0.3907407407407407
6 0.6700520833333333 0.5611111111111111 0.09635416666666667 0.48703703703703705
6 0.7190104166666667 0.42268518518518516 0.08072916666666667 0.25092592592592594
6 0.8072916666666666 0.500462962962963 0.11354166666666667 0.44907407407407407
6 0.7578125 0.37407407407407406 0.025 0.06111111111111111
0 0.17369791666666667 0.6699074074074074 0.1234375 0.5694444444444444
0 0.8455729166666667 0.6449074074074074 0.16510416666666666 0.42314814814814816
0 0.7364583333333333 0.6018518518518519 0.10208333333333333 0.387037037037037
2 0.13776041666666666 0.4837962962962963 0.11614583333333334 0.18981481481481483