0 0.568359 0.368056 0.141406 0.252778
0 0.833594 0.440972 0.092188 0.2375
0 0.961719 0.523611 0.076563 0.233333
0 0.779297 0.303472 0.121094 0.134722
0 0.312109 0.211111 0.053906 0.075
0 0.084766 0.64375 0.082031 0.154167
6 0.071875 0.621528 0.064062 0.2375
6 0.089844 0.529861 0.035937 0.1625
6 0.223438 0.463194 0.046875 0.198611
6 0.199219 0.504167 0.03125 0.161111
6 0.419922 0.409028 0.035156 0.195833
6 0.610156 0.44375 0.045313 0.193056
6 0.778125 0.460417 0.039062 0.204167
6 0.750781 0.445833 0.029687 0.177778