6 0.8005208333333333 0.5421296296296296 0.14791666666666667 0.537962962962963
6 0.65078125 0.5810185185185185 0.07552083333333333 0.5935185185185186
6 0.7018229166666666 0.5675925925925925 0.0796875 0.5222222222222223
6 0.45 0.5782407407407407 0.09895833333333333 0.5694444444444444
6 0.3963541666666667 0.425 0.078125 0.2462962962962963
6 0.33359375 0.5666666666666667 0.1265625 0.5
6 0.12265625 0.611574074074074 0.09010416666666667 0.5675925925925925
6 0.1953125 0.48009259259259257 0.042708333333333334 0.21574074074074073
0 0.22291666666666668 0.649074074074074 0.2 0.5407407407407407
0 0.3125 0.6259259259259259 0.1375 0.35185185185185186
0 0.4015625 0.5962962962962963 0.07395833333333333 0.3055555555555556
0 0.8346354166666666 0.6208333333333333 0.21927083333333333 0.44907407407407407