0 0.319141 0.633333 0.127344 0.191667
0 0.227344 0.54375 0.082813 0.159722
0 0.1375 0.720833 0.123438 0.194444
0 0.068359 0.626389 0.042969 0.113889
0 0.259766 0.24375 0.069531 0.084722
0 0.307813 0.217361 0.045313 0.059722
2 0.465234 0.321528 0.128906 0.176389
2 0.585938 0.4 0.1375 0.191667
2 0.801562 0.453472 0.11875 0.2125
6 0.309375 0.605556 0.045313 0.219444
6 0.291406 0.483333 0.04375 0.180556
6 0.221094 0.509722 0.051562 0.197222
6 0.123047 0.705556 0.064844 0.244444
6 0.085156 0.617361 0.054688 0.209722
6 0.083984 0.502778 0.035156 0.086111
6 0.686328 0.548611 0.060156 0.247222
6 0.899219 0.536111 0.046875 0.188889
6 0.956641 0.426389 0.024219 0.136111
6 0.879297 0.403472 0.028906 0.140278
6 0.848437 0.296528 0.025 0.120833
6 0.860937 0.280556 0.014062 0.116667