6 0.0953125 0.5574074074074075 0.05625 0.18888888888888888
6 0.22786458333333334 0.5259259259259259 0.0328125 0.2111111111111111
6 0.2591145833333333 0.4824074074074074 0.04114583333333333 0.21666666666666667
6 0.5341145833333333 0.25833333333333336 0.025520833333333333 0.1259259259259259
6 0.4921875 0.5541666666666667 0.051041666666666666 0.21574074074074073
6 0.50234375 0.6694444444444444 0.05260416666666667 0.12037037037037036
6 0.5489583333333333 0.5587962962962963 0.06666666666666667 0.1675925925925926
6 0.7388020833333333 0.38564814814814813 0.027604166666666666 0.15092592592592594
6 0.88984375 0.5009259259259259 0.04114583333333333 0.16111111111111112
2 0.8328125 0.43287037037037035 0.09791666666666667 0.20462962962962963
2 0.9661458333333334 0.48009259259259257 0.065625 0.20277777777777778
0 0.24583333333333332 0.575 0.05 0.1537037037037037