6 0.2526041666666667 0.500462962962963 0.03958333333333333 0.20092592592592592
6 0.11979166666666667 0.5726851851851852 0.04375 0.11388888888888889
6 0.10807291666666667 0.65 0.030729166666666665 0.13333333333333333
6 0.07760416666666667 0.6560185185185186 0.034375 0.22685185185185186
6 0.06484375 0.6958333333333333 0.030729166666666665 0.17314814814814813
6 0.525 0.2689814814814815 0.017708333333333333 0.12685185185185185
6 0.76953125 0.5032407407407408 0.03802083333333333 0.18796296296296297
6 0.7526041666666666 0.47129629629629627 0.0375 0.16296296296296298
2 0.8140625 0.45694444444444443 0.10729166666666666 0.2101851851851852
0 0.11354166666666667 0.7125 0.05520833333333333 0.10833333333333334
0 0.23255208333333333 0.5546296296296296 0.0828125 0.14629629629629629