6 0.523047 0.309028 0.033594 0.143056
6 0.737891 0.436111 0.033594 0.147222
6 0.960938 0.575 0.039062 0.177778
6 0.733203 0.305556 0.021094 0.119444
6 0.246094 0.534722 0.048437 0.266667
6 0.209766 0.495833 0.039844 0.155556
6 0.161328 0.685417 0.053906 0.231944
6 0.023047 0.655556 0.046094 0.216667
6 0.071484 0.604861 0.050781 0.201389
0 0.16875 0.716667 0.121875 0.188889
0 0.045313 0.615278 0.082813 0.197222
2 0.464453 0.315278 0.149219 0.172222
2 0.791016 0.452778 0.102344 0.2
2 0.969531 0.500694 0.060938 0.229167