6 0.85 0.4708333333333333 0.027083333333333334 0.1638888888888889
6 0.7341145833333333 0.3990740740740741 0.018229166666666668 0.12037037037037036
6 0.3885416666666667 0.3541666666666667 0.022916666666666665 0.14351851851851852
6 0.35104166666666664 0.34444444444444444 0.015625 0.14629629629629629
6 0.2864583333333333 0.7930555555555555 0.05520833333333333 0.24537037037037038
6 0.26953125 0.5236111111111111 0.04114583333333333 0.20833333333333334
6 0.21015625 0.4930555555555556 0.033854166666666664 0.10648148148148148
6 0.07864583333333333 0.5773148148148148 0.05625 0.16203703703703703
2 0.4674479166666667 0.33287037037037037 0.1484375 0.1787037037037037
2 0.5901041666666667 0.5407407407407407 0.2125 0.2777777777777778
2 0.7018229166666666 0.32037037037037036 0.14739583333333334 0.10740740740740741
2 0.93984375 0.611574074074074 0.11510416666666666 0.287962962962963
0 0.24401041666666667 0.5726851851851852 0.0546875 0.09166666666666666