6 0.05286458333333333 0.5962962962962963 0.1046875 0.6111111111111112
6 0.23333333333333334 0.4222222222222222 0.03229166666666667 0.12222222222222222
6 0.3190104166666667 0.6291666666666667 0.13697916666666668 0.6157407407407407
6 0.42109375 0.5791666666666667 0.08177083333333333 0.5027777777777778
6 0.36770833333333336 0.4412037037037037 0.06458333333333334 0.275
6 0.40598958333333335 0.38425925925925924 0.0515625 0.1814814814814815
6 0.7395833333333334 0.6097222222222223 0.13020833333333334 0.7212962962962963
6 0.9354166666666667 0.4703703703703704 0.08645833333333333 0.3055555555555556
6 0.865625 0.44722222222222224 0.051041666666666666 0.2518518518518518
6 0.81953125 0.4111111111111111 0.12135416666666667 0.2740740740740741
6 0.6447916666666667 0.43194444444444446 0.09791666666666667 0.27314814814814814
6 0.62109375 0.38796296296296295 0.04114583333333333 0.15
0 0.23671875 0.7101851851851851 0.26197916666666665 0.4722222222222222
0 0.6799479166666667 0.7430555555555556 0.2630208333333333 0.47685185185185186
0 0.8333333333333334 0.6361111111111111 0.121875 0.4462962962962963
2 0.165625 0.5138888888888888 0.23333333333333334 0.34444444444444444