6 0.5388020833333333 0.36527777777777776 0.030729166666666665 0.14351851851851852
6 0.41354166666666664 0.2828703703703704 0.021875 0.11574074074074074
6 0.2953125 0.6907407407407408 0.06770833333333333 0.24814814814814815
6 0.32734375 0.5912037037037037 0.05260416666666667 0.20277777777777778
6 0.43020833333333336 0.6273148148148148 0.04583333333333333 0.24537037037037038
6 0.4544270833333333 0.6402777777777777 0.043229166666666666 0.2324074074074074
6 0.4869791666666667 0.6361111111111111 0.057291666666666664 0.20555555555555555
6 0.225 0.5462962962962963 0.05520833333333333 0.21481481481481482
6 0.8338541666666667 0.36527777777777776 0.020833333333333332 0.15833333333333333
2 0.6130208333333333 0.3611111111111111 0.121875 0.18703703703703703
0 0.44505208333333335 0.6662037037037037 0.1203125 0.16203703703703703
0 0.36015625 0.6527777777777778 0.0671875 0.12037037037037036
0 0.33984375 0.7069444444444445 0.07552083333333333 0.14722222222222223
0 0.24739583333333334 0.5615740740740741 0.035416666666666666 0.10092592592592593