6 0.22630208333333332 0.5421296296296296 0.0578125 0.20092592592592592
6 0.2950520833333333 0.6949074074074074 0.058854166666666666 0.2324074074074074
6 0.33307291666666666 0.5722222222222222 0.049479166666666664 0.14444444444444443
6 0.42942708333333335 0.638425925925926 0.0546875 0.22685185185185186
6 0.45651041666666664 0.6268518518518519 0.04739583333333333 0.1962962962962963
6 0.48463541666666665 0.6453703703703704 0.059895833333333336 0.2074074074074074
6 0.5354166666666667 0.3675925925925926 0.029166666666666667 0.1388888888888889
6 0.42552083333333335 0.28425925925925927 0.021875 0.1259259259259259
6 0.8322916666666667 0.3578703703703704 0.022916666666666665 0.14166666666666666
2 0.615625 0.37592592592592594 0.128125 0.17962962962962964
2 0.8208333333333333 0.325 0.16979166666666667 0.1685185185185185
0 0.3177083333333333 0.7037037037037037 0.11458333333333333 0.14444444444444443
0 0.359375 0.65 0.071875 0.1111111111111111
0 0.44635416666666666 0.6805555555555556 0.11666666666666667 0.15925925925925927