6 0.6145833333333334 0.4134259259259259 0.03229166666666667 0.16203703703703703
6 0.6528645833333333 0.4041666666666667 0.0546875 0.22314814814814815
6 0.68984375 0.575 0.10885416666666667 0.5333333333333333
6 0.8067708333333333 0.5375 0.16458333333333333 0.5509259259259259
6 0.95625 0.5407407407407407 0.08125 0.5
6 0.44479166666666664 0.5912037037037037 0.09791666666666667 0.5657407407407408
6 0.3302083333333333 0.562962962962963 0.140625 0.5166666666666667
6 0.11848958333333333 0.6032407407407407 0.09114583333333333 0.5935185185185186
6 0.15416666666666667 0.49537037037037035 0.052083333333333336 0.23333333333333334
0 0.8455729166666667 0.6439814814814815 0.19114583333333332 0.4083333333333333
0 0.22057291666666667 0.6467592592592593 0.2046875 0.5509259259259259
0 0.31588541666666664 0.5925925925925926 0.1234375 0.34444444444444444