6 0.09036458333333333 0.6337962962962963 0.050520833333333334 0.22314814814814815
6 0.10598958333333333 0.5773148148148148 0.0515625 0.18796296296296297
6 0.03125 0.6763888888888889 0.057291666666666664 0.23796296296296296
6 0.22864583333333333 0.8166666666666667 0.059375 0.2074074074074074
6 0.20625 0.8115740740740741 0.03958333333333333 0.2601851851851852
6 0.24895833333333334 0.5421296296296296 0.05 0.2175925925925926
6 0.3997395833333333 0.6041666666666666 0.0546875 0.21203703703703702
6 0.3268229166666667 0.39675925925925926 0.0328125 0.17685185185185184
6 0.7888020833333333 0.35185185185185186 0.0265625 0.13518518518518519
6 0.74375 0.3541666666666667 0.030208333333333334 0.13055555555555556
2 0.96484375 0.5125 0.06822916666666666 0.2064814814814815
2 0.6059895833333333 0.3574074074074074 0.11197916666666667 0.19814814814814816
0 0.0328125 0.7277777777777777 0.046875 0.17037037037037037
0 0.05416666666666667 0.41944444444444445 0.030208333333333334 0.0962962962962963
0 0.10338541666666666 0.6851851851851852 0.04635416666666667 0.17777777777777778
0 0.22786458333333334 0.8634259259259259 0.09322916666666667 0.16574074074074074
0 0.24973958333333332 0.5662037037037037 0.07552083333333333 0.175
0 0.38619791666666664 0.6268518518518519 0.11822916666666666 0.17037037037037037