6 0.85390625 0.5518518518518518 0.13802083333333334 0.5611111111111111
6 0.7723958333333333 0.5064814814814815 0.10625 0.46111111111111114
6 0.6799479166666667 0.39305555555555555 0.07239583333333334 0.20092592592592592
6 0.640625 0.6731481481481482 0.19270833333333334 0.6407407407407407
6 0.37552083333333336 0.45740740740740743 0.10416666666666667 0.36666666666666664
6 0.22630208333333332 0.5574074074074075 0.05572916666666667 0.44074074074074077
6 0.41770833333333335 0.4634259259259259 0.07083333333333333 0.30648148148148147
0 0.10130208333333333 0.6439814814814815 0.15572916666666667 0.4601851851851852
0 0.27265625 0.6203703703703703 0.16510416666666666 0.575925925925926
0 0.5442708333333334 0.7407407407407407 0.375 0.4925925925925926
0 0.7888020833333333 0.6185185185185185 0.16302083333333334 0.4148148148148148
6 0.8348958333333333 0.33425925925925926 0.32083333333333336 0.6462962962962963
2 0.13411458333333334 0.4550925925925926 0.1015625 0.175