6 0.33229166666666665 0.6069444444444444 0.05416666666666667 0.23796296296296296
6 0.5018229166666667 0.6972222222222222 0.07239583333333334 0.23148148148148148
6 0.6583333333333333 0.8791666666666667 0.05416666666666667 0.225
6 0.68359375 0.7907407407407407 0.03697916666666667 0.17962962962962964
6 0.7322916666666667 0.39166666666666666 0.028125 0.14444444444444443
6 0.38177083333333334 0.32916666666666666 0.03854166666666667 0.1638888888888889
6 0.40390625 0.2865740740740741 0.018229166666666668 0.12314814814814815
2 0.46875 0.32685185185185184 0.12291666666666666 0.1814814814814815
2 0.6005208333333333 0.37175925925925923 0.14791666666666667 0.175
2 0.8216145833333334 0.43425925925925923 0.10989583333333333 0.1814814814814815
2 0.9567708333333333 0.47314814814814815 0.084375 0.2037037037037037
0 0.34739583333333335 0.6560185185185186 0.10625 0.1527777777777778
0 0.5041666666666667 0.7717592592592593 0.14895833333333333 0.175
0 0.6661458333333333 0.8814814814814815 0.16770833333333332 0.19074074074074074