2 0.94765625 0.5092592592592593 0.10260416666666666 0.20185185185185187
2 0.8192708333333333 0.43287037037037035 0.10625 0.2175925925925926
2 0.43854166666666666 0.35324074074074074 0.13333333333333333 0.18981481481481483
0 0.32890625 0.5782407407407407 0.1078125 0.14537037037037037
0 0.2203125 0.5476851851851852 0.071875 0.13796296296296295
0 0.17916666666666667 0.2962962962962963 0.06770833333333333 0.07222222222222222
6 0.07708333333333334 0.5680555555555555 0.05520833333333333 0.20092592592592592
6 0.20390625 0.4875 0.04010416666666667 0.175
6 0.32265625 0.5347222222222222 0.0453125 0.22870370370370371
6 0.35234375 0.537962962962963 0.04739583333333333 0.18333333333333332
6 0.5252604166666667 0.2601851851851852 0.028645833333333332 0.12222222222222222
6 0.7268229166666667 0.4351851851851852 0.0359375 0.17037037037037037
6 0.7653645833333333 0.44212962962962965 0.03802083333333333 0.18796296296296297