0 0.198121 0.788615 0.097656 0.226389
0 0.117576 0.736515 0.053125 0.123611
0 0.271098 0.594679 0.051562 0.113889
6 0.250649 0.533949 0.046094 0.2125
6 0.200402 0.770891 0.061719 0.191667
6 0.641772 0.404983 0.027344 0.126389
2 0.61111 0.354808 0.119531 0.197222
2 0.972689 0.519222 0.076563 0.211111
0 0.397876 0.70149 0.148438 0.166667
0 0.316111 0.595647 0.049219 0.116667
6 0.35721 0.552021 0.050781 0.170833
6 0.399365 0.653395 0.046875 0.251389
0 0.028196 0.729468 0.049219 0.1375
6 0.193691 0.491599 0.0375 0.133333
6 0.093183 0.632025 0.051562 0.2125
6 0.733374 0.387184 0.035937 0.136111
2 0.963672 0.813889 0.072656 0.269444