6 0.31796875 0.6027777777777777 0.04010416666666667 0.23148148148148148
6 0.3458333333333333 0.5921296296296297 0.040625 0.19722222222222222
6 0.45364583333333336 0.6587962962962963 0.06666666666666667 0.24722222222222223
6 0.5942708333333333 0.7824074074074074 0.06666666666666667 0.2611111111111111
6 0.62734375 0.3939814814814815 0.04010416666666667 0.1787037037037037
6 0.73203125 0.40925925925925927 0.022395833333333334 0.1574074074074074
6 0.7583333333333333 0.4097222222222222 0.030208333333333334 0.1675925925925926
6 0.25364583333333335 0.5023148148148148 0.027083333333333334 0.18796296296296297
6 0.221875 0.5407407407407407 0.05 0.2037037037037037
2 0.8111979166666666 0.4537037037037037 0.09427083333333333 0.20185185185185187
0 0.59921875 0.7847222222222222 0.14947916666666666 0.2361111111111111
0 0.4622395833333333 0.6851851851851852 0.11927083333333334 0.17222222222222222
0 0.3307291666666667 0.638425925925926 0.10625 0.19166666666666668