6 0.5528645833333333 0.575925925925926 0.049479166666666664 0.22407407407407406
6 0.63125 0.44814814814814813 0.026041666666666668 0.16666666666666666
6 0.9440104166666666 0.5574074074074075 0.0421875 0.1962962962962963
6 0.7330729166666666 0.37407407407407406 0.024479166666666666 0.12222222222222222
6 0.8283854166666667 0.35462962962962963 0.0203125 0.12222222222222222
6 0.31171875 0.8388888888888889 0.058854166666666666 0.16111111111111112
6 0.06588541666666667 0.6527777777777778 0.043229166666666666 0.22962962962962963
6 0.07447916666666667 0.5356481481481481 0.03854166666666667 0.12685185185185185
2 0.9770833333333333 0.5138888888888888 0.04375 0.2
4 0.5734375 0.25277777777777777 0.253125 0.3
0 0.06744791666666666 0.6861111111111111 0.09739583333333333 0.1574074074074074