2 0.6338541666666667 0.3226851851851852 0.0875 0.14722222222222223
0 0.38515625 0.7532407407407408 0.17864583333333334 0.20277777777777778
0 0.15911458333333334 0.7421296296296296 0.11927083333333334 0.18055555555555555
0 0.07213541666666666 0.6699074074074074 0.0703125 0.14722222222222223
6 0.47291666666666665 0.2550925925925926 0.020833333333333332 0.11203703703703703
6 0.41640625 0.27824074074074073 0.025520833333333333 0.12685185185185185
6 0.15078125 0.7189814814814814 0.0484375 0.24537037037037038
6 0.10078125 0.5643518518518519 0.03802083333333333 0.1787037037037037
6 0.06171875 0.6217592592592592 0.04010416666666667 0.23796296296296296
6 0.3729166666666667 0.7231481481481481 0.078125 0.27037037037037037
6 0.7950520833333333 0.39675925925925926 0.0296875 0.14166666666666666
6 0.76640625 0.37407407407407406 0.022395833333333334 0.14444444444444443
6 0.7442708333333333 0.37916666666666665 0.019791666666666666 0.14166666666666666