6 0.8338541666666667 0.39675925925925926 0.11666666666666667 0.2601851851851852
6 0.73125 0.5726851851851852 0.13125 0.5416666666666666
6 0.6721354166666667 0.5328703703703703 0.07760416666666667 0.44537037037037036
6 0.6283854166666667 0.4078703703703704 0.05260416666666667 0.14537037037037037
6 0.40677083333333336 0.5194444444444445 0.10625 0.4388888888888889
6 0.44479166666666664 0.4986111111111111 0.06770833333333333 0.3490740740740741
6 0.28489583333333335 0.6060185185185185 0.10416666666666667 0.5657407407407408
6 0.34322916666666664 0.562962962962963 0.10104166666666667 0.5037037037037037
6 0.1046875 0.6101851851851852 0.09895833333333333 0.5722222222222222
6 0.23046875 0.47314814814814815 0.0421875 0.19814814814814816
0 0.18463541666666666 0.6763888888888889 0.13385416666666666 0.5009259259259259
0 0.3359375 0.5990740740740741 0.07291666666666667 0.37592592592592594
0 0.41354166666666664 0.5925925925925926 0.10625 0.3314814814814815
0 0.8658854166666666 0.6319444444444444 0.18177083333333333 0.4324074074074074
0 0.6619791666666667 0.5625 0.10104166666666667 0.3212962962962963