6 0.759375 0.4699074074074074 0.035416666666666666 0.16203703703703703
6 0.37552083333333336 0.40694444444444444 0.029166666666666667 0.16203703703703703
6 0.40963541666666664 0.3662037037037037 0.019270833333333334 0.1638888888888889
6 0.24114583333333334 0.5412037037037037 0.034375 0.23425925925925925
6 0.19739583333333333 0.49398148148148147 0.025 0.12129629629629629
6 0.1515625 0.7356481481481482 0.059375 0.23796296296296296
6 0.1765625 0.65 0.041666666666666664 0.13703703703703704
6 0.06484375 0.6523148148148148 0.0484375 0.2064814814814815
6 0.08359375 0.5486111111111112 0.0328125 0.13055555555555556
2 0.83359375 0.4689814814814815 0.10989583333333333 0.21944444444444444
2 0.48854166666666665 0.33287037037037037 0.140625 0.16203703703703703
0 0.20755208333333333 0.7569444444444444 0.07239583333333334 0.11203703703703703
0 0.10234375 0.6787037037037037 0.04114583333333333 0.11481481481481481