6 0.2828125 0.5300925925925926 0.034375 0.21203703703703702
6 0.39453125 0.3597222222222222 0.033854166666666664 0.1638888888888889
6 0.37005208333333334 0.3148148148148148 0.024479166666666666 0.11851851851851852
6 0.5596354166666667 0.3685185185185185 0.028645833333333332 0.14074074074074075
6 0.2942708333333333 0.7648148148148148 0.065625 0.24444444444444444
6 0.06979166666666667 0.6699074074074074 0.05625 0.225
6 0.09322916666666667 0.5791666666666667 0.0375 0.18796296296296297
6 0.7325520833333333 0.44166666666666665 0.0234375 0.17407407407407408
2 0.5026041666666666 0.3282407407407407 0.14270833333333333 0.18796296296296297
2 0.9604166666666667 0.5347222222222222 0.07708333333333334 0.21574074074074073
0 0.30833333333333335 0.7944444444444444 0.153125 0.1814814814814815
0 0.22005208333333334 0.5254629629629629 0.0609375 0.14166666666666666
0 0.0828125 0.6782407407407407 0.09583333333333334 0.125