6 0.19583333333333333 0.4898148148148148 0.023958333333333335 0.1259259259259259
6 0.23463541666666668 0.5254629629629629 0.03177083333333333 0.19907407407407407
6 0.315625 0.5976851851851852 0.03958333333333333 0.25462962962962965
6 0.46588541666666666 0.6884259259259259 0.0578125 0.2712962962962963
6 0.4903645833333333 0.9166666666666666 0.0703125 0.15
6 0.6520833333333333 0.8041666666666667 0.06666666666666667 0.287962962962963
6 0.8375 0.8444444444444444 0.07083333333333333 0.2462962962962963
6 0.8778645833333333 0.8236111111111111 0.04635416666666667 0.25277777777777777
6 0.7703125 0.3523148148148148 0.019791666666666666 0.12685185185185185
6 0.5067708333333333 0.2601851851851852 0.021875 0.0962962962962963
2 0.95703125 0.5138888888888888 0.0828125 0.2
2 0.8049479166666667 0.47129629629629627 0.09114583333333333 0.19444444444444445
0 0.32135416666666666 0.6444444444444445 0.11770833333333333 0.16111111111111112
0 0.46953125 0.7092592592592593 0.14427083333333332 0.2111111111111111
0 0.6375 0.8226851851851852 0.18125 0.1935185185185185