6 0.062239583333333334 0.6583333333333333 0.0359375 0.23148148148148148
6 0.09713541666666667 0.587037037037037 0.033854166666666664 0.18518518518518517
6 0.24010416666666667 0.5282407407407408 0.04375 0.21203703703703702
6 0.20963541666666666 0.48518518518518516 0.021354166666666667 0.1388888888888889
6 0.7403645833333333 0.38472222222222224 0.024479166666666666 0.1398148148148148
6 0.7598958333333333 0.36435185185185187 0.016666666666666666 0.15092592592592594
2 0.8708333333333333 0.6185185185185185 0.20104166666666667 0.2759259259259259
2 0.8354166666666667 0.3888888888888889 0.10625 0.16111111111111112
2 0.6018229166666667 0.3675925925925926 0.12447916666666667 0.17037037037037037
2 0.4700520833333333 0.32407407407407407 0.13489583333333333 0.17962962962962964
0 0.07890625 0.6962962962962963 0.0984375 0.15