0 0.2875 0.729861 0.153125 0.201389
0 0.31875 0.625 0.13125 0.180556
0 0.225391 0.530556 0.088281 0.175
0 0.089453 0.651389 0.105469 0.169444
6 0.073047 0.622917 0.072656 0.226389
6 0.162109 0.609028 0.069531 0.276389
6 0.284375 0.702083 0.057813 0.265278
6 0.301562 0.549306 0.070312 0.173611
6 0.218359 0.507639 0.046094 0.209722
6 0.108984 0.527778 0.041406 0.127778
6 0.062109 0.426389 0.036719 0.172222
6 0.725391 0.490278 0.038281 0.180556
6 0.784766 0.482639 0.041406 0.195833
6 0.871484 0.370833 0.024219 0.141667
6 0.841797 0.315278 0.024219 0.063889
6 0.852344 0.261806 0.021875 0.070833
6 0.494922 0.202083 0.025781 0.098611
6 0.407813 0.159722 0.023438 0.091667
2 0.81875 0.431944 0.096875 0.211111
2 0.966797 0.50625 0.066406 0.226389