6 0.07630208333333334 0.512962962962963 0.04739583333333333 0.24259259259259258
6 0.18697916666666667 0.48657407407407405 0.03854166666666667 0.20833333333333334
6 0.31536458333333334 0.55 0.1203125 0.512962962962963
6 0.4088541666666667 0.6 0.0875 0.45740740740740743
6 0.37916666666666665 0.42083333333333334 0.058333333333333334 0.225
6 0.7533854166666667 0.5712962962962963 0.11197916666666667 0.5092592592592593
6 0.8200520833333333 0.5268518518518519 0.1171875 0.5277777777777778
6 0.9231770833333334 0.44583333333333336 0.05677083333333333 0.27870370370370373
6 0.6625 0.4393518518518518 0.027083333333333334 0.16203703703703703
0 0.290625 0.6398148148148148 0.159375 0.42592592592592593
0 0.87421875 0.6166666666666667 0.19114583333333332 0.43703703703703706