6 0.7559895833333333 0.4527777777777778 0.03802083333333333 0.1537037037037037
6 0.896875 0.44166666666666665 0.0375 0.16111111111111112
6 0.40338541666666666 0.3194444444444444 0.03177083333333333 0.16111111111111112
6 0.22135416666666666 0.7277777777777777 0.08854166666666667 0.22777777777777777
6 0.25234375 0.49166666666666664 0.0484375 0.1962962962962963
6 0.09557291666666666 0.5652777777777778 0.0359375 0.19907407407407407
6 0.039322916666666666 0.5888888888888889 0.0515625 0.2037037037037037
2 0.81640625 0.4615740740740741 0.11197916666666667 0.2175925925925926
2 0.9653645833333333 0.4986111111111111 0.0671875 0.22314814814814815
2 0.5986979166666667 0.6032407407407407 0.21927083333333333 0.3194444444444444
2 0.6135416666666667 0.36898148148148147 0.11354166666666667 0.17685185185185184
2 0.48098958333333336 0.30972222222222223 0.14947916666666666 0.1638888888888889
0 0.23671875 0.7694444444444445 0.15052083333333333 0.16111111111111112
0 0.22994791666666667 0.5574074074074075 0.08072916666666667 0.1388888888888889
0 0.04583333333333333 0.6101851851851852 0.08333333333333333 0.17037037037037037