6 0.01875 0.5375 0.03333333333333333 0.1787037037037037
6 0.03229166666666667 0.6828703703703703 0.04791666666666667 0.24166666666666667
6 0.21432291666666667 0.48194444444444445 0.03802083333333333 0.17314814814814813
6 0.22760416666666666 0.4393518518518518 0.036458333333333336 0.16574074074074074
6 0.30026041666666664 0.5958333333333333 0.0453125 0.2601851851851852
6 0.4088541666666667 0.7592592592592593 0.07291666666666667 0.25555555555555554
6 0.22734375 0.8379629629629629 0.10052083333333334 0.24259259259259258
6 0.15572916666666667 0.8328703703703704 0.08229166666666667 0.2361111111111111
6 0.8375 0.48842592592592593 0.030208333333333334 0.1638888888888889
6 0.8955729166666667 0.5888888888888889 0.043229166666666666 0.15925925925925927
6 0.9484375 0.600925925925926 0.04375 0.14814814814814814
2 0.8450520833333334 0.8263888888888888 0.3078125 0.33611111111111114
0 0.034895833333333334 0.6990740740740741 0.06041666666666667 0.24444444444444444
0 0.22265625 0.5370370370370371 0.06822916666666666 0.17222222222222222
0 0.3182291666666667 0.6060185185185185 0.09895833333333333 0.1638888888888889
0 0.41328125 0.7754629629629629 0.16302083333333334 0.20462962962962963
0 0.18567708333333333 0.8856481481481482 0.1296875 0.20277777777777778