6 0.31744791666666666 0.5555555555555556 0.050520833333333334 0.16111111111111112
6 0.29192708333333334 0.5541666666666667 0.033854166666666664 0.17685185185185184
6 0.10546875 0.5657407407407408 0.0328125 0.20925925925925926
6 0.37005208333333334 0.3337962962962963 0.0328125 0.1638888888888889
6 0.39791666666666664 0.325 0.028125 0.13703703703703704
6 0.7364583333333333 0.38564814814814813 0.03125 0.13796296296296295
2 0.8234375 0.7148148148148148 0.23645833333333333 0.362962962962963
2 0.8424479166666666 0.4532407407407407 0.1078125 0.20277777777777778
2 0.62109375 0.3574074074074074 0.11302083333333333 0.17222222222222222
2 0.46979166666666666 0.32592592592592595 0.13125 0.16666666666666666
0 0.3046875 0.5944444444444444 0.09895833333333333 0.17962962962962964