2 0.485547 0.315972 0.142969 0.159722
2 0.585547 0.397222 0.119531 0.194444
2 0.814844 0.442361 0.09375 0.206944
2 0.966406 0.50625 0.067188 0.2125
0 0.415234 0.697222 0.128906 0.163889
0 0.326953 0.584722 0.099219 0.155556
0 0.224219 0.538194 0.085938 0.1625
0 0.305078 0.216667 0.039844 0.077778
0 0.212109 0.721528 0.141406 0.206944
0 0.084375 0.657639 0.1 0.176389
6 0.194531 0.84375 0.096875 0.273611
6 0.395703 0.674306 0.047656 0.273611
6 0.871484 0.60625 0.050781 0.265278
6 0.585156 0.475694 0.046875 0.1875
6 0.760547 0.359028 0.033594 0.1375
6 0.326172 0.569444 0.055469 0.227778
6 0.324219 0.417361 0.04375 0.154167
6 0.298828 0.415972 0.036719 0.1875
6 0.219141 0.507639 0.039844 0.201389
6 0.194531 0.704861 0.0625 0.251389
6 0.08125 0.65 0.0625 0.233333
6 0.037891 0.518056 0.047656 0.130556
6 0.089844 0.502778 0.04375 0.091667