0 0.435547 0.713194 0.142969 0.215278
0 0.071094 0.647917 0.089062 0.148611
6 0.069141 0.611806 0.050781 0.231944
6 0.426172 0.65625 0.078906 0.209722
6 0.876562 0.6125 0.05 0.219444
6 0.423438 0.359028 0.042188 0.173611
6 0.381641 0.334028 0.033594 0.1375
6 0.762891 0.459722 0.022656 0.15
6 0.735547 0.3875 0.033594 0.158333
2 0.473437 0.318056 0.123438 0.163889
2 0.540625 0.457639 0.129688 0.229167
2 0.965234 0.715972 0.069531 0.2375
2 0.972266 0.507639 0.055469 0.193056
2 0.817187 0.449306 0.101562 0.206944
2 0.801562 0.313194 0.151562 0.1375