0 0.220316 0.71115 0.148438 0.191667
0 0.257049 0.571498 0.048437 0.095833
0 0.142192 0.327078 0.0375 0.0875
0 0.009781 0.573844 0.01875 0.0875
6 0.211326 0.665295 0.083594 0.219444
6 0.225173 0.506503 0.05 0.15
6 0.057562 0.669892 0.049219 0.2125
6 0.025416 0.502077 0.038281 0.170833
6 0.763722 0.490396 0.038281 0.194444
6 0.931243 0.528475 0.035937 0.145833
2 0.607032 0.34502 0.126563 0.1875
2 0.822773 0.447099 0.109375 0.208333
2 0.961355 0.516585 0.077344 0.225
0 0.102344 0.675 0.035937 0.127778