2 0.6203125 0.3476851851851852 0.10520833333333333 0.16203703703703703
0 0.3807291666666667 0.75 0.171875 0.1962962962962963
0 0.15885416666666666 0.7425925925925926 0.12083333333333333 0.1925925925925926
0 0.07135416666666666 0.6796296296296296 0.08645833333333333 0.1648148148148148
6 0.4557291666666667 0.25555555555555554 0.027083333333333334 0.10925925925925926
6 0.41848958333333336 0.2833333333333333 0.028645833333333332 0.13333333333333333
6 0.37421875 0.7148148148148148 0.0734375 0.27037037037037037
6 0.15416666666666667 0.7180555555555556 0.05 0.2601851851851852
6 0.09453125 0.5583333333333333 0.04739583333333333 0.17222222222222222
6 0.06458333333333334 0.625 0.052083333333333336 0.2351851851851852
6 0.83359375 0.3972222222222222 0.0359375 0.13703703703703704
6 0.7708333333333334 0.3736111111111111 0.03125 0.1398148148148148
6 0.7416666666666667 0.3888888888888889 0.025 0.14444444444444443