6 0.05364583333333333 0.5106481481481482 0.052083333333333336 0.3212962962962963
6 0.13411458333333334 0.4875 0.04635416666666667 0.2175925925925926
6 0.29739583333333336 0.4375 0.10104166666666667 0.27870370370370373
6 0.36614583333333334 0.575925925925926 0.06875 0.512962962962963
6 0.41848958333333336 0.5148148148148148 0.0796875 0.4351851851851852
6 0.7106770833333333 0.562037037037037 0.09427083333333333 0.5148148148148148
6 0.7830729166666667 0.4111111111111111 0.0828125 0.2574074074074074
0 0.2799479166666667 0.6393518518518518 0.12864583333333332 0.4305555555555556
0 0.4153645833333333 0.6087962962962963 0.06302083333333333 0.31203703703703706
0 0.8158854166666667 0.6240740740740741 0.17864583333333334 0.3685185185185185
0 0.6364583333333333 0.600925925925926 0.065625 0.32407407407407407