6 0.9294270833333333 0.5587962962962963 0.03802083333333333 0.1638888888888889
6 0.7341145833333333 0.38472222222222224 0.0296875 0.14351851851851852
6 0.7721354166666666 0.2712962962962963 0.021354166666666667 0.12222222222222222
6 0.7872395833333333 0.2449074074074074 0.022395833333333334 0.11388888888888889
6 0.54296875 0.6726851851851852 0.049479166666666664 0.12685185185185185
6 0.5078125 0.6162037037037037 0.034375 0.10462962962962963
6 0.21796875 0.475462962962963 0.0515625 0.15092592592592594
6 0.1125 0.6083333333333333 0.042708333333333334 0.2074074074074074
6 0.030729166666666665 0.625 0.03958333333333333 0.2222222222222222
2 0.28515625 0.26666666666666666 0.07552083333333333 0.13518518518518519
2 0.4778645833333333 0.2962962962962963 0.13697916666666668 0.1685185185185185
2 0.9627604166666667 0.4930555555555556 0.07239583333333334 0.21944444444444444
0 0.06614583333333333 0.6486111111111111 0.06354166666666666 0.11574074074074074
0 0.22395833333333334 0.5564814814814815 0.06458333333333334 0.13703703703703704