2 0.965625 0.538889 0.06875 0.230556
2 0.829687 0.450694 0.107813 0.215278
2 0.610937 0.361111 0.13125 0.191667
2 0.478906 0.311111 0.121875 0.169444
0 0.204297 0.520833 0.041406 0.116667
6 0.760938 0.478472 0.045313 0.201389
6 0.527734 0.344444 0.032031 0.152778
6 0.408984 0.298611 0.025781 0.116667
6 0.901563 0.882639 0.123438 0.220833
6 0.609766 0.606944 0.033594 0.188889
6 0.573828 0.636806 0.069531 0.226389
6 0.516016 0.720139 0.069531 0.251389
6 0.462109 0.51875 0.047656 0.209722
6 0.23125 0.48125 0.035937 0.218056