6 0.06171875 0.5111111111111111 0.05364583333333333 0.24444444444444444
6 0.18255208333333334 0.47685185185185186 0.0515625 0.18333333333333332
6 0.3109375 0.41435185185185186 0.13333333333333333 0.225
6 0.40625 0.40879629629629627 0.05416666666666667 0.16944444444444445
6 0.47421875 0.5976851851851852 0.1734375 0.787962962962963
6 0.6270833333333333 0.6152777777777778 0.128125 0.7490740740740741
6 0.8213541666666667 0.5212962962962963 0.13229166666666667 0.5833333333333334
0 0.8528645833333334 0.612037037037037 0.22447916666666667 0.4462962962962963
0 0.2908854166666667 0.5365740740740741 0.15052083333333333 0.25462962962962965
0 0.40703125 0.7675925925925926 0.6651041666666667 0.45185185185185184
2 0.7223958333333333 0.4375 0.07083333333333333 0.15648148148148147