2 0.960547 0.513194 0.078906 0.226389
2 0.599609 0.352083 0.141406 0.215278
6 0.736328 0.378472 0.024219 0.1625
6 0.511328 0.355556 0.032031 0.152778
6 0.412891 0.1625 0.017969 0.091667
6 0.347656 0.611806 0.060938 0.234722
6 0.203516 0.810417 0.083594 0.290278
6 0.044141 0.631944 0.044531 0.230556
6 0.183594 0.626389 0.054688 0.197222
6 0.232422 0.514583 0.041406 0.201389
0 0.223047 0.807639 0.158594 0.159722
0 0.35625 0.638889 0.11875 0.194444
0 0.239063 0.545833 0.082813 0.166667
0 0.080078 0.675694 0.058594 0.134722
0 0.05625 0.470139 0.0625 0.120833
0 0.019141 0.3875 0.038281 0.125