6 0.759375 0.4675925925925926 0.03333333333333333 0.17037037037037037
6 0.77109375 0.4263888888888889 0.034895833333333334 0.16944444444444445
6 0.41484375 0.7092592592592593 0.06927083333333334 0.22037037037037038
6 0.33203125 0.6 0.0609375 0.22037037037037038
6 0.22395833333333334 0.6796296296296296 0.065625 0.28703703703703703
6 0.215625 0.49537037037037035 0.04479166666666667 0.09814814814814815
6 0.2609375 0.5060185185185185 0.041666666666666664 0.20277777777777778
6 0.10234375 0.6523148148148148 0.027604166666666666 0.14537037037037037
6 0.06666666666666667 0.6569444444444444 0.05625 0.23425925925925925
6 0.09036458333333333 0.5402777777777777 0.0328125 0.1175925925925926
6 0.38046875 0.33425925925925926 0.0328125 0.1574074074074074
2 0.8171875 0.4601851851851852 0.10416666666666667 0.18888888888888888
2 0.4671875 0.3277777777777778 0.13958333333333334 0.1574074074074074
0 0.21953125 0.7291666666666666 0.1484375 0.1638888888888889
0 0.4166666666666667 0.7810185185185186 0.146875 0.18981481481481483
0 0.33046875 0.6439814814814815 0.09427083333333333 0.13796296296296295
0 0.24270833333333333 0.5666666666666667 0.04895833333333333 0.10925925925925926
0 0.11588541666666667 0.7069444444444445 0.044270833333333336 0.11944444444444445