6 0.20130208333333333 0.6546296296296297 0.05260416666666667 0.22962962962962963
6 0.221875 0.5041666666666667 0.04375 0.19907407407407407
6 0.28229166666666666 0.47453703703703703 0.03125 0.18425925925925926
6 0.5653645833333333 0.6712962962962963 0.0671875 0.2833333333333333
6 0.30442708333333335 0.8486111111111111 0.0484375 0.15092592592592594
6 0.7005208333333334 0.7615740740740741 0.07395833333333333 0.20833333333333334
6 0.7317708333333334 0.39675925925925926 0.03229166666666667 0.16018518518518518
2 0.96015625 0.5351851851851852 0.07760416666666667 0.21851851851851853
4 0.5755208333333334 0.24861111111111112 0.2625 0.30277777777777776
0 0.22604166666666667 0.5407407407407407 0.071875 0.15555555555555556
0 0.8390625 0.31527777777777777 0.06666666666666667 0.06944444444444445