6 0.828125 0.35648148148148145 0.029166666666666667 0.15185185185185185
6 0.5393229166666667 0.2611111111111111 0.021354166666666667 0.12407407407407407
6 0.34348958333333335 0.6865740740740741 0.050520833333333334 0.23981481481481481
6 0.30104166666666665 0.5069444444444444 0.030208333333333334 0.1527777777777778
6 0.25755208333333335 0.5662037037037037 0.058854166666666666 0.2175925925925926
6 0.20338541666666668 0.4513888888888889 0.03697916666666667 0.10277777777777777
6 0.08541666666666667 0.5824074074074074 0.03333333333333333 0.17592592592592593
6 0.045572916666666664 0.6351851851851852 0.044270833333333336 0.22037037037037038
6 0.013802083333333333 0.6513888888888889 0.0265625 0.175
2 0.9598958333333333 0.5226851851851851 0.07708333333333334 0.2101851851851852
2 0.6010416666666667 0.37546296296296294 0.128125 0.17685185185185184
0 0.07916666666666666 0.6601851851851852 0.04895833333333333 0.10555555555555556
0 0.2708333333333333 0.6162037037037037 0.10416666666666667 0.1361111111111111