6 0.44088541666666664 0.6925925925925925 0.0953125 0.21481481481481482
6 0.42421875 0.5916666666666667 0.0390625 0.1111111111111111
6 0.38359375 0.662962962962963 0.0515625 0.24259259259259258
6 0.24166666666666667 0.538425925925926 0.057291666666666664 0.18981481481481483
6 0.11067708333333333 0.5912037037037037 0.0546875 0.1935185185185185
6 0.040364583333333336 0.6319444444444444 0.04739583333333333 0.22685185185185186
6 0.5302083333333333 0.2638888888888889 0.01875 0.13333333333333333
6 0.7403645833333333 0.41203703703703703 0.044270833333333336 0.1425925925925926
2 0.5919270833333333 0.37407407407407406 0.13697916666666668 0.1962962962962963
2 0.9604166666666667 0.5194444444444445 0.07708333333333334 0.19444444444444445
0 0.253125 0.5902777777777778 0.075 0.11388888888888889
0 0.40598958333333335 0.6981481481481482 0.15052083333333333 0.15925925925925927
0 0.07630208333333334 0.6569444444444444 0.05364583333333333 0.09907407407407408