6 0.7135416666666666 0.4675925925925926 0.023958333333333335 0.13518518518518519
6 0.16380208333333332 0.7166666666666667 0.07447916666666667 0.26666666666666666
6 0.17291666666666666 0.6481481481481481 0.03854166666666667 0.12962962962962962
6 0.23177083333333334 0.5212962962962963 0.046875 0.1648148148148148
6 0.07838541666666667 0.5550925925925926 0.028645833333333332 0.1361111111111111
6 0.0609375 0.6546296296296297 0.04583333333333333 0.2111111111111111
2 0.628125 0.34120370370370373 0.09166666666666666 0.175
2 0.83359375 0.4638888888888889 0.11302083333333333 0.1925925925925926
2 0.6791666666666667 0.7027777777777777 0.30104166666666665 0.35185185185185186
0 0.24348958333333334 0.575925925925926 0.08697916666666666 0.13703703703703704
0 0.21041666666666667 0.7527777777777778 0.059375 0.12407407407407407
0 0.10677083333333333 0.6722222222222223 0.03958333333333333 0.10185185185185185