6 0.2078125 0.487962962962963 0.042708333333333334 0.1962962962962963
6 0.31015625 0.5574074074074075 0.12239583333333333 0.5203703703703704
6 0.38671875 0.6083333333333333 0.1046875 0.4777777777777778
6 0.41328125 0.524537037037037 0.0859375 0.44166666666666665
6 0.7010416666666667 0.5712962962962963 0.11145833333333334 0.5351851851851852
6 0.7973958333333333 0.525 0.09895833333333333 0.43703703703703706
6 0.8671875 0.4527777777777778 0.06458333333333334 0.27037037037037037
6 0.9315104166666667 0.5375 0.13489583333333333 0.5101851851851852
0 0.9127604166666666 0.6319444444444444 0.17135416666666667 0.4324074074074074
0 0.7690104166666667 0.5990740740740741 0.1921875 0.3055555555555556
0 0.284375 0.6393518518518518 0.13854166666666667 0.4305555555555556