6 0.075 0.6143518518518518 0.06458333333333334 0.20092592592592592
6 0.22473958333333333 0.4930555555555556 0.05572916666666667 0.15462962962962962
6 0.19713541666666667 0.4722222222222222 0.028645833333333332 0.12222222222222222
6 0.29453125 0.5828703703703704 0.04739583333333333 0.225
6 0.5903645833333333 0.4166666666666667 0.0359375 0.15555555555555556
6 0.9533854166666667 0.6949074074074074 0.05364583333333333 0.19537037037037036
6 0.92265625 0.4875 0.04114583333333333 0.14351851851851852
2 0.9666666666666667 0.5115740740740741 0.06458333333333334 0.1787037037037037
2 0.9265625 0.35648148148148145 0.11875 0.11296296296296296
2 0.45364583333333336 0.35 0.10625 0.18703703703703703
0 0.30078125 0.6287037037037037 0.10364583333333334 0.14629629629629629
0 0.23020833333333332 0.5638888888888889 0.034375 0.07037037037037037