6 0.0515625 0.5162037037037037 0.06145833333333333 0.33240740740740743
6 0.19869791666666667 0.4888888888888889 0.043229166666666666 0.2074074074074074
6 0.2950520833333333 0.40694444444444444 0.10260416666666666 0.22314814814814815
6 0.3671875 0.5819444444444445 0.06354166666666666 0.5175925925925926
6 0.4166666666666667 0.5226851851851851 0.08645833333333333 0.44166666666666665
6 0.696875 0.5662037037037037 0.09895833333333333 0.525
6 0.7723958333333333 0.48194444444444445 0.084375 0.4083333333333333
0 0.8184895833333333 0.6226851851851852 0.16614583333333333 0.3712962962962963
0 0.6330729166666667 0.5986111111111111 0.05677083333333333 0.3101851851851852
0 0.27838541666666666 0.6458333333333334 0.11822916666666666 0.4083333333333333
0 0.41744791666666664 0.6199074074074075 0.05572916666666667 0.3212962962962963