6 0.07916666666666666 0.5953703703703703 0.03854166666666667 0.18518518518518517
6 0.22708333333333333 0.6333333333333333 0.04479166666666667 0.21851851851851853
6 0.228125 0.47685185185185186 0.034375 0.12222222222222222
6 0.33932291666666664 0.5888888888888889 0.0421875 0.22962962962962963
6 0.4953125 0.25925925925925924 0.01875 0.10740740740740741
6 0.92734375 0.5365740740740741 0.05260416666666667 0.15462962962962962
2 0.95546875 0.5606481481481481 0.08385416666666666 0.29907407407407405
2 0.6166666666666667 0.3685185185185185 0.10416666666666667 0.17777777777777778
0 0.33307291666666666 0.6222222222222222 0.10989583333333333 0.15925925925925927
0 0.2546875 0.5736111111111111 0.03854166666666667 0.10648148148148148
0 0.02578125 0.5976851851851852 0.043229166666666666 0.14166666666666666