6 0.07734375 0.5152777777777777 0.05677083333333333 0.27314814814814814
6 0.8265625 0.5055555555555555 0.13541666666666666 0.5851851851851851
6 0.62109375 0.6180555555555556 0.15989583333333332 0.7509259259259259
6 0.4869791666666667 0.5902777777777778 0.13645833333333332 0.7953703703703704
6 0.3255208333333333 0.4199074074074074 0.16041666666666668 0.2657407407407407
6 0.42604166666666665 0.3814814814814815 0.05416666666666667 0.14629629629629629
6 0.38203125 0.39166666666666666 0.05572916666666667 0.14444444444444443
0 0.853125 0.6212962962962963 0.22395833333333334 0.4388888888888889
0 0.3921875 0.7865740740740741 0.6395833333333333 0.4101851851851852
0 0.28828125 0.5138888888888888 0.1453125 0.1962962962962963
2 0.7231770833333333 0.43657407407407406 0.07135416666666666 0.1638888888888889