6 0.10078125 0.5671296296296297 0.0453125 0.1935185185185185
6 0.06067708333333333 0.6513888888888889 0.05260416666666667 0.24351851851851852
6 0.30494791666666665 0.8402777777777778 0.07239583333333334 0.1638888888888889
6 0.55625 0.5782407407407407 0.05625 0.21574074074074073
6 0.63046875 0.45046296296296295 0.0265625 0.1527777777777778
6 0.9432291666666667 0.5564814814814815 0.04375 0.1814814814814815
6 0.7330729166666666 0.37592592592592594 0.0234375 0.13148148148148148
6 0.46822916666666664 0.40046296296296297 0.040625 0.16574074074074074
4 0.57265625 0.25046296296296294 0.26510416666666664 0.31574074074074077
2 0.97578125 0.5222222222222223 0.04635416666666667 0.1925925925925926
0 0.07239583333333334 0.687037037037037 0.09375 0.15555555555555556