6 0.8520833333333333 0.5157407407407407 0.08020833333333334 0.42407407407407405
6 0.7255208333333333 0.5037037037037037 0.052083333333333336 0.37407407407407406
6 0.6721354166666667 0.5745370370370371 0.10677083333333333 0.5324074074074074
6 0.43255208333333334 0.6273148148148148 0.1390625 0.6768518518518518
6 0.26328125 0.5879629629629629 0.18177083333333333 0.6592592592592592
6 0.34010416666666665 0.41574074074074074 0.07083333333333333 0.22777777777777777
6 0.10260416666666666 0.5027777777777778 0.041666666666666664 0.27037037037037037
0 0.2359375 0.6972222222222222 0.18854166666666666 0.5555555555555556
0 0.33619791666666665 0.6222222222222222 0.08802083333333334 0.35185185185185186
0 0.6609375 0.6305555555555555 0.11666666666666667 0.25
6 0.8473958333333333 0.33101851851851855 0.303125 0.6527777777777778