6 0.9096354166666667 0.5847222222222223 0.15989583333333332 0.6305555555555555
6 0.88515625 0.49722222222222223 0.10364583333333334 0.5037037037037037
6 0.815625 0.44537037037037036 0.059375 0.31666666666666665
6 0.7502604166666667 0.4925925925925926 0.07239583333333334 0.31666666666666665
6 0.6747395833333333 0.5740740740740741 0.09739583333333333 0.5259259259259259
6 0.43854166666666666 0.5967592592592592 0.10416666666666667 0.5898148148148148
6 0.30546875 0.5518518518518518 0.1640625 0.6444444444444445
6 0.3815104166666667 0.5060185185185185 0.0734375 0.3175925925925926
0 0.31354166666666666 0.6430555555555556 0.14895833333333333 0.5546296296296296
0 0.39427083333333335 0.5666666666666667 0.065625 0.34074074074074073
0 0.7479166666666667 0.6055555555555555 0.11354166666666667 0.42407407407407405
0 0.8953125 0.6782407407407407 0.20729166666666668 0.41759259259259257