6 0.8083333333333333 0.5268518518518519 0.08854166666666667 0.5055555555555555
6 0.7322916666666667 0.5791666666666667 0.10833333333333334 0.5361111111111111
6 0.6924479166666667 0.5254629629629629 0.09010416666666667 0.44351851851851853
6 0.31276041666666665 0.6282407407407408 0.13489583333333333 0.6361111111111111
6 0.23828125 0.6481481481481481 0.11927083333333334 0.5166666666666667
6 0.3606770833333333 0.5532407407407407 0.0796875 0.5027777777777778
6 0.4075520833333333 0.4361111111111111 0.0703125 0.2851851851851852
6 0.4359375 0.4287037037037037 0.0625 0.20925925925925926
0 0.8526041666666667 0.6523148148148148 0.15833333333333333 0.4398148148148148
0 0.4088541666666667 0.5921296296296297 0.08854166666666667 0.35833333333333334
0 0.20208333333333334 0.6972222222222222 0.18333333333333332 0.5074074074074074