2 0.83984375 0.07453703703703704 0.0828125 0.11388888888888889
2 0.8104166666666667 0.05 0.06666666666666667 0.08518518518518518
2 0.5760416666666667 0.08425925925925926 0.078125 0.1111111111111111
2 0.41848958333333336 0.12824074074074074 0.09739583333333333 0.10648148148148148
2 0.34348958333333335 0.07175925925925926 0.05572916666666667 0.06759259259259259
2 0.39296875 0.058333333333333334 0.06302083333333333 0.07592592592592592
2 0.03046875 0.24074074074074073 0.05677083333333333 0.11851851851851852
2 0.9166666666666666 0.5592592592592592 0.16458333333333333 0.2796296296296296
0 0.7286458333333333 0.08703703703703704 0.025 0.05925925925925926
0 0.03828125 0.8958333333333334 0.07135416666666666 0.15648148148148147
6 0.020572916666666666 0.837037037037037 0.03697916666666667 0.1962962962962963