2 0.9161458333333333 0.5597222222222222 0.165625 0.287962962962963
2 0.6963541666666667 0.10324074074074074 0.096875 0.09537037037037037
2 0.8583333333333333 0.0412037037037037 0.07604166666666666 0.07685185185185185
2 0.7997395833333333 0.033796296296296297 0.0453125 0.05648148148148148
6 0.5609375 0.5148148148148148 0.05 0.20185185185185187
6 0.2890625 0.2361111111111111 0.026041666666666668 0.1
6 0.27317708333333335 0.25324074074074077 0.028645833333333332 0.10277777777777777
6 0.7776041666666667 0.13703703703703704 0.03229166666666667 0.10740740740740741
1 0.66328125 0.19490740740740742 0.08489583333333334 0.15648148148148147
0 0.56640625 0.600925925925926 0.0796875 0.17962962962962964
0 0.27630208333333334 0.2824074074074074 0.05364583333333333 0.08333333333333333
0 0.7817708333333333 0.17453703703703705 0.040625 0.08981481481481482