2 0.91484375 0.5601851851851852 0.16822916666666668 0.2814814814814815
2 0.7557291666666667 0.20879629629629629 0.1625 0.14166666666666666
2 0.45598958333333334 0.2449074074074074 0.1421875 0.16203703703703703
2 0.4158854166666667 0.05555555555555555 0.07760416666666667 0.08333333333333333
2 0.3484375 0.07361111111111111 0.065625 0.07685185185185185
6 0.64140625 0.3162037037037037 0.0421875 0.14537037037037037
6 0.025 0.2671296296296296 0.016666666666666666 0.0787037037037037
6 0.27890625 0.13564814814814816 0.019270833333333334 0.06574074074074074
6 0.25833333333333336 0.14907407407407408 0.01875 0.06481481481481481
0 0.022395833333333334 0.30092592592592593 0.04375 0.05
0 0.2708333333333333 0.15787037037037038 0.04791666666666667 0.062037037037037036