2 0.6184895833333334 0.07361111111111111 0.07864583333333333 0.09351851851851851
0 0.5328125 0.27870370370370373 0.030208333333333334 0.09814814814814815
0 0.3645833333333333 0.1837962962962963 0.04375 0.06944444444444445
6 0.5252604166666667 0.21898148148148147 0.025520833333333333 0.06944444444444445
6 0.3734375 0.14907407407407408 0.013541666666666667 0.07962962962962963
6 0.3609375 0.16111111111111112 0.01875 0.08888888888888889
6 0.32890625 0.7324074074074074 0.06302083333333333 0.2833333333333333
1 0.7135416666666666 0.1439814814814815 0.07395833333333333 0.14166666666666666
1 0.72578125 0.08518518518518518 0.06614583333333333 0.13333333333333333
1 0.24036458333333333 0.6875 0.1734375 0.3638888888888889
1 0.05234375 0.6763888888888889 0.09947916666666666 0.3824074074074074