2 0.1734375 0.2949074074074074 0.16666666666666666 0.18796296296296297
2 0.38307291666666665 0.18101851851851852 0.11510416666666666 0.11203703703703703
2 0.9151041666666667 0.5430555555555555 0.16770833333333332 0.30277777777777776
0 0.05572916666666667 0.8134259259259259 0.109375 0.20092592592592592
0 0.5682291666666667 0.20462962962962963 0.040625 0.08888888888888889
0 0.6739583333333333 0.18703703703703703 0.03958333333333333 0.08148148148148149
6 0.675 0.15 0.021875 0.10185185185185185
6 0.5708333333333333 0.16342592592592592 0.022916666666666665 0.08981481481481482
6 0.41328125 0.5226851851851851 0.04010416666666667 0.18796296296296297
6 0.04505208333333333 0.7407407407407407 0.0671875 0.2351851851851852
6 0.8859375 0.9574074074074074 0.041666666666666664 0.07407407407407407