1 0.5760416666666667 0.22268518518518518 0.09166666666666666 0.15092592592592594
0 0.48359375 0.7481481481481481 0.10052083333333334 0.2074074074074074
2 0.9033854166666667 0.5583333333333333 0.19114583333333332 0.31296296296296294
2 0.1046875 0.5111111111111111 0.2 0.2796296296296296
2 0.1 0.21666666666666667 0.11458333333333333 0.13518518518518519
2 0.2713541666666667 0.14166666666666666 0.08854166666666667 0.08888888888888889
2 0.5953125 0.1486111111111111 0.10833333333333334 0.11574074074074074
6 0.703125 0.23657407407407408 0.028125 0.11388888888888889
6 0.68515625 0.24768518518518517 0.0296875 0.12685185185185185
6 0.6010416666666667 0.8018518518518518 0.052083333333333336 0.28888888888888886
6 0.5546875 0.7930555555555555 0.06354166666666666 0.2916666666666667
6 0.49244791666666665 0.6861111111111111 0.06927083333333334 0.20925925925925926