2 0.8174479166666667 0.032407407407407406 0.07447916666666667 0.05555555555555555
2 0.9158854166666667 0.5597222222222222 0.16614583333333333 0.2712962962962963
2 0.22057291666666667 0.2550925925925926 0.1234375 0.13240740740740742
2 0.26588541666666665 0.12314814814814815 0.07760416666666667 0.08333333333333333
6 0.9669270833333333 0.05092592592592592 0.0203125 0.08333333333333333
6 0.15234375 0.38842592592592595 0.0328125 0.08055555555555556
6 0.06484375 0.35462962962962963 0.0234375 0.1
6 0.04505208333333333 0.37037037037037035 0.033854166666666664 0.09444444444444444
1 0.16901041666666666 0.5564814814814815 0.15364583333333334 0.2722222222222222
0 0.046875 0.4166666666666667 0.07083333333333333 0.09814814814814815
0 0.16015625 0.42962962962962964 0.06197916666666667 0.05925925925925926
0 0.9658854166666667 0.0824074074074074 0.0234375 0.07222222222222222
6 0.371875 0.08333333333333333 0.013541666666666667 0.05185185185185185
6 0.36276041666666664 0.09537037037037037 0.009895833333333333 0.05