2 0.970312 0.508333 0.089062 0.327778
2 0.220703 0.871528 0.447656 0.2875
2 0.970312 0.508333 0.089062 0.327778
2 0.970312 0.508333 0.089062 0.327778
2 0.970312 0.508333 0.089062 0.327778
2 0.970312 0.508333 0.089062 0.327778
2 0.970312 0.508333 0.089062 0.327778
2 0.970312 0.508333 0.089062 0.327778
2 0.970312 0.508333 0.089062 0.327778
2 0.970312 0.508333 0.089062 0.327778
2 0.970312 0.508333 0.089062 0.327778
2 0.970312 0.508333 0.089062 0.327778
2 0.391016 0.510417 0.391406 0.381944
2 0.784765 0.207639 0.272656 0.206944
0 0.725391 0.500694 0.128906 0.2375
2 0.141016 0.441667 0.296094 0.405556