6 0.6002604166666666 0.7962962962962963 0.050520833333333334 0.29074074074074074
6 0.5486979166666667 0.7851851851851852 0.050520833333333334 0.29074074074074074
6 0.4942708333333333 0.6587962962962963 0.065625 0.1935185185185185
6 0.6799479166666667 0.2657407407407407 0.0296875 0.15
6 0.7015625 0.25787037037037036 0.028125 0.1175925925925926
2 0.9041666666666667 0.5703703703703704 0.18958333333333333 0.2796296296296296
2 0.09661458333333334 0.5208333333333334 0.18177083333333333 0.275
2 0.08307291666666666 0.22453703703703703 0.11197916666666667 0.1287037037037037
2 0.2677083333333333 0.1375 0.08645833333333333 0.08981481481481482
2 0.58125 0.15138888888888888 0.12604166666666666 0.13055555555555556
1 0.5708333333333333 0.23287037037037037 0.09166666666666666 0.1638888888888889
0 0.49713541666666666 0.7398148148148148 0.10364583333333334 0.25555555555555554