2 0.9151041666666667 0.5550925925925926 0.16770833333333332 0.28425925925925927
2 0.6143229166666667 0.17731481481481481 0.1203125 0.1527777777777778
2 0.43020833333333336 0.24861111111111112 0.134375 0.15462962962962962
2 0.24427083333333333 0.46574074074074073 0.20208333333333334 0.2351851851851852
2 0.20833333333333334 0.4199074074074074 0.178125 0.19722222222222222
2 0.41041666666666665 0.046296296296296294 0.05625 0.07037037037037037
6 0.49557291666666664 0.1449074074074074 0.0234375 0.06574074074074074
6 0.04921875 0.25277777777777777 0.015104166666666667 0.06296296296296296
0 0.050520833333333334 0.2800925925925926 0.03958333333333333 0.06018518518518518
0 0.49661458333333336 0.1763888888888889 0.0359375 0.05092592592592592
1 0.44817708333333334 0.3902777777777778 0.1453125 0.2675925925925926
1 0.7747395833333334 0.1 0.06614583333333333 0.13333333333333333