2 0.17578125 0.16111111111111112 0.08489583333333334 0.09074074074074075
2 0.16588541666666667 0.29768518518518516 0.1203125 0.1361111111111111
2 0.4041666666666667 0.2935185185185185 0.18645833333333334 0.21851851851851853
2 0.28802083333333334 0.10925925925925926 0.084375 0.10925925925925926
2 0.35703125 0.06944444444444445 0.06822916666666666 0.07962962962962963
2 0.9171875 0.5606481481481481 0.16354166666666667 0.27685185185185185
6 0.026302083333333334 0.41712962962962963 0.028645833333333332 0.11574074074074074
6 0.8229166666666666 0.04675925925925926 0.022916666666666665 0.06944444444444445
0 0.8276041666666667 0.08055555555555556 0.035416666666666666 0.07592592592592592
0 0.03046875 0.4615740740740741 0.058854166666666666 0.1175925925925926
0 0.8997395833333334 0.03564814814814815 0.025520833333333333 0.049074074074074076