2 0.970312 0.508333 0.089062 0.327778
2 0.225391 0.860416 0.447656 0.2875
2 0.970312 0.508333 0.089062 0.327778
2 0.970312 0.508333 0.089062 0.327778
2 0.970312 0.508333 0.089062 0.327778
2 0.970312 0.508333 0.089062 0.327778
2 0.970312 0.508333 0.089062 0.327778
2 0.970312 0.508333 0.089062 0.327778
2 0.970312 0.508333 0.089062 0.327778
2 0.970312 0.508333 0.089062 0.327778
2 0.970312 0.508333 0.089062 0.327778
2 0.970312 0.508333 0.089062 0.327778
2 0.970312 0.508333 0.089062 0.327778
2 0.970312 0.508333 0.089062 0.327778
2 0.716797 0.152083 0.221094 0.2875
6 0.611719 0.827778 0.126563 0.338889