2 0.756 0.488348 0.023438 0.086111
2 0.739394 0.427237 0.023438 0.059722
1 0.660382 0.59262 0.041406 0.118056
2 0.518597 0.481012 0.032031 0.052778
2 0.559185 0.437221 0.028125 0.0375
1 0.585253 0.961263 0.058594 0.172222
1 0.654443 0.869675 0.057031 0.181944
2 0.478648 0.509226 0.032031 0.056944
0 0.553643 0.485979 0.011719 0.041667
1 0.46249 0.703927 0.048437 0.123611
1 0.562202 0.582803 0.035937 0.088889
1 0.637559 0.503599 0.027344 0.079167
1 0.58161 0.463085 0.028125 0.068056
4 0.413891 0.536303 0.10625 0.169444
5 0.271508 0.476728 0.101562 0.156944
1 0.520823 0.41007 0.024219 0.045833
5 0.274702 0.901166 0.250781 0.201389
1 0.686164 0.374573 0.021094 0.051389
1 0.66049 0.379251 0.017969 0.038889
2 0.646446 0.354705 0.025781 0.052778
5 0.119531 0.609722 0.246875 0.3
2 0.327344 0.723611 0.148438 0.180556
0 0.260547 0.760417 0.025781 0.079167