2 0.75794 0.482356 0.023438 0.086111
2 0.737983 0.419092 0.023438 0.059722
1 0.592027 0.957675 0.058594 0.172222
1 0.649706 0.857092 0.057031 0.181944
1 0.680284 0.504859 0.027344 0.075
2 0.201259 0.47118 0.057031 0.05
5 0.324048 0.433901 0.100781 0.108333
0 0.194888 0.888582 0.038281 0.077778
2 0.468491 0.51237 0.0625 0.073611
2 0.416375 0.610537 0.059375 0.091667
2 0.331606 0.63873 0.082813 0.106944
3 0.295003 0.492007 0.075 0.079167
2 0.156018 0.535617 0.06875 0.077778
5 0.545543 0.351492 0.049219 0.073611
1 0.405579 0.823972 0.074219 0.176389
1 0.4346 0.672295 0.046875 0.129167
1 0.574329 0.61325 0.048437 0.116667
2 0.532431 0.492473 0.058594 0.127778
1 0.28345 0.543256 0.051562 0.093056
5 0.501921 0.386548 0.065625 0.106944
2 0.191797 0.634028 0.099219 0.109722
4 0.061719 0.801389 0.21875 0.327778
1 0.626953 0.440278 0.032031 0.075
1 0.389844 0.48125 0.035937 0.076389