6 0.036769 0.401643 0.025781 0.106944
1 0.081527 0.347329 0.047656 0.109722
1 0.06201 0.457634 0.051562 0.123611
6 0.228319 0.768659 0.040625 0.183333
0 0.200462 0.808343 0.064062 0.166667
5 0.187869 0.404989 0.153125 0.265278
5 0.908511 0.59348 0.400781 0.520833
2 0.309469 0.523345 0.041406 0.108333
5 0.538839 0.299027 0.178906 0.211111
3 0.404863 0.251544 0.049219 0.088889
2 0.604487 0.808177 0.210938 0.230556
1 0.134824 0.946894 0.196875 0.105556
1 0.434083 0.88098 0.085156 0.176389
2 0.031654 0.855309 0.109375 0.209722
6 0.363672 0.886806 0.035156 0.223611
3 0.397266 0.497222 0.113281 0.180556
3 0.298047 0.413889 0.066406 0.133333
1 0.513672 0.434028 0.067969 0.123611
1 0.662891 0.49375 0.067969 0.154167
5 0.780859 0.370139 0.321094 0.209722
2 0.378125 0.326389 0.071875 0.102778
2 0.224219 0.29375 0.053125 0.079167