0 0.186783 0.806585 0.064062 0.133333
6 0.217333 0.754374 0.027344 0.163889
1 0.079859 0.580044 0.0625 0.148611
1 0.394679 0.350545 0.028125 0.072222
0 0.099348 0.406545 0.016406 0.047222
1 0.072959 0.362045 0.033594 0.093056
1 0.411169 0.313978 0.026563 0.055556
5 0.475562 0.25784 0.099219 0.1625
1 0.174334 0.595169 0.061719 0.109722
2 0.208328 0.933595 0.180469 0.113889
6 0.344565 0.89267 0.035156 0.230556
5 0.92383 0.637329 0.311719 0.538889
3 0.597366 0.49397 0.110937 0.1625
1 0.717796 0.415348 0.046094 0.134722
1 0.485586 0.405584 0.060156 0.120833
5 0.278102 0.533429 0.202344 0.358333
0 0.712636 0.847045 0.091406 0.165278
2 0.478906 0.645833 0.129688 0.175
0 0.703516 0.529167 0.057031 0.108333
5 0.292188 0.231944 0.117188 0.152778
3 0.352344 0.407639 0.103125 0.1625