1 0.70689 0.39669 0.044531 0.084722
1 0.723215 0.49819 0.051562 0.109722
5 0.166599 0.343257 0.089062 0.179167
5 0.335631 0.288518 0.039844 0.138889
5 0.653908 0.341089 0.082031 0.176389
5 0.272268 0.370859 0.101562 0.304167
0 0.425676 0.408197 0.021094 0.076389
5 0.519097 0.311227 0.044531 0.134722
5 0.601884 0.374801 0.061719 0.122222
0 0.26357 0.73872 0.027344 0.083333
5 0.11259 0.581227 0.217969 0.383333
1 0.317337 0.779309 0.085938 0.204167
3 0.573593 0.625472 0.092188 0.336111
1 0.671324 0.567019 0.054688 0.1375
1 0.620502 0.487727 0.039844 0.120833
2 0.164844 0.965972 0.153125 0.215278
5 0.421094 0.2625 0.046875 0.127778
2 0.435937 0.346528 0.032812 0.076389
5 0.358203 0.450694 0.111719 0.2875