2 0.761155 0.442041 0.023438 0.086111
2 0.743713 0.382369 0.023438 0.059722
1 0.656509 0.553549 0.033594 0.104167
1 0.588939 0.887308 0.063281 0.120833
1 0.620317 0.475769 0.028125 0.070833
0 0.046024 0.538013 0.038281 0.058333
2 0.207502 0.439575 0.055469 0.052778
4 0.624038 0.281091 0.045313 0.077778
2 0.290127 0.40987 0.05 0.055556
2 0.161426 0.495173 0.067969 0.075
2 0.543803 0.465012 0.038281 0.059722
3 0.39595 0.550643 0.060156 0.088889
1 0.467348 0.861674 0.061719 0.184722
1 0.621256 0.68003 0.039844 0.095833
0 0.127821 0.949353 0.075781 0.109722
1 0.470796 0.69633 0.057031 0.126389
5 0.569363 0.313355 0.055469 0.093056
3 0.437922 0.386657 0.041406 0.084722
2 0.344395 0.688611 0.117188 0.180556
1 0.582243 0.684266 0.041406 0.141667
0 0.613873 0.791251 0.035937 0.063889
2 0.136328 0.752778 0.178906 0.261111
3 0.417578 0.503472 0.061719 0.081944