1 0.701805 0.399089 0.044531 0.084722
1 0.727218 0.518676 0.051562 0.109722
5 0.162764 0.372888 0.089062 0.179167
5 0.335511 0.32023 0.039844 0.138889
1 0.593506 0.339538 0.020312 0.059722
5 0.652138 0.346069 0.082031 0.176389
5 0.969422 0.956112 0.204688 0.444444
5 0.554214 0.269138 0.027344 0.077778
5 0.093669 0.705631 0.173438 0.579167
1 0.581258 0.424348 0.030469 0.066667
1 0.567681 0.299194 0.017969 0.0625
3 0.530633 0.44748 0.048437 0.127778
5 0.258394 0.429362 0.109375 0.370833
3 0.517218 0.287375 0.025781 0.075
5 0.383384 0.531686 0.121094 0.363889
5 0.418509 0.299232 0.057813 0.123611
5 0.507179 0.202587 0.032031 0.076389