5 0.644377 0.298973 0.077344 0.15
0 0.273972 0.491553 0.028125 0.098611
1 0.794094 0.478622 0.033594 0.068056
3 0.376152 0.262925 0.083594 0.1375
5 0.323445 0.259663 0.074219 0.141667
5 0.900955 0.749083 0.220313 0.404167
2 0.333639 0.346272 0.054688 0.075
1 0.690177 0.389119 0.036719 0.081944
5 0.57202 0.266098 0.045313 0.1375
5 0.215822 0.404609 0.146875 0.247222
3 0.742499 0.490092 0.090625 0.177778
3 0.601646 0.955963 0.139062 0.188889
1 0.448639 0.381152 0.04375 0.091667
1 0.320438 0.428865 0.04375 0.109722
3 0.454141 0.283901 0.04375 0.111111
2 0.502191 0.184097 0.027344 0.05
1 0.537476 0.211152 0.019531 0.045833
2 0.350781 0.874306 0.120312 0.229167
0 0.251953 0.913194 0.050781 0.095833
5 0.132422 0.748611 0.297656 0.483333
5 0.070312 0.500694 0.160938 0.315278
5 0.382422 0.4625 0.105469 0.319444
2 0.515625 0.269444 0.03125 0.091667