6 0.040062 0.522295 0.025781 0.106944
6 0.229968 0.773412 0.040625 0.183333
3 0.485305 0.333006 0.049219 0.088889
1 0.256007 0.952811 0.196875 0.105556
6 0.36679 0.897445 0.035156 0.223611
0 0.266799 0.499971 0.048437 0.123611
3 0.22688 0.303586 0.08125 0.154167
3 0.161313 0.257071 0.053906 0.113889
5 0.125371 0.309756 0.114844 0.194444
2 0.136778 0.208649 0.039062 0.065278
2 0.364989 0.33348 0.046094 0.0625
6 0.027374 0.557013 0.029687 0.118056
1 0.054506 0.408598 0.038281 0.120833
5 0.914386 0.471329 0.339063 0.343056
2 0.407067 0.305897 0.052344 0.095833
1 0.85195 0.640859 0.09375 0.123611
2 0.281858 0.422903 0.100781 0.126389
5 0.616295 0.329778 0.207031 0.2625
5 0.578472 0.659089 0.4375 0.580556
1 0.937692 0.795328 0.13125 0.211111
0 0.549219 0.916667 0.071875 0.155556
0 0.199609 0.808333 0.063281 0.152778
1 0.255469 0.640278 0.071875 0.105556