5 0.702436 0.823376 0.292188 0.356944
5 0.540011 0.52921 0.119531 0.254167
2 0.43113 0.435273 0.033594 0.084722
5 0.292816 0.409105 0.097656 0.201389
0 0.401896 0.430816 0.017969 0.031944
2 0.272168 0.519265 0.058594 0.101389
5 0.213968 0.363103 0.092969 0.116667
5 0.148813 0.514147 0.170312 0.294444
3 0.189351 0.721857 0.196875 0.354167
0 0.365299 0.794794 0.023438 0.080556
1 0.347347 0.30178 0.020312 0.055556
1 0.44528 0.820822 0.074219 0.1875
1 0.429562 0.547142 0.048437 0.102778
4 0.401563 0.311806 0.045313 0.1125