1 0.519438 0.894377 0.065625 0.095833
1 0.581982 0.902002 0.063281 0.123611
1 0.655281 0.798409 0.042188 0.148611
1 0.648679 0.497571 0.028125 0.101389
1 0.522353 0.340786 0.024219 0.033333
2 0.522099 0.542601 0.05625 0.088889
2 0.493304 0.437605 0.050781 0.084722
2 0.759765 0.420493 0.023438 0.086111
2 0.744882 0.376738 0.023438 0.059722
1 0.676187 0.383748 0.020312 0.043056
3 0.381885 0.546915 0.105469 0.134722
4 0.443464 0.458281 0.067969 0.151389
3 0.528313 0.460018 0.039062 0.093056
3 0.570185 0.456455 0.038281 0.072222
3 0.203175 0.497103 0.096094 0.184722
0 0.060497 0.546581 0.042188 0.063889
4 0.314373 0.45191 0.154687 0.2
5 0.270703 0.793056 0.382031 0.344444
2 0.039453 0.867361 0.107031 0.176389
3 0.25625 0.663194 0.1125 0.131944
1 0.517578 0.661111 0.060156 0.133333
1 0.582031 0.760417 0.065625 0.109722