1 0.666482 0.382298 0.024219 0.063889
1 0.694264 0.430985 0.039062 0.056944
1 0.661304 0.767258 0.05625 0.177778
2 0.778532 0.406368 0.0375 0.088889
2 0.755055 0.335502 0.025781 0.052778
6 0.732258 0.571239 0.030469 0.123611
2 0.162721 0.4543 0.074219 0.075
2 0.223792 0.400359 0.057031 0.063889
2 0.483957 0.498129 0.059375 0.123611
5 0.435027 0.342878 0.114063 0.129167
1 0.21713 0.478636 0.070312 0.105556
5 0.048616 0.834408 0.132031 0.344444
1 0.503135 0.863923 0.085156 0.172222
5 0.309766 0.617361 0.283594 0.448611