2 0.746899 0.532798 0.023438 0.086111
2 0.729417 0.473068 0.023438 0.059722
2 0.283168 0.507868 0.047656 0.052778
1 0.654715 0.911965 0.057813 0.166667
5 0.441971 0.452864 0.071875 0.102778
1 0.674514 0.489703 0.017969 0.031944
1 0.612897 0.519299 0.025781 0.072222
1 0.53999 0.447989 0.01875 0.044444
0 0.360355 0.57565 0.016406 0.048611
0 0.445066 0.485528 0.011719 0.020833
0 0.573648 0.492286 0.0125 0.027778
0 0.565655 0.883266 0.0375 0.1125
4 0.189844 0.628472 0.190625 0.243056
5 0.623047 0.417361 0.047656 0.076389
5 0.656641 0.398611 0.035156 0.066667