2 0.745725 0.387028 0.025781 0.052778
2 0.765138 0.449457 0.028906 0.073611
2 0.161426 0.505126 0.065625 0.091667
2 0.218088 0.447822 0.059375 0.070833
2 0.29316 0.413423 0.049219 0.047222
1 0.532263 0.351783 0.03125 0.0625
1 0.656609 0.823809 0.051562 0.191667
1 0.537816 0.692203 0.072656 0.173611
1 0.460965 0.599539 0.047656 0.109722
5 0.584813 0.534349 0.0875 0.25
2 0.545385 0.455966 0.039844 0.079167
2 0.48244 0.472801 0.029687 0.059722
2 0.50951 0.449087 0.039844 0.076389
3 0.432469 0.524117 0.063281 0.095833
2 0.444207 0.424405 0.052344 0.070833
0 0.466806 0.383555 0.015625 0.029167
0 0.496962 0.527408 0.021875 0.029167
0 0.491732 0.378644 0.011719 0.027778
5 0.269167 0.767346 0.311719 0.413889
1 0.597656 0.760417 0.08125 0.176389
5 0.051172 0.775694 0.132031 0.390278