6 0.407054 0.971228 0.040625 0.183333
0 0.130279 0.866761 0.058594 0.141667
3 0.567298 0.523243 0.092188 0.1375
1 0.860662 0.448821 0.067188 0.152778
1 0.907509 0.47254 0.073437 0.125
0 0.764892 0.469508 0.035937 0.051389
6 0.518663 0.854243 0.046094 0.191667
1 0.043615 0.276814 0.039062 0.066667
3 0.276041 0.296482 0.042188 0.094444
5 0.309236 0.2291 0.083594 0.102778
3 0.357363 0.34322 0.08125 0.130556
2 0.587934 0.467114 0.083594 0.109722
2 0.807634 0.681184 0.196875 0.304167
0 0.149477 0.35902 0.025 0.056944
6 0.380362 0.774051 0.035156 0.176389
1 0.273144 0.807534 0.104687 0.238889
0 0.917838 0.623796 0.053125 0.102778
0 0.630859 0.453472 0.039844 0.070833