2 0.761069 0.377467 0.025781 0.052778
1 0.672949 0.837655 0.059375 0.188889
2 0.780302 0.431401 0.028906 0.073611
5 0.601017 0.423642 0.053906 0.116667
5 0.482952 0.471149 0.1125 0.205556
1 0.668049 0.505057 0.027344 0.070833
1 0.682399 0.538741 0.028125 0.05
1 0.644615 0.521404 0.029687 0.098611
2 0.175472 0.518579 0.065625 0.091667
1 0.124482 0.508289 0.033594 0.084722
3 0.348714 0.622852 0.085156 0.130556
3 0.222128 0.712336 0.180469 0.306944
5 0.370494 0.437819 0.153125 0.169444
2 0.233333 0.45757 0.059375 0.070833
5 0.48833 0.576618 0.123438 0.244444
1 0.554297 0.6875 0.061719 0.158333
2 0.114063 0.682639 0.092188 0.129167