2 0.752093 0.370076 0.025781 0.052778
2 0.779081 0.42429 0.028906 0.073611
1 0.657272 0.514239 0.027344 0.070833
1 0.687184 0.526413 0.028125 0.05
1 0.628975 0.521963 0.029687 0.098611
2 0.163489 0.509671 0.065625 0.091667
1 0.10876 0.530421 0.033594 0.084722
3 0.29279 0.659923 0.085156 0.130556
2 0.222308 0.447902 0.059375 0.070833
2 0.517513 0.462545 0.033594 0.070833
3 0.132719 0.743701 0.21875 0.304167
5 0.579786 0.44512 0.065625 0.158333
5 0.44563 0.363363 0.09375 0.123611
1 0.674028 0.820826 0.057813 0.1875
5 0.444241 0.474606 0.129688 0.209722
5 0.418802 0.66219 0.164844 0.354167
2 0.32045 0.524042 0.060156 0.077778
1 0.530078 0.727083 0.067969 0.173611
2 0.308594 0.416667 0.04375 0.05