5 0.883266 0.626492 0.222656 0.3875
1 0.712571 0.373144 0.044531 0.084722
2 0.546532 0.320756 0.028906 0.056944
0 0.640767 0.38022 0.019531 0.036111
5 0.517158 0.243538 0.029687 0.061111
5 0.329569 0.262318 0.061719 0.084722
5 0.278621 0.330875 0.091406 0.156944
5 0.178102 0.381185 0.100781 0.190278
3 0.099154 0.429768 0.060156 0.123611
2 0.445945 0.44874 0.0625 0.147222
1 0.388289 0.421089 0.04375 0.068056
3 0.526671 0.419296 0.029687 0.094444
1 0.773379 0.65584 0.050781 0.170833
5 0.078922 0.737744 0.15 0.508333
3 0.40645 0.667091 0.089844 0.094444
0 0.506856 0.318546 0.01875 0.027778
5 0.216226 0.617391 0.204688 0.466667
5 0.445156 0.181101 0.033594 0.066667
5 0.446205 0.285166 0.059375 0.155556
5 0.398211 0.22694 0.039844 0.094444
5 0.361048 0.344153 0.092188 0.201389
0 0.433642 0.378446 0.015625 0.038889
3 0.700391 0.775 0.116406 0.347222
4 0.605859 0.384028 0.085156 0.259722
3 0.334375 0.8125 0.11875 0.35
1 0.402344 0.467361 0.046875 0.070833