5 0.886034 0.677941 0.222656 0.3875
1 0.727335 0.387464 0.044531 0.084722
5 0.335054 0.262029 0.061719 0.084722
5 0.280767 0.346782 0.091406 0.156944
5 0.180171 0.399585 0.100781 0.190278
3 0.102049 0.436663 0.060156 0.123611
1 0.391952 0.413828 0.04375 0.068056
5 0.400503 0.253329 0.039844 0.094444
5 0.365142 0.373858 0.092188 0.201389
1 0.617012 0.360973 0.020312 0.048611
2 0.447352 0.357804 0.039844 0.091667
3 0.430591 0.507824 0.039844 0.080556
1 0.912977 0.922863 0.067188 0.201389
1 0.560767 0.270484 0.015625 0.047222
5 0.533196 0.20508 0.026563 0.059722
1 0.590896 0.283101 0.019531 0.043056
3 0.554717 0.683914 0.053906 0.155556
2 0.570583 0.468741 0.046094 0.120833
5 0.26707 0.50031 0.145313 0.329167
5 0.443815 0.177827 0.033594 0.05
0 0.518488 0.45717 0.017969 0.054167
5 0.339302 0.724135 0.265625 0.430556
5 0.453581 0.250814 0.0625 0.123611
4 0.755859 0.698611 0.246094 0.533333
5 0.535156 0.313194 0.05625 0.165278
5 0.081641 0.7125 0.238281 0.555556
3 0.376172 0.475694 0.075781 0.101389