1 0.918564 0.386062 0.053906 0.120833
1 0.859773 0.366208 0.038281 0.115278
5 0.695372 0.767563 0.471094 0.477778
3 0.112638 0.404429 0.094531 0.177778
3 0.341674 0.283809 0.071094 0.102778
3 0.542378 0.416881 0.120312 0.195833
3 0.424526 0.32964 0.080469 0.144444
0 0.138539 0.782594 0.060156 0.138889
5 0.568332 0.27725 0.171094 0.215278
5 0.434177 0.255439 0.13125 0.173611
3 0.76904 0.594992 0.158594 0.258333
0 0.157044 0.261858 0.017188 0.059722
0 0.180283 0.292032 0.015625 0.038889
0 0.135903 0.219868 0.013281 0.043056
1 0.289905 0.16232 0.034375 0.063889
1 0.244984 0.157645 0.035156 0.056944
1 0.036335 0.694752 0.067188 0.15
1 0.855129 0.458034 0.085938 0.155556
6 0.450781 0.7375 0.034375 0.194444
6 0.435547 0.727083 0.039844 0.181944