2 0.768272 0.433037 0.023438 0.086111
2 0.747929 0.364764 0.023438 0.059722
1 0.572653 0.778502 0.058594 0.131944
1 0.633047 0.652267 0.033594 0.104167
1 0.532274 0.828158 0.059375 0.159722
1 0.577411 0.89967 0.063281 0.120833
0 0.493813 0.659454 0.024219 0.059722
3 0.437084 0.364567 0.064062 0.073611
4 0.544164 0.31583 0.060156 0.056944
3 0.343693 0.627663 0.082813 0.179167
2 0.588127 0.41085 0.041406 0.058333
2 0.651901 0.3321 0.023438 0.040278
1 0.627139 0.422898 0.025781 0.063889
1 0.650983 0.429494 0.028125 0.070833
3 0.113917 0.773071 0.217969 0.261111
0 0.054659 0.529397 0.038281 0.058333
2 0.418613 0.517288 0.079687 0.1125
1 0.600504 0.619764 0.047656 0.119444
5 0.288587 0.461582 0.176563 0.215278
2 0.15954 0.488325 0.077344 0.075
4 0.292188 0.586806 0.140625 0.2625
0 0.422266 0.614583 0.027344 0.070833
3 0.495703 0.467361 0.047656 0.084722
3 0.351172 0.752778 0.125781 0.169444