5 0.64606 0.300989 0.077344 0.15
0 0.268951 0.499792 0.028125 0.098611
1 0.795519 0.466922 0.033594 0.068056
5 0.442508 0.240054 0.053906 0.136111
1 0.298523 0.443958 0.059375 0.1375
1 0.44396 0.425717 0.0375 0.156944
1 0.399886 0.357896 0.033594 0.104167
3 0.446767 0.319062 0.055469 0.133333
3 0.36793 0.283712 0.083594 0.1375
5 0.316016 0.263661 0.074219 0.141667
5 0.200555 0.43367 0.152344 0.297222
5 0.897504 0.737518 0.220313 0.404167
3 0.690043 0.442376 0.067969 0.131944
1 0.171681 0.589359 0.089062 0.111111
5 0.367518 0.574573 0.164062 0.498611
2 0.330141 0.35603 0.054688 0.075
5 0.121448 0.774497 0.223438 0.377778
5 0.075679 0.504256 0.149219 0.279167
1 0.707647 0.353861 0.036719 0.081944
2 0.725762 0.993384 0.125 0.226389
3 0.565906 0.729738 0.089844 0.236111
5 0.570312 0.239583 0.045313 0.1375
2 0.511719 0.238889 0.03125 0.083333