2 0.519492 0.266293 0.050781 0.098611
5 0.919836 0.808738 0.226562 0.379167
5 0.106818 0.398018 0.177344 0.230556
5 0.279233 0.357664 0.164844 0.238889
5 0.463068 0.256773 0.108594 0.2
5 0.499002 0.154298 0.077344 0.101389
5 0.553157 0.16945 0.067969 0.123611
2 0.387821 0.557318 0.1375 0.230556
5 0.676665 0.328548 0.105469 0.191667
5 0.754228 0.393954 0.130469 0.3
1 0.665487 0.194583 0.032031 0.054167
5 0.640591 0.137759 0.029687 0.081944
0 0.617195 0.220319 0.015625 0.023611
0 0.334982 0.509958 0.0375 0.086111
3 0.454844 0.394893 0.096094 0.208333
1 0.355357 0.41712 0.060156 0.118056
1 0.319571 0.404005 0.05 0.120833
1 0.37859 0.336039 0.035156 0.073611
2 0.265377 0.805958 0.171875 0.254167
3 0.823763 0.550278 0.09375 0.218056
5 0.07825 0.561746 0.141406 0.322222
4 0.555859 0.479167 0.135156 0.433333
1 0.085938 0.859028 0.14375 0.2625