6 0.396036 0.700962 0.035156 0.176389
0 0.13436 0.821498 0.064844 0.141667
3 0.382786 0.313614 0.061719 0.1125
1 0.467522 0.254539 0.041406 0.084722
1 0.12235 0.448599 0.065625 0.148611
1 0.599611 0.325884 0.038281 0.065278
5 0.860937 0.425408 0.314063 0.380556
3 0.722886 0.570976 0.146094 0.204167
3 0.523314 0.378509 0.151562 0.188889
5 0.437044 0.467006 0.257031 0.295833
5 0.675143 0.767334 0.471094 0.463889
3 0.266016 0.828472 0.127344 0.295833
3 0.315625 0.266667 0.0625 0.130556
3 0.245312 0.218056 0.048437 0.094444