2 0.750573 0.491038 0.023438 0.086111
2 0.733915 0.42973 0.023438 0.059722
2 0.286524 0.454631 0.05 0.055556
1 0.653452 0.616055 0.041406 0.118056
2 0.5426 0.45613 0.032031 0.052778
1 0.626965 0.47899 0.028125 0.055556
1 0.66346 0.43173 0.017969 0.044444
1 0.63258 0.407388 0.014844 0.036111
2 0.570958 0.431125 0.028125 0.0375
0 0.410138 0.67257 0.021875 0.045833
5 0.206683 0.525231 0.176563 0.201389
1 0.374827 0.498821 0.05 0.115278
1 0.582274 0.956312 0.058594 0.172222
1 0.571438 0.549999 0.033594 0.080556
4 0.461927 0.503257 0.083594 0.1375
2 0.124227 1.0 0.152344 0.158333
5 0.337112 0.872683 0.2625 0.343056
1 0.654596 0.867996 0.057031 0.181944
2 0.256237 0.768075 0.127344 0.176389
2 0.515886 0.466844 0.032031 0.056944
2 0.489227 0.576547 0.076563 0.152778