5 0.17604 0.307894 0.097656 0.118056
5 0.658208 0.319632 0.077344 0.15
5 0.177664 0.471162 0.171094 0.322222
5 0.295121 0.287513 0.101562 0.233333
3 0.431796 0.436012 0.067969 0.208333
2 0.401642 0.295358 0.027344 0.068056
1 0.712113 0.365773 0.035156 0.073611
5 0.818548 0.652535 0.200781 0.381944
1 0.338616 0.739401 0.083594 0.248611
5 0.328299 0.49614 0.1625 0.379167
2 0.545427 0.479637 0.055469 0.113889
2 0.557713 0.32048 0.04375 0.098611
2 0.522388 0.243605 0.030469 0.063889
0 0.653054 0.553071 0.023438 0.079167
3 0.174609 0.870139 0.167969 0.245833
5 0.06875 0.53125 0.1375 0.345833
5 0.45 0.275694 0.04375 0.093056
1 0.419141 0.253472 0.017969 0.043056
5 0.726562 0.877778 0.28125 0.297222
2 0.595703 0.73125 0.097656 0.265278