2 0.774593 0.42186 0.023438 0.086111
2 0.754125 0.353882 0.023438 0.059722
1 0.658301 0.591646 0.033594 0.104167
1 0.591135 0.893547 0.063281 0.120833
2 0.616616 0.365484 0.023438 0.040278
1 0.646638 0.426543 0.028125 0.070833
0 0.055841 0.527362 0.038281 0.058333
1 0.565481 0.656365 0.047656 0.119444
2 0.167054 0.482005 0.077344 0.075
2 0.21671 0.429245 0.055469 0.052778
4 0.591352 0.292216 0.045313 0.077778
2 0.299045 0.399805 0.05 0.055556
0 0.322335 0.766758 0.042969 0.084722
3 0.216638 0.732935 0.121094 0.222222
3 0.217337 0.868902 0.169531 0.193056
2 0.34263 0.574645 0.101562 0.161111
3 0.464509 0.489467 0.063281 0.077778
2 0.526016 0.486689 0.057813 0.1
1 0.585447 0.499466 0.034375 0.098611
5 0.492776 0.338068 0.096875 0.130556
1 0.576643 0.743552 0.054688 0.165278
1 0.615488 0.743556 0.0375 0.104167
4 0.128392 0.714245 0.247656 0.372222