3 0.881518 0.691575 0.172656 0.265278
3 0.605931 0.434752 0.177344 0.255556
3 0.439121 0.365547 0.082031 0.148611
3 0.367216 0.293703 0.082813 0.158333
3 0.302316 0.260098 0.051562 0.088889
3 0.133216 0.451977 0.088281 0.169444
1 0.909188 0.376863 0.053906 0.120833
1 0.851174 0.363001 0.052344 0.130556
1 0.709704 0.34828 0.054688 0.105556
5 0.20761 0.273724 0.138281 0.205556
0 0.135872 0.759135 0.071094 0.151389
6 0.363684 0.751154 0.039844 0.198611
2 0.309419 0.462374 0.124219 0.156944
5 0.692253 0.774536 0.496875 0.448611
1 0.885681 0.452285 0.091406 0.1375