2 0.759413 0.485766 0.023438 0.086111
2 0.739601 0.422977 0.023438 0.059722
1 0.603495 0.949008 0.058594 0.172222
1 0.657315 0.864409 0.057031 0.181944
1 0.68195 0.515171 0.027344 0.075
1 0.640144 0.416201 0.01875 0.044444
2 0.203029 0.474692 0.057031 0.05
5 0.326047 0.43727 0.100781 0.108333
0 0.179428 0.899539 0.042188 0.084722
0 0.292413 0.793184 0.038281 0.077778
2 0.473972 0.507491 0.0625 0.073611
2 0.433497 0.586317 0.059375 0.091667
2 0.351228 0.621385 0.082813 0.106944
3 0.268561 0.515889 0.075 0.079167
2 0.157713 0.539007 0.06875 0.077778
1 0.337825 0.511868 0.046875 0.095833
0 0.379759 0.782894 0.033594 0.081944
1 0.200463 0.582491 0.067188 0.066667
5 0.476325 0.399343 0.089062 0.1375
5 0.532344 0.360617 0.049219 0.073611
1 0.451172 0.78125 0.074219 0.176389
1 0.485938 0.610417 0.046875 0.129167
1 0.592969 0.575 0.048437 0.116667
2 0.545703 0.475 0.058594 0.127778
4 0.104687 0.797917 0.215625 0.354167