6 0.363914 0.869265 0.045313 0.204167
6 0.043493 0.431158 0.025781 0.106944
5 0.209843 0.452056 0.182812 0.313889
1 0.098517 0.430996 0.047656 0.109722
1 0.079012 0.519394 0.051562 0.123611
1 0.303113 0.409339 0.071094 0.102778
1 0.90148 0.427987 0.046094 0.109722
1 0.948652 0.433437 0.046094 0.130556
1 0.313346 0.48689 0.071094 0.152778
1 0.995964 0.583255 0.08125 0.172222
2 0.101923 0.857263 0.194531 0.202778
5 0.631506 0.348177 0.196875 0.283333
5 0.39797 0.234448 0.113281 0.168056
1 0.310272 0.248123 0.039844 0.091667
1 0.44851 0.594874 0.082031 0.159722
2 0.403476 0.501544 0.091406 0.130556
0 0.350323 0.642771 0.045313 0.116667
0 0.709502 0.796668 0.074219 0.1625
3 0.544431 0.801649 0.157813 0.283333
2 0.255979 0.219196 0.042969 0.076389
5 0.577344 0.404861 0.25 0.348611
3 0.174609 0.21875 0.053906 0.101389
2 0.176563 0.277778 0.045313 0.052778
3 0.849219 0.892361 0.301562 0.201389
6 0.225391 0.747917 0.032031 0.173611
0 0.196484 0.810417 0.058594 0.156944