2 0.752049 0.49163 0.023438 0.086111
2 0.735432 0.430208 0.023438 0.059722
1 0.654961 0.613956 0.041406 0.118056
2 0.533263 0.469788 0.032031 0.052778
2 0.556837 0.433241 0.028125 0.0375
1 0.583739 0.963146 0.058594 0.172222
1 0.646657 0.873082 0.057031 0.181944
2 0.492526 0.495194 0.032031 0.056944
5 0.267713 0.892151 0.315625 0.266667
2 0.143394 0.541432 0.071094 0.081944
0 0.588077 0.437728 0.011719 0.041667
1 0.526884 0.613408 0.048437 0.123611
1 0.601193 0.522441 0.035937 0.088889
1 0.65165 0.466124 0.027344 0.079167
1 0.60826 0.439741 0.028125 0.068056
1 0.165113 0.55318 0.049219 0.091667
2 0.097266 0.904167 0.205469 0.2
2 0.428906 0.65 0.09375 0.155556
4 0.432031 0.523611 0.10625 0.169444
5 0.246094 0.495139 0.101562 0.156944