2 0.750078 0.482978 0.023438 0.086111
2 0.733383 0.421953 0.023438 0.059722
2 0.202291 0.481307 0.055469 0.052778
2 0.285657 0.446944 0.05 0.055556
2 0.145365 0.542742 0.082031 0.081944
1 0.318762 0.457658 0.039844 0.076389
5 0.659299 0.404044 0.038281 0.077778
1 0.66168 0.515682 0.028125 0.056944
1 0.671463 0.471736 0.021094 0.055556
1 0.588831 0.958427 0.085938 0.179167
4 0.514164 0.468628 0.064062 0.113889
4 0.584184 0.390847 0.041406 0.077778
1 0.649664 0.857991 0.060156 0.163889
3 0.122214 0.86574 0.208594 0.375
1 0.561282 0.525767 0.041406 0.086111
2 0.632734 0.392758 0.021875 0.045833
2 0.441797 0.467361 0.047656 0.056944