2 0.745737 0.379539 0.025781 0.052778
2 0.768066 0.444642 0.028906 0.073611
1 0.700167 0.43672 0.028125 0.05
2 0.165965 0.507436 0.065625 0.091667
2 0.211849 0.446148 0.059375 0.070833
1 0.655921 0.835802 0.057813 0.1875
2 0.293311 0.411034 0.049219 0.047222
2 0.55534 0.409102 0.025 0.040278
1 0.584791 0.628991 0.039844 0.127778
2 0.485313 0.479172 0.045313 0.05
1 0.54485 0.481436 0.020312 0.056944
1 0.605057 0.4372 0.021875 0.055556
3 0.526224 0.416728 0.032812 0.0625
0 0.058577 0.550846 0.0375 0.058333
5 0.654991 0.409202 0.05 0.123611
1 0.635477 0.681911 0.045313 0.143056
5 0.203577 0.839498 0.350781 0.301389
5 0.453601 0.656541 0.192969 0.348611
5 0.22653 0.675966 0.302344 0.465278
2 0.565234 0.347222 0.027344 0.041667
2 0.594141 0.327083 0.017969 0.031944
5 0.601953 0.294444 0.033594 0.05