2 0.75076 0.53105 0.023438 0.086111
2 0.733285 0.471369 0.023438 0.059722
2 0.146687 0.610915 0.076563 0.077778
2 0.19958 0.553111 0.061719 0.070833
2 0.288512 0.508385 0.047656 0.052778
0 0.461648 0.503662 0.024219 0.026389
1 0.654661 0.918335 0.057813 0.166667
0 0.32101 0.56287 0.017969 0.052778
1 0.656296 0.450118 0.019531 0.044444
1 0.162541 0.645281 0.047656 0.052778
1 0.410133 0.543481 0.033594 0.068056
5 0.664299 0.381763 0.021875 0.05
5 0.682575 0.37323 0.022656 0.052778
5 0.516155 0.423881 0.047656 0.069444
1 0.516992 0.459082 0.016406 0.048611
5 0.397874 0.463978 0.071875 0.102778
1 0.392008 0.743901 0.073437 0.134722