5 0.841718 0.750284 0.2125 0.463889
1 0.519634 0.305505 0.021875 0.056944
1 0.510858 0.261459 0.020312 0.052778
1 0.332369 0.245647 0.071875 0.131944
2 0.376932 0.495452 0.065625 0.140278
5 0.36065 0.359457 0.09375 0.219444
5 0.252389 0.258629 0.0625 0.101389
2 0.254619 0.3355 0.048437 0.066667
3 0.31571 0.719113 0.197656 0.365278
3 0.463898 0.199476 0.027344 0.059722
3 0.751237 0.543574 0.085938 0.163889
5 0.613108 0.387324 0.134375 0.208333
5 0.209336 0.554495 0.182812 0.381944
5 0.15002 0.428664 0.145313 0.259722
2 0.478782 0.351813 0.03125 0.077778
0 0.480771 0.280333 0.014062 0.029167
1 0.044531 0.88125 0.1 0.265278
5 0.049219 0.511111 0.098438 0.277778