2 0.744782 0.386773 0.025781 0.052778
2 0.764476 0.448674 0.028906 0.073611
0 0.054714 0.5495 0.04375 0.052778
2 0.159428 0.508087 0.071875 0.070833
2 0.209793 0.455317 0.057031 0.056944
5 0.547309 0.611116 0.125781 0.305556
1 0.591054 0.942911 0.069531 0.218056
2 0.291604 0.422905 0.051562 0.055556
1 0.656754 0.82364 0.04375 0.1875
1 0.637224 0.457884 0.022656 0.052778
1 0.6857 0.427362 0.020312 0.045833
3 0.414961 0.598938 0.060156 0.1
3 0.415153 0.530535 0.057813 0.0875
3 0.483073 0.471378 0.065625 0.1
0 0.424623 0.405759 0.025781 0.047222
0 0.457414 0.376889 0.015625 0.031944
2 0.216641 0.799262 0.135937 0.247222
2 0.227128 0.675956 0.109375 0.154167
2 0.322444 0.613051 0.075 0.116667
0 0.339368 0.687365 0.024219 0.0625
3 0.270256 0.872838 0.135937 0.220833
0 0.426579 0.718746 0.029687 0.0875
4 0.577584 0.367209 0.047656 0.095833
1 0.675557 0.361866 0.025781 0.056944
5 0.582655 0.29579 0.049219 0.070833
3 0.053125 0.820833 0.154687 0.269444
1 0.479688 0.634722 0.03125 0.152778