5 0.883204 0.633752 0.222656 0.3875
1 0.716538 0.373681 0.044531 0.084722
2 0.543533 0.341923 0.028906 0.056944
5 0.329517 0.269769 0.061719 0.084722
5 0.278735 0.337778 0.091406 0.156944
5 0.178178 0.388077 0.100781 0.190278
3 0.099396 0.436326 0.060156 0.123611
1 0.388519 0.428099 0.04375 0.068056
3 0.525566 0.433034 0.029687 0.094444
1 0.790126 0.716857 0.050781 0.170833
5 0.078541 0.743258 0.15 0.508333
3 0.421083 0.654212 0.089844 0.094444
0 0.50634 0.35495 0.01875 0.027778
5 0.21631 0.624339 0.204688 0.466667
5 0.445549 0.188481 0.033594 0.066667
5 0.446326 0.292218 0.059375 0.155556
5 0.398324 0.234048 0.039844 0.094444
5 0.361228 0.351698 0.092188 0.201389
0 0.434017 0.350507 0.015625 0.038889
3 0.740013 0.897266 0.116406 0.347222
4 0.62229 0.41911 0.085156 0.259722
3 0.346588 0.757212 0.11875 0.35
1 0.570869 0.276438 0.020312 0.048611
5 0.519531 0.244444 0.035937 0.105556
2 0.441797 0.420833 0.039844 0.091667