3 0.273661 0.304819 0.057813 0.098611
3 0.381225 0.245352 0.039844 0.084722
5 0.299869 0.245558 0.077344 0.130556
5 0.389742 0.173437 0.041406 0.105556
1 0.223202 0.298844 0.03125 0.070833
5 0.16143 0.320171 0.121094 0.126389
5 0.512883 0.165312 0.024219 0.065278
2 0.514399 0.256632 0.023438 0.073611
3 0.984433 0.819085 0.135156 0.315278
3 0.524707 0.337371 0.035937 0.070833
4 0.564832 0.301655 0.045313 0.136111
5 0.414522 0.385028 0.102344 0.345833
5 0.10158 0.488256 0.192188 0.252778
0 0.563428 0.767702 0.0375 0.116667
0 0.705425 0.505597 0.016406 0.061111
0 0.669601 0.461975 0.014844 0.065278
1 0.405088 0.743923 0.107031 0.256944
2 0.912364 0.96543 0.185156 0.258333
0 0.298222 0.792604 0.035937 0.091667
1 0.299382 0.582258 0.05625 0.109722
0 0.623442 0.312936 0.0125 0.054167
2 0.629297 0.470833 0.061719 0.127778
1 0.714844 0.827778 0.095312 0.275
3 0.540234 0.45625 0.061719 0.156944
6 0.307813 0.724306 0.034375 0.123611
5 0.252734 0.435417 0.111719 0.268056
5 0.122266 0.774306 0.257031 0.418056