5 0.173425 0.294117 0.097656 0.118056
5 0.648301 0.304872 0.077344 0.15
1 0.703802 0.36297 0.035156 0.073611
5 0.927682 0.758715 0.2625 0.455556
1 0.796335 0.487246 0.047656 0.080556
2 0.454979 0.178611 0.023438 0.056944
2 0.455692 0.222146 0.032812 0.056944
3 0.559353 0.253949 0.017969 0.052778
5 0.374121 0.267199 0.0625 0.140278
3 0.536997 0.502475 0.046094 0.1125
0 0.559832 0.891915 0.027344 0.101389
2 0.555728 0.319152 0.023438 0.041667
1 0.167412 0.761771 0.123438 0.254167
3 0.330377 0.348158 0.086719 0.195833
1 0.401898 0.770965 0.096875 0.227778
0 0.101749 0.757529 0.028125 0.098611
0 0.34359 0.728345 0.032031 0.095833
0 0.323111 0.635016 0.025781 0.080556
1 0.358139 0.490783 0.047656 0.136111
3 0.404829 0.556561 0.097656 0.226389
2 0.259711 0.527591 0.11875 0.194444
5 0.199389 0.44549 0.158594 0.293056
3 0.510918 0.286202 0.028125 0.077778
2 0.559402 0.393265 0.039062 0.094444
5 0.697735 0.591772 0.186719 0.5
5 0.530647 0.175485 0.039062 0.095833
5 0.429292 0.362437 0.083594 0.255556
5 0.393799 0.161719 0.04375 0.081944
5 0.322632 0.243541 0.08125 0.101389
5 0.051953 0.529167 0.141406 0.341667