2 0.745028 0.533226 0.023438 0.086111
2 0.727798 0.473259 0.023438 0.059722
1 0.648932 0.919049 0.057813 0.166667
1 0.666625 0.502051 0.017969 0.031944
1 0.585414 0.574565 0.025781 0.072222
0 0.424174 0.522972 0.016406 0.048611
0 0.483105 0.468028 0.011719 0.020833
5 0.59803 0.434304 0.047656 0.076389
5 0.637072 0.408154 0.035156 0.066667
4 0.322056 0.543453 0.153906 0.1875
2 0.141455 0.616991 0.085156 0.090278
1 0.669882 0.424444 0.024219 0.043056
2 0.19695 0.547131 0.063281 0.052778
0 0.595782 0.776815 0.020312 0.070833
0 0.517539 0.537602 0.017188 0.030556
5 0.462358 0.446562 0.053125 0.076389
2 0.054688 0.814583 0.1375 0.151389