6 0.224938 0.77912 0.040625 0.183333
6 0.37279 0.929157 0.033594 0.256944
1 0.116833 0.414227 0.053906 0.097222
0 0.19813 0.819516 0.061719 0.138889
0 0.574158 0.441544 0.023438 0.043056
1 0.96377 0.446969 0.066406 0.138889
6 0.036455 0.548534 0.028125 0.120833
5 0.173223 0.216752 0.097656 0.159722
2 0.217648 0.32811 0.075781 0.102778
2 0.408809 0.318806 0.046875 0.088889
3 0.324783 0.284897 0.0375 0.075
1 0.252107 0.474129 0.079687 0.155556
0 0.360458 0.689192 0.055469 0.141667
2 0.487523 0.43577 0.067969 0.098611
2 0.302687 0.390487 0.078125 0.090278
3 0.454446 0.548946 0.176563 0.276389
2 0.760207 0.610908 0.169531 0.243056
5 0.786611 0.435757 0.276563 0.343056