5 0.64359 0.297734 0.077344 0.15
0 0.283545 0.459708 0.028125 0.098611
1 0.799098 0.463347 0.033594 0.068056
3 0.377031 0.257421 0.083594 0.1375
5 0.32413 0.258418 0.074219 0.141667
5 0.901628 0.74784 0.220313 0.404167
2 0.334279 0.344833 0.054688 0.075
1 0.691565 0.37719 0.036719 0.081944
5 0.576606 0.265993 0.045313 0.1375
5 0.21814 0.406318 0.146875 0.247222
3 0.754745 0.506737 0.090625 0.177778
1 0.447882 0.37565 0.04375 0.091667
1 0.321245 0.4276 0.04375 0.109722
3 0.45481 0.267176 0.04375 0.111111
2 0.506811 0.200682 0.027344 0.05
1 0.545694 0.225067 0.019531 0.045833
2 0.364339 0.832877 0.120312 0.229167
0 0.256012 0.931618 0.050781 0.095833
5 0.384817 0.463986 0.105469 0.319444
5 0.087156 0.508195 0.173438 0.322222
5 0.144531 0.74375 0.310937 0.526389
2 0.519531 0.295833 0.04375 0.094444