2 0.756429 0.476579 0.023438 0.086111
2 0.739547 0.417479 0.023438 0.059722
1 0.586361 0.925688 0.063281 0.120833
2 0.205923 0.485027 0.055469 0.052778
2 0.290604 0.442528 0.05 0.055556
1 0.667167 0.582716 0.039844 0.080556
2 0.155369 0.542417 0.082031 0.081944
1 0.689741 0.47723 0.032031 0.084722
1 0.210829 0.536159 0.05 0.113889
1 0.500702 0.713181 0.039844 0.115278
4 0.65024 0.364127 0.029687 0.052778
4 0.6378 0.349257 0.025 0.068056
1 0.630618 0.56136 0.032031 0.108333
3 0.518305 0.464254 0.057813 0.116667
3 0.071564 0.847465 0.151562 0.170833