2 0.747535 0.387607 0.025781 0.052778
2 0.767117 0.44935 0.028906 0.073611
0 0.058131 0.550824 0.04375 0.052778
2 0.162607 0.509517 0.071875 0.070833
2 0.212914 0.456558 0.057031 0.056944
5 0.552588 0.611942 0.125781 0.305556
1 0.600076 0.948067 0.069531 0.218056
2 0.294577 0.424277 0.051562 0.055556
1 0.662024 0.808232 0.04375 0.1875
1 0.664139 0.428325 0.022656 0.052778
1 0.6927 0.41358 0.020312 0.045833
4 0.600011 0.353631 0.030469 0.070833
3 0.456909 0.569364 0.060156 0.1
3 0.447736 0.505284 0.057813 0.0875
3 0.508588 0.45154 0.065625 0.1
5 0.549023 0.319621 0.057031 0.088889
0 0.338471 0.465424 0.025781 0.047222
0 0.401012 0.415602 0.015625 0.031944
3 0.10354 0.768375 0.171875 0.272222
3 0.367297 0.753792 0.102344 0.176389
2 0.256495 0.775714 0.135937 0.247222
2 0.258366 0.663315 0.109375 0.154167
2 0.356964 0.586167 0.075 0.116667
0 0.383731 0.625888 0.024219 0.0625