5 0.870999 0.663557 0.222656 0.3875
1 0.714432 0.401391 0.044531 0.084722
5 0.334807 0.26464 0.061719 0.084722
5 0.280441 0.349274 0.091406 0.156944
5 0.180052 0.401885 0.100781 0.190278
3 0.101821 0.439368 0.060156 0.123611
1 0.395512 0.42475 0.04375 0.068056
5 0.453132 0.280136 0.059375 0.155556
5 0.400139 0.255992 0.039844 0.094444
5 0.364535 0.374638 0.092188 0.201389
1 0.603826 0.335117 0.020312 0.048611
5 0.52596 0.297313 0.035937 0.105556
2 0.446662 0.382608 0.039844 0.091667
3 0.42702 0.548771 0.039844 0.080556
1 0.874526 0.876637 0.067188 0.201389
1 0.551902 0.254874 0.015625 0.047222
5 0.528968 0.197845 0.026563 0.059722
3 0.363348 0.530541 0.088281 0.179167
1 0.584352 0.271714 0.019531 0.043056
5 0.326533 0.80187 0.26875 0.359722
4 0.694306 0.654862 0.145313 0.425
3 0.544129 0.575955 0.053906 0.155556
2 0.55789 0.433723 0.046094 0.120833
5 0.262848 0.532154 0.145313 0.329167
5 0.443532 0.180306 0.033594 0.05
0 0.512309 0.430925 0.017969 0.054167
5 0.086719 0.7375 0.176563 0.519444