6 0.227082 0.768684 0.040625 0.183333
6 0.369993 0.914672 0.033594 0.256944
1 0.12592 0.436046 0.053906 0.097222
0 0.199481 0.817793 0.061719 0.138889
0 0.541208 0.42049 0.023438 0.043056
1 0.908457 0.43722 0.046875 0.123611
1 0.964121 0.446069 0.066406 0.138889
6 0.03757 0.549311 0.028125 0.120833
5 0.184536 0.240089 0.097656 0.159722
2 0.227673 0.350877 0.075781 0.102778
2 0.390592 0.298646 0.046875 0.088889
3 0.314801 0.277406 0.0375 0.075
1 0.300141 0.512989 0.079687 0.155556
3 0.993791 0.631117 0.164844 0.201389
0 0.404853 0.759702 0.055469 0.141667
2 0.458394 0.392427 0.067969 0.098611
2 0.321163 0.415178 0.078125 0.090278
3 0.510494 0.606629 0.176563 0.276389
2 0.710488 0.575301 0.169531 0.243056
5 0.753978 0.420104 0.276563 0.343056