2 0.750644 0.483219 0.023438 0.086111
2 0.733899 0.422155 0.023438 0.059722
2 0.20359 0.482646 0.055469 0.052778
2 0.287002 0.447657 0.05 0.055556
2 0.146942 0.543701 0.082031 0.081944
1 0.309797 0.462402 0.039844 0.076389
5 0.663809 0.403479 0.038281 0.077778
1 0.663209 0.529779 0.028125 0.056944
1 0.672217 0.473709 0.021094 0.055556
1 0.590108 0.957527 0.085938 0.179167
4 0.530004 0.451163 0.064062 0.113889
4 0.591294 0.389934 0.041406 0.077778
1 0.294371 0.980505 0.089844 0.195833
2 0.412826 0.476483 0.075 0.077778
1 0.65211 0.869956 0.060156 0.163889
3 0.172317 0.831144 0.208594 0.375
1 0.576172 0.505556 0.041406 0.086111