1 0.716167 0.410684 0.044531 0.084722
5 0.545495 0.221303 0.026563 0.059722
1 0.608911 0.304988 0.019531 0.043056
2 0.507005 0.259584 0.021875 0.052778
1 0.662709 0.41212 0.035156 0.088889
5 0.379297 0.645833 0.166406 0.497222
5 0.148438 0.659028 0.232812 0.590278
5 0.314453 0.445833 0.107031 0.255556
5 0.407031 0.289583 0.045313 0.126389
5 0.457812 0.231944 0.04375 0.094444
5 0.417188 0.205556 0.0375 0.055556
5 0.352734 0.270139 0.063281 0.095833
5 0.289453 0.331944 0.097656 0.141667
5 0.178906 0.355556 0.09375 0.108333
5 0.548437 0.3875 0.08125 0.188889
5 0.875391 0.665972 0.219531 0.381944
2 0.458594 0.313889 0.034375 0.066667
2 0.596875 0.68125 0.082813 0.215278
0 0.527734 0.596528 0.019531 0.081944
0 0.805078 0.854167 0.038281 0.136111