3 0.880486 0.681357 0.172656 0.265278
3 0.607483 0.425781 0.177344 0.255556
3 0.437957 0.346181 0.082031 0.148611
3 0.368646 0.286983 0.082813 0.158333
3 0.295132 0.245999 0.051562 0.088889
3 0.133284 0.45165 0.088281 0.169444
1 0.90468 0.375419 0.053906 0.120833
1 0.857615 0.365245 0.052344 0.130556
1 0.686985 0.340246 0.054688 0.105556
5 0.211314 0.303934 0.138281 0.205556
0 0.125209 0.797522 0.071094 0.151389
6 0.35628 0.750119 0.039844 0.198611
2 0.339569 0.490016 0.124219 0.156944
5 0.689062 0.777083 0.496875 0.448611
1 0.867578 0.429861 0.091406 0.1375