2 0.749582 0.378578 0.025781 0.052778
2 0.769009 0.440958 0.028906 0.073611
2 0.16597 0.497181 0.065625 0.091667
2 0.214667 0.445205 0.059375 0.070833
2 0.297474 0.405413 0.049219 0.047222
1 0.657516 0.827018 0.051562 0.191667
1 0.399713 0.639116 0.047656 0.109722
2 0.521111 0.480744 0.039844 0.079167
2 0.497144 0.454864 0.039844 0.076389
3 0.393774 0.534089 0.063281 0.095833
0 0.466759 0.369184 0.015625 0.029167
0 0.464055 0.558065 0.021875 0.029167
0 0.52394 0.349487 0.011719 0.027778
1 0.527978 0.719567 0.077344 0.233333
2 0.491513 0.39024 0.042188 0.059722
1 0.557466 0.335678 0.024219 0.048611
3 0.632481 0.393476 0.033594 0.061111
2 0.461344 0.482758 0.041406 0.091667
5 0.579325 0.555426 0.114844 0.2625
5 0.200149 0.797993 0.341406 0.359722
0 0.16783 0.554275 0.042188 0.052778
1 0.598047 0.778472 0.061719 0.190278
3 0.598828 0.394444 0.027344 0.061111
3 0.569922 0.39375 0.025781 0.059722