1 0.912512 0.378654 0.053906 0.120833
1 0.860629 0.362166 0.038281 0.115278
0 0.805926 0.471579 0.036719 0.075
0 0.223128 0.312447 0.032031 0.075
0 0.182117 0.255003 0.011719 0.052778
0 0.260272 0.364589 0.034375 0.086111
5 0.696283 0.781585 0.471094 0.477778
3 0.158221 0.462879 0.094531 0.177778
3 0.896164 0.552096 0.14375 0.222222
3 0.708675 0.542574 0.142969 0.226389
1 0.043706 0.627309 0.059375 0.108333
1 0.724495 0.379763 0.064844 0.127778
5 0.518971 0.253038 0.149219 0.194444
5 0.367574 0.217733 0.108594 0.148611
3 0.342619 0.274183 0.071094 0.102778
3 0.523007 0.379964 0.120312 0.195833
3 0.414607 0.313107 0.080469 0.144444
0 0.141797 0.776389 0.060156 0.138889