5 0.17528 0.314327 0.097656 0.118056
5 0.651909 0.325637 0.077344 0.15
2 0.516462 0.218336 0.01875 0.036111
2 0.541092 0.300063 0.029687 0.063889
1 0.924957 0.780913 0.069531 0.109722
5 0.795562 0.617222 0.185937 0.376389
5 0.176092 0.478042 0.171094 0.322222
5 0.294426 0.293412 0.101562 0.233333
2 0.527662 0.372273 0.038281 0.083333
0 0.616997 0.455812 0.014062 0.056944
5 0.075781 0.532639 0.151562 0.356944
3 0.412891 0.556944 0.067969 0.208333
3 0.412109 0.409028 0.060156 0.109722
3 0.4375 0.329861 0.051562 0.134722
5 0.420312 0.217361 0.035937 0.131944
2 0.387891 0.340972 0.027344 0.068056
5 0.271484 0.620833 0.214844 0.525
5 0.696094 0.752083 0.3125 0.509722
2 0.548047 0.525 0.057031 0.194444
1 0.708203 0.363194 0.035156 0.073611