2 0.759179 0.500204 0.023438 0.086111
2 0.739772 0.43714 0.023438 0.059722
1 0.656209 0.862431 0.057031 0.181944
1 0.694831 0.489145 0.027344 0.075
5 0.319825 0.454565 0.100781 0.108333
3 0.424572 0.435312 0.045313 0.081944
2 0.340569 0.637584 0.082031 0.127778
2 0.489573 0.436772 0.039844 0.045833
1 0.539602 0.388835 0.019531 0.047222
1 0.500216 0.636732 0.052344 0.126389
5 0.152734 0.60625 0.302344 0.331944
2 0.091406 0.964583 0.182812 0.201389
2 0.064844 0.858333 0.167187 0.169444
2 0.375 0.678472 0.125 0.240278