2 0.74888 0.485161 0.023438 0.086111
2 0.732338 0.423994 0.023438 0.059722
2 0.2006 0.48112 0.055469 0.052778
2 0.284333 0.447688 0.05 0.055556
2 0.143536 0.542482 0.082031 0.081944
1 0.335303 0.44962 0.039844 0.076389
1 0.668316 0.512032 0.028125 0.056944
1 0.67655 0.473137 0.021094 0.055556
1 0.586766 0.960036 0.085938 0.179167
4 0.473699 0.497467 0.064062 0.113889
4 0.570534 0.413164 0.041406 0.077778
1 0.648061 0.860176 0.060156 0.163889
1 0.495003 0.608913 0.041406 0.086111
2 0.608933 0.422 0.021875 0.045833
5 0.641111 0.423743 0.051562 0.108333
2 0.509635 0.41712 0.038281 0.0375