2 0.762875 0.476306 0.023438 0.086111
2 0.74323 0.413242 0.023438 0.059722
1 0.572828 0.975849 0.058594 0.172222
1 0.643016 0.858919 0.057031 0.181944
1 0.685303 0.498341 0.027344 0.075
2 0.207021 0.463225 0.057031 0.05
5 0.329434 0.426609 0.100781 0.108333
2 0.458028 0.516713 0.0625 0.073611
3 0.335606 0.464699 0.075 0.079167
2 0.161749 0.527138 0.06875 0.077778
5 0.565795 0.338089 0.049219 0.073611
1 0.558089 0.673022 0.048437 0.116667
2 0.515647 0.518598 0.058594 0.127778
5 0.527352 0.36754 0.065625 0.106944
1 0.611768 0.460152 0.032031 0.075
1 0.430521 0.441635 0.035937 0.076389
2 0.305659 0.559732 0.090625 0.106944
1 0.353257 0.496043 0.045313 0.088889
2 0.294194 0.657563 0.105469 0.134722
2 0.385478 0.648177 0.078125 0.115278
1 0.347151 0.75929 0.078906 0.145833
1 0.3529 0.885666 0.090625 0.172222