2 0.752737 0.546841 0.023438 0.086111
2 0.7362 0.498228 0.023438 0.059722
1 0.703153 0.499682 0.027344 0.075
1 0.533449 0.53068 0.023438 0.043056
1 0.644553 0.923505 0.053906 0.186111
2 0.142968 0.625669 0.079687 0.108333
5 0.328046 0.531009 0.159375 0.166667
2 0.400991 0.563132 0.067188 0.077778
2 0.456424 0.509541 0.049219 0.05
1 0.477503 0.476878 0.021094 0.05
0 0.515248 0.653704 0.021875 0.052778
0 0.436513 0.783944 0.025781 0.059722
1 0.645386 0.456952 0.021875 0.041667
5 0.532111 0.442762 0.073437 0.1
2 0.194666 0.558876 0.045313 0.052778
0 0.112855 0.778518 0.053906 0.095833