2 0.762014 0.440247 0.023438 0.086111
2 0.744628 0.380699 0.023438 0.059722
1 0.6574 0.551906 0.033594 0.104167
1 0.589637 0.885541 0.063281 0.120833
1 0.622845 0.474141 0.028125 0.070833
0 0.047219 0.536054 0.038281 0.058333
2 0.208504 0.43783 0.055469 0.052778
4 0.620929 0.280625 0.045313 0.077778
2 0.291101 0.407951 0.05 0.055556
2 0.146088 0.493604 0.067969 0.075
1 0.580146 0.701629 0.057031 0.184722
2 0.551773 0.442521 0.038281 0.059722
3 0.417913 0.5297 0.060156 0.088889
1 0.485196 0.825589 0.061719 0.184722
1 0.616447 0.680286 0.039844 0.095833
0 0.172742 0.932069 0.075781 0.109722
2 0.376143 0.654052 0.09375 0.141667
1 0.494768 0.669973 0.057031 0.126389
5 0.562629 0.321487 0.055469 0.093056
2 0.186476 0.707466 0.155469 0.227778
3 0.398319 0.420858 0.041406 0.084722