5 0.295636 0.333268 0.101562 0.304167
5 0.17416 0.321626 0.097656 0.118056
0 0.388547 0.348231 0.020312 0.044444
1 0.938779 0.846475 0.075781 0.109722
5 0.157444 0.494571 0.185937 0.327778
5 0.654769 0.320883 0.077344 0.15
1 0.71031 0.367237 0.039844 0.076389
5 0.417728 0.238755 0.055469 0.144444
2 0.521479 0.30626 0.027344 0.073611
2 0.510727 0.204216 0.01875 0.036111
2 0.540063 0.248876 0.029687 0.063889
2 0.365595 0.423381 0.058594 0.1125
3 0.420058 0.40881 0.077344 0.1875
3 0.390634 0.585491 0.095312 0.265278
5 0.769106 0.576076 0.171875 0.348611
3 0.363338 0.77603 0.117969 0.301389
5 0.171098 0.736913 0.328125 0.45
5 0.613672 0.632639 0.188281 0.5375