2 0.748403 0.484136 0.023438 0.086111
2 0.731722 0.422903 0.023438 0.059722
2 0.199817 0.47854 0.055469 0.052778
2 0.285129 0.447811 0.05 0.055556
2 0.143079 0.539668 0.082031 0.081944
1 0.586857 0.954205 0.085938 0.179167
1 0.648738 0.867553 0.060156 0.163889
4 0.549769 0.409048 0.059375 0.105556
0 0.498229 0.55868 0.017188 0.05
2 0.655106 0.375444 0.026563 0.051389
5 0.597073 0.495502 0.063281 0.134722
1 0.644754 0.737648 0.041406 0.118056
1 0.364454 0.443614 0.024219 0.059722
1 0.295129 0.856631 0.100781 0.202778
2 0.564494 0.48399 0.033594 0.081944
4 0.401563 0.56875 0.121875 0.226389