5 0.176839 0.299975 0.097656 0.118056
5 0.659016 0.317585 0.077344 0.15
5 0.17864 0.463182 0.171094 0.322222
5 0.301175 0.290834 0.101562 0.233333
2 0.408477 0.239523 0.027344 0.068056
1 0.708669 0.360337 0.035156 0.073611
2 0.574369 0.382942 0.04375 0.098611
2 0.525127 0.256271 0.030469 0.063889
5 0.838639 0.6658 0.225781 0.413889
2 0.58296 0.61735 0.075 0.143056
5 0.358925 0.387911 0.105469 0.258333
1 0.352735 0.561644 0.061719 0.159722
3 0.27303 0.650013 0.13125 0.2625
2 0.68727 0.932972 0.16875 0.293056
0 0.697848 0.693789 0.025781 0.094444
3 0.441406 0.354861 0.04375 0.1375
3 0.452344 0.240972 0.035937 0.084722
5 0.051172 0.5375 0.157031 0.383333
0 0.118359 0.959722 0.030469 0.063889
2 0.346484 0.938889 0.127344 0.197222