5 0.906724 0.516037 0.186719 0.266667
5 0.230661 0.35755 0.151562 0.222222
5 0.415063 0.264847 0.095312 0.134722
5 0.123972 0.258647 0.071094 0.116667
1 0.161765 0.324066 0.033594 0.088889
1 0.146756 0.528622 0.044531 0.122222
1 0.074259 0.725053 0.06875 0.141667
0 0.187306 0.87129 0.064062 0.133333
6 0.281614 0.922492 0.032812 0.175
6 0.220505 0.805541 0.027344 0.163889
3 0.407569 0.402483 0.055469 0.105556
0 0.130232 0.661787 0.057031 0.101389
0 0.19718 0.69151 0.029687 0.098611
0 0.196117 0.488376 0.020312 0.063889
5 0.706481 0.885611 0.505469 0.438889
3 0.582797 0.42593 0.089844 0.138889
5 0.330331 0.289537 0.107031 0.159722
6 0.039546 0.599149 0.027344 0.113889
0 0.5375 0.353472 0.023438 0.070833