2 0.749063 0.385668 0.025781 0.052778
2 0.768498 0.447539 0.028906 0.073611
0 0.060033 0.549601 0.04375 0.052778
2 0.164441 0.508122 0.071875 0.070833
2 0.214742 0.455184 0.057031 0.056944
5 0.563481 0.610507 0.125781 0.305556
1 0.596194 0.949365 0.069531 0.218056
2 0.296272 0.423257 0.051562 0.055556
2 0.386704 0.54991 0.057031 0.0625
1 0.660075 0.81596 0.04375 0.1875
1 0.415325 0.922541 0.0875 0.2875
2 0.298082 0.627125 0.074219 0.118056
1 0.674247 0.40574 0.022656 0.052778
1 0.694155 0.411735 0.020312 0.045833
4 0.616198 0.34677 0.030469 0.070833
2 0.308249 0.700628 0.11875 0.193056
3 0.446549 0.658225 0.09375 0.176389
3 0.174681 0.729024 0.151562 0.2625
3 0.487891 0.534722 0.060156 0.1
3 0.472656 0.482639 0.057813 0.0875
3 0.525 0.441667 0.065625 0.1
5 0.528516 0.338889 0.057031 0.088889
0 0.237891 0.536111 0.025781 0.047222
0 0.346094 0.450694 0.015625 0.031944
0 0.179688 0.90625 0.057813 0.151389