1 0.917564 0.382167 0.053906 0.120833
1 0.865251 0.365138 0.038281 0.115278
5 0.696013 0.766486 0.471094 0.477778
3 0.134061 0.410398 0.094531 0.177778
3 0.341834 0.282896 0.071094 0.102778
3 0.540994 0.406538 0.120312 0.195833
3 0.424863 0.328613 0.080469 0.144444
0 0.138803 0.794091 0.060156 0.138889
0 0.924629 0.54688 0.053125 0.081944
5 0.568786 0.277615 0.171094 0.215278
5 0.416105 0.249853 0.13125 0.173611
3 0.741962 0.567146 0.158594 0.258333
0 0.168362 0.263707 0.017188 0.059722
0 0.193853 0.30447 0.015625 0.038889
0 0.147807 0.218898 0.013281 0.043056
1 0.283594 0.158333 0.034375 0.063889
1 0.241016 0.15625 0.035156 0.056944
1 0.036719 0.711111 0.067188 0.15
1 0.822656 0.441667 0.085938 0.155556
6 0.458594 0.745139 0.026563 0.201389
6 0.433594 0.722917 0.035937 0.190278