2 0.744544 0.38916 0.025781 0.052778
2 0.764127 0.450975 0.028906 0.073611
0 0.060592 0.554819 0.04375 0.052778
2 0.158303 0.509153 0.071875 0.070833
2 0.211935 0.451234 0.057031 0.056944
1 0.58498 0.948829 0.069531 0.218056
2 0.302151 0.415748 0.051562 0.055556
1 0.645937 0.82544 0.04375 0.1875
1 0.679223 0.433754 0.020312 0.045833
3 0.470988 0.486589 0.065625 0.1
0 0.458593 0.384769 0.025781 0.047222
0 0.494705 0.363129 0.015625 0.031944
2 0.303589 0.632329 0.075 0.116667
0 0.366647 0.82898 0.029687 0.0875
4 0.554765 0.389553 0.047656 0.095833
1 0.666071 0.387241 0.025781 0.056944
5 0.594066 0.29839 0.049219 0.070833
0 0.265488 0.5782 0.04375 0.055556
0 0.605953 0.409891 0.016406 0.036111
3 0.396982 0.632648 0.084375 0.119444
3 0.403466 0.535122 0.06875 0.073611
1 0.619172 0.480242 0.039062 0.070833
2 0.183543 0.829317 0.176563 0.244444
2 0.18694 0.728114 0.127344 0.172222
0 0.306822 0.735284 0.042188 0.061111
2 0.597343 0.371738 0.039844 0.063889
1 0.438281 0.701389 0.071875 0.15
5 0.539453 0.624306 0.150781 0.356944