2 0.74649 0.532784 0.023438 0.086111
2 0.729113 0.47302 0.023438 0.059722
1 0.652588 0.919164 0.057813 0.166667
5 0.445509 0.455157 0.071875 0.102778
1 0.670324 0.498035 0.017969 0.031944
1 0.611717 0.535937 0.025781 0.072222
1 0.549689 0.440873 0.01875 0.044444
0 0.37471 0.554587 0.016406 0.048611
0 0.45415 0.485208 0.011719 0.020833
0 0.561509 0.490645 0.0125 0.027778
0 0.564979 0.865186 0.0375 0.1125
4 0.221401 0.614017 0.190625 0.243056
5 0.62355 0.420172 0.047656 0.076389
5 0.652391 0.403959 0.035156 0.066667