5 0.702799 0.755921 0.471094 0.477778
3 0.351896 0.284694 0.071094 0.102778
3 0.447537 0.344576 0.080469 0.144444
1 0.33615 0.179984 0.034375 0.063889
1 0.300532 0.197607 0.035156 0.056944
1 0.869492 0.367959 0.059375 0.115278
1 0.922127 0.379657 0.067969 0.134722
3 0.58915 0.448546 0.135156 0.220833
6 0.43534 0.756898 0.032812 0.191667
6 0.402361 0.749757 0.036719 0.204167
3 0.845478 0.639227 0.196094 0.279167
0 0.145302 0.783182 0.065625 0.144444
5 0.520705 0.3155 0.1625 0.236111
5 0.677709 0.30756 0.2125 0.244444
1 0.041016 0.790972 0.082031 0.173611
3 0.088281 0.357639 0.071875 0.134722