5 0.880523 0.616576 0.222656 0.3875
1 0.716474 0.348125 0.044531 0.084722
2 0.522398 0.241605 0.028906 0.056944
4 0.570006 0.283675 0.047656 0.140278
0 0.622854 0.322574 0.019531 0.036111
5 0.506304 0.187001 0.029687 0.061111
5 0.315256 0.377763 0.141406 0.206944
5 0.438303 0.329453 0.085156 0.233333
5 0.445232 0.193749 0.048437 0.115278
5 0.380576 0.232684 0.065625 0.094444
5 0.328461 0.236194 0.061719 0.084722
5 0.277842 0.305361 0.091406 0.156944
5 0.176851 0.355545 0.100781 0.190278
3 0.098272 0.401803 0.060156 0.123611
2 0.440206 0.502674 0.0625 0.147222
0 0.375182 0.508687 0.019531 0.059722
0 0.426473 0.408277 0.023438 0.05
1 0.383625 0.602845 0.058594 0.198611
3 0.910831 0.861258 0.172656 0.354167
1 0.732524 0.515247 0.039844 0.120833
5 0.164639 0.707399 0.260156 0.523611
1 0.385956 0.421131 0.04375 0.068056
6 0.357031 0.729167 0.05 0.1
1 0.650781 0.558333 0.059375 0.155556
3 0.604688 0.431944 0.05625 0.169444
3 0.51875 0.309722 0.029687 0.094444