3 0.520892 0.451073 0.050781 0.058333
2 0.743542 0.550852 0.023438 0.086111
2 0.726604 0.490999 0.023438 0.059722
1 0.650521 0.93254 0.057813 0.166667
2 0.276502 0.528499 0.054688 0.052778
1 0.596536 0.702804 0.042188 0.081944
1 0.644747 0.655529 0.035937 0.055556
2 0.197413 0.562466 0.064844 0.059722
2 0.566655 0.432782 0.029687 0.043056
5 0.469566 0.463993 0.0625 0.105556
3 0.574271 0.533329 0.032031 0.070833
0 0.249498 0.59066 0.024219 0.048611
2 0.129943 0.628587 0.071094 0.058333
1 0.682924 0.48242 0.017969 0.063889
1 0.635592 0.494133 0.01875 0.047222
1 0.523645 0.537852 0.025781 0.069444
1 0.617084 0.564224 0.025781 0.065278
1 0.414426 0.75907 0.055469 0.125
3 0.586471 0.465541 0.019531 0.045833
3 0.385274 0.537119 0.083594 0.072222
5 0.271094 0.753472 0.23125 0.3625
3 0.037109 0.773611 0.119531 0.180556