3 0.424968 0.174268 0.023438 0.054167
1 0.401133 0.277441 0.024219 0.045833
2 0.531866 0.250955 0.025781 0.070833
3 0.600134 0.310457 0.032812 0.0875
2 0.451882 0.252149 0.035156 0.075
5 0.452696 0.210677 0.038281 0.102778
5 0.474369 0.153366 0.022656 0.080556
5 0.809581 0.936607 0.339844 0.523611
5 0.725168 0.430239 0.1125 0.194444
5 0.364464 0.309267 0.086719 0.158333
5 0.338544 0.257523 0.057813 0.111111
5 0.283412 0.307046 0.071094 0.116667
5 0.180733 0.335346 0.10625 0.127778
0 0.620762 0.431534 0.021875 0.052778
3 0.543858 0.199885 0.017188 0.045833
1 0.56735 0.212172 0.009375 0.043056
0 0.604889 0.363556 0.011719 0.045833
0 0.464879 0.55364 0.021875 0.063889
1 0.317815 0.523709 0.055469 0.091667
1 0.352503 0.41211 0.036719 0.102778
2 0.567202 0.352664 0.034375 0.075
2 0.542932 0.39021 0.046094 0.116667
5 0.199655 0.49653 0.242969 0.320833
3 0.580859 0.55625 0.096094 0.201389
1 0.813672 0.497917 0.035156 0.070833
5 0.432813 0.393056 0.09375 0.275
5 0.29375 0.78125 0.328125 0.404167
5 0.03125 0.741667 0.182812 0.436111
1 0.119922 0.918056 0.088281 0.144444