2 0.747048 0.384201 0.025781 0.052778
2 0.7694 0.449369 0.028906 0.073611
1 0.688223 0.473247 0.028125 0.05
2 0.160671 0.510069 0.065625 0.091667
2 0.209851 0.448421 0.059375 0.070833
1 0.651884 0.829078 0.057813 0.1875
2 0.299555 0.40369 0.049219 0.047222
2 0.580773 0.389723 0.025 0.040278
1 0.651705 0.601671 0.036719 0.098611
1 0.600352 0.573101 0.039844 0.127778
2 0.512409 0.453008 0.045313 0.05
1 0.594027 0.426161 0.020312 0.056944
0 0.562082 0.485689 0.017969 0.031944
5 0.564662 0.312772 0.053125 0.079167
1 0.030091 0.569124 0.053125 0.125
5 0.48766 0.610371 0.117969 0.263889
5 0.31351 0.59128 0.190625 0.3
2 0.516977 0.383042 0.030469 0.045833
5 0.690419 0.3649 0.0375 0.095833
5 0.248698 0.827106 0.317969 0.3625
1 0.645087 0.404954 0.021875 0.055556
3 0.554901 0.395497 0.032812 0.0625
1 0.044922 0.700694 0.078906 0.120833