2 0.748476 0.483691 0.023438 0.086111
2 0.73187 0.422387 0.023438 0.059722
2 0.199821 0.478265 0.055469 0.052778
2 0.284496 0.445179 0.05 0.055556
2 0.142981 0.539233 0.082031 0.081944
1 0.551226 0.974227 0.085938 0.179167
1 0.630166 0.882831 0.060156 0.163889
4 0.540252 0.426524 0.059375 0.105556
0 0.461308 0.61764 0.017188 0.05
2 0.645155 0.392684 0.026563 0.051389
1 0.64694 0.72859 0.041406 0.118056
1 0.372176 0.435913 0.024219 0.059722
1 0.174956 0.992658 0.100781 0.202778
2 0.53713 0.513986 0.033594 0.081944
4 0.356782 0.611016 0.121875 0.226389
5 0.581751 0.537447 0.077344 0.181944
1 0.672794 0.370538 0.01875 0.051389
0 0.051562 0.738889 0.065625 0.091667