5 0.183076 0.2912 0.097656 0.118056
5 0.6481 0.320424 0.077344 0.15
5 0.190952 0.457808 0.171094 0.322222
5 0.327258 0.285476 0.101562 0.233333
1 0.708285 0.362257 0.035156 0.073611
5 0.887117 0.725725 0.2625 0.455556
5 0.519299 0.209236 0.032031 0.084722
1 0.5666 0.252209 0.017188 0.048611
3 0.457733 0.25256 0.032031 0.102778
2 0.4302 0.437962 0.071875 0.127778
3 0.391196 0.373555 0.054688 0.105556
1 0.396523 0.328042 0.034375 0.055556
1 0.368143 0.468245 0.058594 0.145833
1 0.740151 0.614719 0.035937 0.122222
2 0.579789 0.572159 0.057813 0.127778
2 0.349822 0.681507 0.103125 0.151389
1 0.14864 0.635045 0.069531 0.184722
0 0.340186 0.431741 0.020312 0.0625
2 0.774352 1.0 0.175 0.236111
0 0.73002 0.848049 0.024219 0.093056
5 0.42224 0.250694 0.051562 0.130556
5 0.237109 0.759028 0.283594 0.273611
5 0.068359 0.527083 0.127344 0.3375