2 0.752102 0.491242 0.023438 0.086111
2 0.735028 0.4292 0.023438 0.059722
1 0.655183 0.596123 0.041406 0.118056
2 0.523968 0.476111 0.032031 0.052778
2 0.553264 0.439253 0.028125 0.0375
1 0.58393 0.969795 0.058594 0.172222
1 0.648322 0.87901 0.057031 0.181944
2 0.47681 0.501845 0.032031 0.056944
0 0.562583 0.477107 0.011719 0.041667
1 0.490636 0.667809 0.048437 0.123611
1 0.575831 0.553916 0.035937 0.088889
1 0.640713 0.479286 0.027344 0.079167
1 0.599451 0.455789 0.028125 0.068056
1 0.162382 0.553021 0.049219 0.091667
4 0.408202 0.531588 0.10625 0.169444
5 0.25537 0.478319 0.101562 0.156944
2 0.374872 0.698308 0.114844 0.180556
1 0.493237 0.428271 0.024219 0.045833
5 0.069141 0.647222 0.138281 0.255556
5 0.275391 0.890972 0.250781 0.201389