1 0.602147 0.295148 0.017969 0.043056
3 0.520041 0.230685 0.016406 0.043056
4 0.553861 0.201111 0.028125 0.081944
1 0.705023 0.406034 0.020312 0.054167
3 0.56373 0.271178 0.01875 0.0625
3 0.115345 0.40919 0.05 0.127778
0 0.39131 0.611365 0.03125 0.095833
3 0.683241 0.504026 0.067969 0.163889
2 0.41284 0.815683 0.115625 0.247222
2 0.546425 0.414997 0.046094 0.155556
1 0.724817 0.35501 0.032812 0.081944
5 0.457975 0.23103 0.050781 0.095833
5 0.429016 0.428448 0.114844 0.318056
5 0.386945 0.263549 0.073437 0.125
5 0.296818 0.404646 0.165625 0.223611
5 0.189401 0.355865 0.095312 0.180556
5 0.340654 0.229017 0.050781 0.077778
5 0.280726 0.289396 0.077344 0.113889
1 0.190749 0.621739 0.053906 0.0875
1 0.850951 0.586978 0.196094 0.348611
2 0.679688 0.829167 0.117188 0.263889
5 0.121875 0.829861 0.290625 0.354167
5 0.067969 0.624306 0.146875 0.245833