5 0.31436 0.223973 0.077344 0.130556
1 0.223391 0.299428 0.03125 0.070833
5 0.169894 0.326793 0.121094 0.126389
5 0.103463 0.463403 0.192188 0.252778
3 1.0 0.988134 0.078906 0.280556
0 0.38974 0.42324 0.027344 0.084722
5 0.527445 0.203885 0.042969 0.106944
0 0.718354 0.491345 0.020312 0.0625
3 0.551533 0.504785 0.050781 0.138889
4 0.611458 0.417892 0.075 0.191667
2 0.529556 0.308106 0.034375 0.094444
1 0.339972 0.444916 0.042188 0.084722
5 0.156368 0.708796 0.292188 0.566667
5 0.267014 0.356081 0.074219 0.177778
5 0.436561 0.289651 0.074219 0.209722
5 0.39631 0.149697 0.038281 0.059722
3 0.394513 0.211415 0.027344 0.070833
3 0.330009 0.278575 0.051562 0.093056
1 0.320698 0.341537 0.05 0.105556
2 0.789098 0.924854 0.138281 0.252778
3 0.419127 0.56355 0.082813 0.245833
3 0.441461 0.408186 0.002344 0.011111
1 0.426088 0.43723 0.049219 0.070833
3 0.599219 0.792361 0.13125 0.331944
0 0.839453 0.88125 0.060156 0.1625