2 0.746267 0.38585 0.025781 0.052778
2 0.765498 0.448322 0.028906 0.073611
2 0.162041 0.504059 0.065625 0.091667
2 0.218614 0.44641 0.059375 0.070833
2 0.293749 0.412186 0.049219 0.047222
1 0.532663 0.350438 0.03125 0.0625
1 0.661261 0.838901 0.051562 0.191667
1 0.442674 0.602944 0.047656 0.109722
5 0.585164 0.532058 0.0875 0.25
2 0.550495 0.453299 0.039844 0.079167
2 0.475752 0.481498 0.029687 0.059722
2 0.511467 0.44246 0.039844 0.076389
3 0.420494 0.51882 0.063281 0.095833
2 0.452583 0.415037 0.052344 0.070833
0 0.47501 0.37854 0.015625 0.029167
0 0.495809 0.532072 0.021875 0.029167
0 0.500736 0.370643 0.011719 0.027778
5 0.267278 0.774766 0.311719 0.413889
1 0.603063 0.754927 0.08125 0.176389
1 0.532422 0.716667 0.077344 0.233333