2 0.748762 0.485643 0.023438 0.086111
2 0.732093 0.424475 0.023438 0.059722
2 0.20045 0.480806 0.055469 0.052778
2 0.284971 0.449787 0.05 0.055556
2 0.143321 0.541983 0.082031 0.081944
1 0.349063 0.44819 0.039844 0.076389
1 0.679897 0.491739 0.028125 0.056944
1 0.707631 0.421001 0.021094 0.055556
1 0.575036 0.967227 0.085938 0.179167
1 0.65209 0.854589 0.060156 0.163889
2 0.584589 0.458615 0.021875 0.045833
5 0.615131 0.467204 0.051562 0.108333
4 0.442297 0.532735 0.092188 0.169444
4 0.559444 0.412363 0.059375 0.105556
0 0.533404 0.502173 0.017188 0.05
1 0.414062 0.714583 0.071875 0.154167
2 0.661719 0.371528 0.026563 0.051389