1 0.651533 0.392762 0.024219 0.063889
1 0.693628 0.409809 0.039062 0.056944
1 0.66933 0.757343 0.05625 0.177778
2 0.772693 0.39665 0.0375 0.088889
2 0.749639 0.325356 0.025781 0.052778
6 0.731791 0.573715 0.030469 0.123611
2 0.168604 0.449601 0.074219 0.075
2 0.216613 0.387575 0.057031 0.063889
5 0.491219 0.316726 0.114063 0.129167
1 0.53076 0.843372 0.085156 0.172222
3 0.163171 0.528248 0.171094 0.170833
1 0.304426 0.433484 0.040625 0.081944
5 0.263657 0.646907 0.317187 0.520833
2 0.450152 0.519137 0.075 0.145833
2 0.299609 0.354167 0.038281 0.05
1 0.714063 0.286111 0.015625 0.036111
2 0.686719 0.2625 0.020312 0.05
3 0.651563 0.258333 0.029687 0.063889
3 0.434766 0.336111 0.025781 0.033333