2 0.75108 0.530805 0.023438 0.086111
2 0.733569 0.470943 0.023438 0.059722
2 0.146953 0.610697 0.076563 0.077778
2 0.199696 0.553027 0.061719 0.070833
2 0.28816 0.508186 0.047656 0.052778
0 0.486916 0.487313 0.024219 0.026389
1 0.650107 0.920844 0.057813 0.166667
0 0.353983 0.545949 0.017969 0.052778
1 0.654197 0.462081 0.019531 0.044444
1 0.18547 0.630983 0.047656 0.052778
1 0.447667 0.520602 0.033594 0.068056
5 0.657626 0.391071 0.021875 0.05
5 0.681348 0.377128 0.022656 0.052778
5 0.532768 0.420458 0.047656 0.069444
1 0.537441 0.447706 0.016406 0.048611
5 0.409573 0.465147 0.071875 0.102778
1 0.327488 0.803195 0.073437 0.134722
0 0.098031 0.763566 0.042188 0.073611