2 0.738616 0.399071 0.025781 0.052778
2 0.757805 0.461454 0.028906 0.073611
2 0.156393 0.511665 0.065625 0.091667
2 0.209569 0.457169 0.059375 0.070833
2 0.284619 0.423358 0.049219 0.047222
0 0.04492 0.562961 0.0375 0.058333
2 0.285867 0.636893 0.053906 0.068056
1 0.4672 0.394606 0.03125 0.0625
2 0.514585 0.450091 0.027344 0.065278
3 0.477251 0.478181 0.0375 0.075
0 0.407963 0.445827 0.029687 0.043056
2 0.536984 0.428641 0.026563 0.05
2 0.400025 0.557695 0.060156 0.068056
5 0.376388 0.723235 0.232031 0.388889
2 0.305919 0.53337 0.061719 0.088889
5 0.606756 0.488242 0.089844 0.184722
5 0.124609 0.725694 0.264844 0.420833
1 0.649219 0.838889 0.051562 0.191667
1 0.615234 0.7125 0.082031 0.166667
1 0.558203 0.667361 0.072656 0.173611
1 0.520703 0.521528 0.047656 0.109722