5 0.452925 0.259763 0.053125 0.144444
5 0.347179 0.334056 0.114844 0.222222
5 0.157577 0.480454 0.242969 0.368056
5 0.185012 0.32112 0.103125 0.109722
5 0.286843 0.307573 0.065625 0.180556
5 0.344312 0.223626 0.076563 0.061111
1 0.290491 0.488071 0.067969 0.152778
1 0.239166 0.670895 0.060156 0.102778
1 0.726776 0.346839 0.046875 0.061111
3 0.41605 0.177053 0.023438 0.054167
1 0.399444 0.254418 0.024219 0.045833
5 0.475158 0.154265 0.034375 0.056944
2 0.44805 0.342551 0.053906 0.104167
2 0.533897 0.259057 0.033594 0.048611
3 0.571308 0.213417 0.020312 0.05
2 0.526668 0.187773 0.0125 0.034722
5 0.600827 0.440332 0.115625 0.341667
5 0.644359 0.293165 0.071094 0.148611
5 0.345714 0.662858 0.25625 0.590278
3 0.533523 0.303553 0.024219 0.091667
5 0.194531 0.59375 0.164062 0.1125