5 0.963575 0.501937 0.186719 0.266667
1 0.096731 0.451766 0.044531 0.122222
0 0.184683 0.85537 0.064062 0.133333
6 0.300492 0.907859 0.032812 0.175
6 0.22224 0.773193 0.027344 0.163889
0 0.097236 0.509473 0.029687 0.098611
1 0.066785 0.66516 0.0625 0.148611
1 0.64546 0.389648 0.045313 0.095833
1 0.283862 0.76828 0.08125 0.163889
0 0.022963 0.634554 0.034375 0.081944
5 0.132153 0.253516 0.078906 0.148611
5 0.408412 0.226862 0.064062 0.109722
3 0.894512 0.731144 0.178906 0.231944
3 0.980431 0.644692 0.15 0.269444
5 0.542188 0.402778 0.217187 0.283333
3 0.357422 0.359028 0.069531 0.104167
0 0.403906 0.339583 0.015625 0.048611
1 0.302734 0.300694 0.035156 0.070833
1 0.260938 0.272222 0.028125 0.072222
5 0.363672 0.675694 0.280469 0.454167
3 0.707812 0.802083 0.24375 0.3375