1 0.601627 0.285526 0.017969 0.043056
3 0.522603 0.219606 0.016406 0.043056
4 0.555745 0.201485 0.028125 0.081944
1 0.706273 0.408943 0.020312 0.054167
3 0.564742 0.266703 0.01875 0.0625
3 0.118097 0.406727 0.05 0.127778
0 0.388798 0.619989 0.03125 0.095833
2 0.668179 0.760873 0.095312 0.218056
3 0.676342 0.477098 0.067969 0.163889
2 0.411719 0.852778 0.115625 0.247222
2 0.546484 0.406944 0.046094 0.155556
1 0.720312 0.354861 0.032812 0.081944
5 0.459766 0.23125 0.050781 0.095833
5 0.427734 0.442361 0.114844 0.318056
5 0.389062 0.263889 0.073437 0.125
5 0.298438 0.404861 0.165625 0.223611
5 0.192969 0.355556 0.095312 0.180556
5 0.342578 0.229167 0.050781 0.077778
5 0.282422 0.290278 0.077344 0.113889
5 0.125 0.823611 0.278125 0.336111
5 0.062891 0.613194 0.146094 0.226389
1 0.192578 0.642361 0.053906 0.0875
1 0.854297 0.585417 0.196094 0.348611