1 0.516058 0.331562 0.021875 0.056944
1 0.500202 0.270799 0.020312 0.052778
1 0.324997 0.246035 0.071875 0.131944
5 0.356965 0.350217 0.09375 0.219444
5 0.255262 0.248731 0.0625 0.101389
2 0.252823 0.327147 0.048437 0.066667
3 0.458765 0.229561 0.027344 0.059722
3 0.734787 0.529798 0.085938 0.163889
5 0.223959 0.528691 0.182812 0.381944
5 0.14185 0.411688 0.145313 0.259722
5 0.85466 0.753704 0.283594 0.483333
3 0.305213 0.658559 0.149219 0.336111
2 0.481497 0.465966 0.051562 0.109722
0 0.107422 0.697222 0.039844 0.091667
1 0.046484 0.811806 0.091406 0.251389
5 0.043359 0.510417 0.086719 0.279167
2 0.361328 0.482639 0.057031 0.101389
0 0.471094 0.33125 0.021875 0.045833
5 0.620703 0.402778 0.158594 0.275