3 0.532956 0.39273 0.033594 0.079167
3 0.374563 0.27535 0.048437 0.127778
3 0.269049 0.302918 0.057813 0.098611
3 0.36304 0.251026 0.039844 0.084722
5 0.302775 0.245117 0.077344 0.130556
5 0.383479 0.200347 0.041406 0.105556
1 0.218457 0.298349 0.03125 0.070833
5 0.156193 0.319431 0.121094 0.126389
4 0.54583 0.266514 0.032812 0.070833
5 0.501044 0.144566 0.024219 0.065278
6 0.270415 0.589071 0.035937 0.141667
1 0.2592 0.659606 0.0875 0.151389
5 0.228386 0.465114 0.177344 0.322222
0 0.605497 0.669775 0.017188 0.075
0 0.543322 0.601846 0.028125 0.073611
2 0.508239 0.227635 0.023438 0.073611
0 0.664084 0.40009 0.0125 0.059722
5 0.388726 0.482324 0.1375 0.481944
5 0.10334 0.548211 0.203125 0.379167
0 0.639316 0.384495 0.0125 0.068056
1 0.785958 0.960259 0.105469 0.159722
0 0.856635 0.972406 0.042188 0.0875
2 0.787477 0.709695 0.107031 0.215278
3 0.939742 0.761086 0.135156 0.315278
1 0.64895 0.586517 0.053906 0.166667
2 0.600724 0.384369 0.05 0.097222
3 0.621484 0.872222 0.128906 0.25