1 0.706487 0.401758 0.044531 0.084722
1 0.732527 0.510004 0.051562 0.109722
5 0.157296 0.368335 0.089062 0.179167
5 0.330643 0.316037 0.039844 0.138889
1 0.589725 0.34746 0.020312 0.059722
5 0.654354 0.336762 0.082031 0.176389
5 0.093347 0.699943 0.173438 0.579167
1 0.588236 0.478187 0.030469 0.066667
1 0.566942 0.313582 0.017969 0.0625
5 0.257149 0.425012 0.109375 0.370833
5 0.386937 0.49724 0.121094 0.363889
5 0.423744 0.287662 0.057813 0.123611
5 0.509556 0.217325 0.032031 0.076389
2 0.383068 0.821459 0.107813 0.240278
3 0.538102 0.505244 0.071875 0.173611
3 0.51591 0.311494 0.038281 0.113889
5 0.557254 0.2718 0.041406 0.098611