3 0.907689 0.710137 0.172656 0.265278
3 0.647582 0.451151 0.177344 0.255556
3 0.456082 0.367537 0.082031 0.148611
3 0.368328 0.293882 0.082813 0.158333
3 0.305658 0.252119 0.051562 0.088889
3 0.113486 0.419552 0.088281 0.169444
1 0.910372 0.37881 0.053906 0.120833
1 0.852276 0.364936 0.052344 0.130556
1 0.727679 0.36333 0.054688 0.105556
5 0.187761 0.246275 0.138281 0.205556
0 0.129018 0.787679 0.071094 0.151389
6 0.360756 0.742894 0.039844 0.198611
2 0.262688 0.41626 0.124219 0.156944
5 0.703475 0.791304 0.496875 0.448611
1 0.903205 0.457544 0.091406 0.1375