5 0.684815 0.766801 0.471094 0.477778
3 0.113546 0.404057 0.094531 0.177778
3 0.342707 0.2839 0.071094 0.102778
3 0.553825 0.417225 0.120312 0.195833
3 0.430307 0.331234 0.080469 0.144444
0 0.144147 0.778467 0.060156 0.138889
5 0.597084 0.296615 0.171094 0.215278
5 0.444934 0.264123 0.13125 0.173611
3 0.77487 0.599038 0.158594 0.258333
0 0.158133 0.261801 0.017188 0.059722
0 0.178884 0.290271 0.015625 0.038889
0 0.136753 0.219728 0.013281 0.043056
1 0.298246 0.166033 0.034375 0.063889
1 0.253871 0.160734 0.035156 0.056944
1 0.882955 0.47459 0.085938 0.155556
1 0.038672 0.727083 0.074219 0.159722
1 0.869531 0.359028 0.059375 0.115278
1 0.916797 0.367361 0.067969 0.134722
6 0.451562 0.745833 0.028125 0.197222
6 0.423047 0.728472 0.033594 0.190278