6 0.045583 0.518152 0.025781 0.106944
6 0.23084 0.773197 0.040625 0.183333
3 0.470261 0.327803 0.049219 0.088889
1 0.247196 0.949969 0.196875 0.105556
6 0.361141 0.899806 0.035156 0.223611
0 0.298041 0.53446 0.048437 0.123611
3 0.234521 0.321432 0.08125 0.154167
3 0.173635 0.263547 0.053906 0.113889
5 0.134203 0.322546 0.114844 0.194444
2 0.159208 0.223767 0.039062 0.065278
2 0.341516 0.307106 0.046094 0.0625
0 0.179734 0.331895 0.023438 0.066667
6 0.028967 0.564513 0.029687 0.118056
1 0.054582 0.40896 0.038281 0.120833
5 0.897729 0.474392 0.339063 0.343056
2 0.397098 0.298982 0.052344 0.095833
1 0.81559 0.590918 0.09375 0.123611
2 0.29951 0.440697 0.100781 0.126389
5 0.613366 0.33372 0.207031 0.2625
5 0.715061 0.709027 0.528125 0.519444
1 0.271536 0.660796 0.072656 0.120833
0 0.209082 0.816772 0.074219 0.145833