6 0.224229 0.77909 0.040625 0.183333
6 0.364995 0.905183 0.033594 0.256944
0 0.198267 0.819764 0.061719 0.138889
6 0.03517 0.534747 0.028125 0.120833
3 0.339781 0.301689 0.0375 0.075
0 0.288662 0.598765 0.055469 0.141667
0 0.646242 0.493237 0.039062 0.076389
2 0.548334 0.475223 0.095312 0.102778
2 0.458867 0.353391 0.071875 0.122222
1 0.208595 0.413238 0.057813 0.120833
1 0.112408 0.414574 0.042188 0.080556
3 0.373163 0.46388 0.114844 0.190278
2 0.865234 0.684028 0.227344 0.315278
5 0.838281 0.459722 0.323438 0.383333
1 0.682813 0.91875 0.132812 0.159722
0 0.816406 0.9375 0.057813 0.119444
2 0.182422 0.299306 0.046094 0.081944
2 0.255859 0.346528 0.057031 0.084722
5 0.150781 0.209722 0.0625 0.116667