2 0.744456 0.539473 0.023438 0.086111
2 0.726655 0.479964 0.023438 0.059722
1 0.648407 0.925293 0.057813 0.166667
1 0.656069 0.540118 0.017969 0.031944
1 0.651187 0.468758 0.024219 0.043056
0 0.628881 0.680063 0.020312 0.070833
5 0.492098 0.423597 0.053125 0.076389
1 0.344277 0.524807 0.030469 0.048611
1 0.265075 0.55487 0.026563 0.043056
2 0.28169 0.520663 0.049219 0.047222
5 0.546949 0.486956 0.057813 0.106944
0 0.498154 0.469121 0.009375 0.022222
4 0.447111 0.453779 0.085938 0.1125
0 0.174859 0.717117 0.053125 0.0625
1 0.484678 0.726586 0.046094 0.131944
5 0.598699 0.44685 0.05625 0.0875
1 0.522548 0.926138 0.064062 0.091667
2 0.329083 0.597222 0.063281 0.072222
5 0.130006 0.660607 0.204688 0.251389
0 0.328278 0.722185 0.028125 0.061111