2 0.75754 0.482745 0.023438 0.086111
2 0.737676 0.41992 0.023438 0.059722
1 0.584697 0.951285 0.058594 0.172222
1 0.654193 0.852457 0.057031 0.181944
1 0.679993 0.5051 0.027344 0.075
1 0.636557 0.440854 0.01875 0.044444
2 0.200555 0.471723 0.057031 0.05
5 0.32369 0.434336 0.100781 0.108333
0 0.11133 0.952224 0.042188 0.084722
0 0.234497 0.834991 0.038281 0.077778
2 0.468042 0.512749 0.0625 0.073611
2 0.425097 0.598569 0.059375 0.091667
2 0.335659 0.637862 0.082813 0.106944
3 0.284282 0.500642 0.075 0.079167
2 0.155386 0.536222 0.06875 0.077778
1 0.369996 0.488188 0.046875 0.095833
0 0.339285 0.795678 0.033594 0.081944
5 0.542018 0.365765 0.049219 0.073611
1 0.422005 0.801446 0.074219 0.176389
1 0.455868 0.640832 0.046875 0.129167
1 0.583965 0.595477 0.048437 0.116667
2 0.53186 0.492715 0.058594 0.127778
1 0.25404 0.564739 0.051562 0.093056
4 0.088818 0.81253 0.196094 0.366667
5 0.493847 0.391012 0.065625 0.106944