2 0.753817 0.368539 0.025781 0.052778
2 0.773385 0.430555 0.028906 0.073611
1 0.667077 0.80612 0.051562 0.191667
1 0.490528 0.803308 0.077344 0.233333
1 0.602941 0.873539 0.061719 0.190278
3 0.562741 0.425542 0.027344 0.061111
3 0.535664 0.415484 0.025781 0.059722
2 0.55216 0.338181 0.032031 0.043056
2 0.453014 0.547587 0.057813 0.105556
3 0.459494 0.62112 0.057031 0.1375
2 0.409743 0.537034 0.057813 0.091667
2 0.459446 0.456374 0.038281 0.038889
3 0.335914 0.601085 0.099219 0.122222
0 0.064126 0.543452 0.04375 0.052778
0 0.368535 0.66361 0.023438 0.066667
1 0.257401 0.797705 0.080469 0.170833
0 0.097584 0.58537 0.04375 0.065278
2 0.169741 0.493955 0.071875 0.070833
5 0.341822 0.449673 0.157031 0.204167
2 0.218358 0.438572 0.057031 0.056944
2 0.206769 0.738319 0.102344 0.126389
5 0.084487 0.881288 0.235938 0.261111
3 0.574883 0.363301 0.04375 0.054167
1 0.650868 0.402171 0.028125 0.0625
5 0.565838 0.583278 0.125781 0.305556