6 0.310118 0.775645 0.040625 0.183333
5 1.0 0.558333 0.323438 0.383333
0 0.20083 0.815216 0.058594 0.141667
0 0.598717 0.349675 0.029687 0.063889
0 0.569928 0.360108 0.020312 0.0375
2 0.905029 0.783223 0.198437 0.25
3 0.54341 0.443123 0.092188 0.1375
1 0.184086 0.323373 0.03125 0.101389
1 0.163209 0.388206 0.057031 0.109722
2 0.348581 0.251964 0.034375 0.076389
3 0.140318 0.223498 0.040625 0.080556
2 0.705859 0.534722 0.149219 0.261111
2 0.751953 0.525694 0.102344 0.179167
6 0.475781 0.85625 0.025 0.190278
6 0.532031 0.777778 0.035937 0.169444