6 0.223496 0.774363 0.040625 0.183333
5 0.11496 0.289813 0.114844 0.194444
6 0.031258 0.563068 0.029687 0.118056
1 0.054859 0.39109 0.038281 0.120833
5 0.971011 0.50917 0.339063 0.343056
5 0.630701 0.341915 0.207031 0.2625
0 0.375379 0.653423 0.071875 0.155556
2 0.44451 0.333495 0.060938 0.111111
2 0.242654 0.366107 0.072656 0.102778
0 0.217957 0.428132 0.029687 0.077778
1 0.983845 0.754509 0.109375 0.198611
3 0.195545 0.268747 0.059375 0.109722
3 0.142545 0.242267 0.033594 0.105556
6 0.359954 0.892989 0.057031 0.206944
3 0.5321 0.370527 0.067969 0.123611
2 0.674054 0.578046 0.121094 0.198611
5 0.432529 0.50986 0.272656 0.423611
1 0.215234 0.590278 0.063281 0.113889
0 0.20625 0.817361 0.070312 0.1625