2 0.754536 0.370032 0.025781 0.052778
2 0.774049 0.432017 0.028906 0.073611
3 0.554176 0.432773 0.027344 0.061111
3 0.528753 0.417204 0.025781 0.059722
2 0.580099 0.328748 0.032031 0.043056
2 0.454135 0.549198 0.057813 0.105556
3 0.460508 0.62281 0.057031 0.1375
2 0.410719 0.538626 0.057813 0.091667
2 0.460405 0.458135 0.038281 0.038889
3 0.337054 0.603077 0.099219 0.122222
0 0.06537 0.545841 0.04375 0.052778
0 0.340185 0.697448 0.023438 0.066667
0 0.125477 0.58095 0.04375 0.065278
2 0.170926 0.496209 0.071875 0.070833
5 0.367595 0.433173 0.157031 0.204167
2 0.2193 0.440788 0.057031 0.056944
3 0.569377 0.382984 0.04375 0.054167
1 0.645343 0.413555 0.028125 0.0625
5 0.563767 0.598355 0.125781 0.305556
2 0.163281 0.783333 0.139062 0.172222
1 0.232422 0.807639 0.111719 0.2125
1 0.479688 0.80625 0.092188 0.276389
1 0.605859 0.88125 0.069531 0.218056
1 0.664062 0.825694 0.05 0.215278
2 0.303125 0.406944 0.051562 0.055556