6 0.211773 0.77293 0.040625 0.183333
6 0.036199 0.554023 0.029687 0.118056
1 0.063306 0.367057 0.038281 0.120833
6 0.35862 0.912229 0.033594 0.256944
0 0.235664 0.464572 0.024219 0.075
0 0.171045 0.321458 0.014062 0.059722
5 0.110355 0.273236 0.071875 0.155556
2 0.295449 0.239201 0.035937 0.055556
2 0.47215 0.643117 0.164062 0.218056
2 0.854829 0.716439 0.192188 0.241667
2 0.577715 0.505211 0.110937 0.1375
2 0.481156 0.375344 0.079687 0.1625
2 0.1803 0.283685 0.047656 0.081944
1 0.17009 0.513394 0.053906 0.097222
0 0.202187 0.811318 0.061719 0.138889
5 0.634868 0.337906 0.228125 0.251389
5 0.30008 0.359947 0.157031 0.230556
3 0.163338 0.232913 0.038281 0.073611
3 0.613313 0.43241 0.09375 0.155556
2 0.819531 0.908333 0.278125 0.191667
1 0.903906 0.43125 0.045313 0.106944
1 0.961328 0.448611 0.069531 0.141667