2 0.225391 0.8875 0.186719 0.166667
2 0.033984 0.816667 0.103906 0.222222
2 0.335547 0.653472 0.124219 0.201389
2 0.423438 0.464583 0.089062 0.145833
2 0.525781 0.217361 0.023438 0.073611
1 0.195703 0.684722 0.107031 0.222222
1 0.332422 0.381944 0.060156 0.119444
1 0.410547 0.350694 0.039844 0.084722
1 0.371484 0.339583 0.033594 0.090278
5 0.073047 0.543056 0.146094 0.341667
5 0.267188 0.343056 0.175 0.238889
5 0.101562 0.394444 0.190625 0.238889
5 0.482031 0.213889 0.067188 0.116667
5 0.554297 0.171528 0.041406 0.115278
3 0.485547 0.316667 0.083594 0.136111
3 0.8375 0.552778 0.0875 0.219444
4 0.508203 0.705556 0.252344 0.572222
5 0.926953 0.834028 0.175781 0.340278
5 0.757812 0.394444 0.126563 0.291667
5 0.657422 0.328472 0.113281 0.204167
5 0.637109 0.134722 0.038281 0.080556
0 0.097266 0.913194 0.077344 0.1625