5 0.273106 0.657164 0.34375 0.4875
5 0.540576 0.387146 0.120312 0.233333
0 0.477738 0.608132 0.035937 0.075
0 0.571312 0.549256 0.021875 0.0875
1 0.757443 0.310138 0.024219 0.063889
1 0.701239 0.479676 0.039062 0.056944
1 0.694319 0.728501 0.05625 0.177778
2 0.638003 0.316013 0.035156 0.0875
3 0.120079 0.55791 0.1375 0.177778
2 0.137699 0.481759 0.099219 0.113889
2 0.274679 0.345345 0.060938 0.056944
2 0.353503 0.318128 0.051562 0.059722
5 0.194909 0.91718 0.323438 0.230556
6 0.806156 0.535405 0.017188 0.118056
6 0.78066 0.521392 0.021875 0.102778
6 0.751684 0.524778 0.025781 0.122222
6 0.74435 0.977065 0.032031 0.077778
2 0.833365 0.326921 0.0375 0.088889
2 0.808068 0.274177 0.025781 0.052778
3 0.605078 0.298611 0.032031 0.066667