2 0.743905 0.388386 0.025781 0.052778
2 0.763483 0.450444 0.028906 0.073611
0 0.059555 0.554213 0.04375 0.052778
2 0.157367 0.50849 0.071875 0.070833
2 0.210829 0.450487 0.057031 0.056944
5 0.547113 0.612987 0.125781 0.305556
1 0.590899 0.943393 0.069531 0.218056
2 0.301303 0.415027 0.051562 0.055556
1 0.653292 0.819757 0.04375 0.1875
1 0.684699 0.428913 0.020312 0.045833
3 0.470206 0.485701 0.065625 0.1
0 0.453847 0.399245 0.025781 0.047222
0 0.482117 0.369021 0.015625 0.031944
2 0.302608 0.631628 0.075 0.116667
0 0.37407 0.803571 0.029687 0.0875
4 0.557138 0.387163 0.047656 0.095833
1 0.665226 0.386394 0.025781 0.056944
5 0.593403 0.297464 0.049219 0.070833
0 0.23219 0.600819 0.04375 0.055556
0 0.605182 0.409014 0.016406 0.036111
3 0.395961 0.631979 0.084375 0.119444
3 0.402779 0.534214 0.06875 0.073611
1 0.447358 0.684369 0.045313 0.125
1 0.61843 0.479489 0.039062 0.070833
3 0.218284 0.958848 0.151562 0.240278
2 0.186361 0.828813 0.176563 0.244444
2 0.194411 0.713629 0.127344 0.172222
3 0.020312 0.845139 0.114063 0.2125
0 0.307813 0.726389 0.042188 0.061111
2 0.596484 0.370833 0.039844 0.063889