2 0.748485 0.484273 0.023438 0.086111
2 0.731772 0.423096 0.023438 0.059722
2 0.19996 0.478802 0.055469 0.052778
2 0.284972 0.44717 0.05 0.055556
2 0.143132 0.539669 0.082031 0.081944
1 0.578946 0.955907 0.085938 0.179167
1 0.65185 0.859137 0.060156 0.163889
4 0.540341 0.427248 0.059375 0.105556
0 0.480973 0.5755 0.017188 0.05
2 0.649052 0.389249 0.026563 0.051389
1 0.646845 0.729201 0.041406 0.118056
1 0.372279 0.436724 0.024219 0.059722
1 0.244009 0.91638 0.100781 0.202778
2 0.55052 0.489694 0.033594 0.081944
4 0.375114 0.591117 0.121875 0.226389
5 0.594227 0.507696 0.077344 0.181944
1 0.676657 0.365808 0.01875 0.051389