6 0.230605 0.773867 0.040625 0.183333
6 0.371108 0.920334 0.033594 0.256944
1 0.142756 0.460988 0.053906 0.097222
0 0.204411 0.831449 0.061719 0.138889
0 0.466861 0.358752 0.023438 0.043056
1 0.9084 0.434606 0.046875 0.123611
1 0.968862 0.455327 0.066406 0.138889
1 0.380705 0.643829 0.13125 0.202778
6 0.035441 0.556943 0.028125 0.120833
2 0.419264 0.532158 0.120312 0.144444
3 0.836036 0.563091 0.13125 0.163889
1 0.072126 0.347622 0.035937 0.084722
5 0.094651 0.241892 0.046094 0.116667
5 0.208174 0.27474 0.097656 0.159722
2 0.140255 0.230207 0.028906 0.054167
2 0.279921 0.396805 0.075781 0.102778
2 0.383782 0.34376 0.051562 0.077778
5 0.692637 0.37836 0.248437 0.3
2 0.333594 0.252778 0.046875 0.088889
3 0.282031 0.243056 0.0375 0.075
2 0.866406 0.740278 0.215625 0.244444
3 0.771875 0.830556 0.301562 0.325
2 0.599609 0.4875 0.128906 0.191667