5 0.180841 0.293647 0.097656 0.118056
5 0.654264 0.307161 0.077344 0.15
1 0.707233 0.341436 0.035156 0.073611
5 0.915238 0.75496 0.2625 0.455556
1 0.721857 0.430614 0.047656 0.080556
3 0.266107 0.492338 0.180469 0.372222
3 0.50793 0.217003 0.017969 0.047222
2 0.457375 0.229827 0.023438 0.056944
2 0.44693 0.300463 0.032812 0.056944
1 0.430909 0.241051 0.020312 0.0875
5 0.383295 0.311892 0.069531 0.129167
1 0.299036 0.675969 0.107813 0.234722
5 0.598655 0.331778 0.057813 0.183333
5 0.393723 0.551818 0.160938 0.479167
5 0.379679 0.207311 0.075781 0.154167
5 0.316901 0.258076 0.05625 0.118056
5 0.191233 0.442147 0.160938 0.280556
2 0.518156 0.301294 0.034375 0.079167
2 0.541217 0.270809 0.027344 0.081944
0 0.531769 0.389063 0.011719 0.034722
2 0.122461 0.773533 0.199219 0.315278
2 0.558739 0.49039 0.05 0.140278
5 0.688446 0.782876 0.248437 0.484722
1 0.691864 0.546324 0.052344 0.144444
5 0.515185 0.151253 0.024219 0.056944
3 0.54257 0.189573 0.017969 0.052778
0 0.207813 0.938889 0.029687 0.063889
5 0.059766 0.526389 0.141406 0.347222
3 0.372266 0.813194 0.139844 0.256944