2 0.501491 0.294573 0.050781 0.098611
1 0.310494 0.395731 0.060938 0.144444
5 0.905055 0.803025 0.226562 0.379167
5 0.101436 0.395964 0.177344 0.230556
1 0.329376 0.443974 0.091406 0.181944
5 0.273583 0.344576 0.164844 0.238889
5 0.447301 0.27641 0.108594 0.2
5 0.485666 0.172868 0.077344 0.101389
5 0.539344 0.185054 0.067969 0.123611
2 0.363282 0.599148 0.1375 0.230556
5 0.670972 0.334156 0.105469 0.191667
5 0.759581 0.387668 0.130469 0.3
2 0.626219 0.838587 0.117188 0.338889
1 0.658196 0.19302 0.032031 0.054167
3 0.835468 0.53109 0.095312 0.1625
5 0.06697 0.60065 0.135937 0.356944
5 0.63098 0.124349 0.029687 0.081944
0 0.61774 0.18128 0.015625 0.023611
0 0.299896 0.6043 0.0375 0.086111
3 0.442539 0.415599 0.096094 0.208333
4 0.569531 0.357639 0.095312 0.298611
0 0.494531 0.799306 0.032812 0.134722
2 0.21875 0.880556 0.179688 0.191667
2 0.042188 0.838889 0.095312 0.177778