1 0.624397 0.572815 0.024219 0.063889
2 0.805398 0.453928 0.0375 0.088889
2 0.77675 0.400441 0.025781 0.052778
1 0.694674 0.413996 0.021875 0.051389
1 0.681018 0.492724 0.035156 0.070833
5 0.617827 0.362281 0.042188 0.0875
5 0.650739 0.396272 0.039062 0.077778
1 0.65087 0.673578 0.055469 0.097222
1 0.694318 0.83885 0.059375 0.188889
6 0.606373 0.929991 0.029687 0.151389
2 0.187145 0.524688 0.060156 0.084722
2 0.240807 0.466 0.051562 0.063889
2 0.149978 0.913481 0.210156 0.275
2 0.247347 0.746585 0.119531 0.116667
5 0.410653 0.417015 0.10625 0.1375
2 0.316411 0.425863 0.047656 0.05
2 0.536448 0.534321 0.06875 0.141667
3 0.514632 0.473108 0.060938 0.136111
5 0.693359 0.330556 0.030469 0.075