2 0.751652 0.491573 0.023438 0.086111
2 0.735028 0.430059 0.023438 0.059722
1 0.654441 0.616522 0.041406 0.118056
2 0.532756 0.469482 0.032031 0.052778
2 0.558776 0.433018 0.028125 0.0375
1 0.583138 0.963135 0.058594 0.172222
4 0.440364 0.526015 0.083594 0.1375
1 0.654937 0.866338 0.057031 0.181944
2 0.499021 0.486737 0.032031 0.056944
2 0.438209 0.639613 0.076563 0.152778
5 0.234801 0.502669 0.142188 0.173611
2 0.130488 0.892158 0.165625 0.209722
5 0.27518 0.892165 0.315625 0.266667
2 0.142693 0.541024 0.071094 0.081944
0 0.587645 0.437369 0.011719 0.041667
1 0.5375 0.599306 0.048437 0.123611
1 0.603125 0.515278 0.035937 0.088889
1 0.656641 0.45625 0.027344 0.079167
1 0.614844 0.434028 0.028125 0.068056
1 0.164453 0.552778 0.049219 0.091667