5 0.178173 0.300499 0.097656 0.118056
5 0.657524 0.317455 0.077344 0.15
5 0.35159 0.249973 0.101562 0.233333
1 0.718975 0.369701 0.035156 0.073611
5 0.925564 0.768839 0.2625 0.455556
5 0.558185 0.220233 0.033594 0.084722
1 0.626638 0.387273 0.027344 0.058333
5 0.200605 0.403292 0.151562 0.197222
3 0.418586 0.241539 0.032031 0.043056
1 0.419771 0.288651 0.035156 0.079167
2 0.452381 0.28583 0.033594 0.086111
2 0.438386 0.371817 0.020312 0.098611
5 0.439273 0.174224 0.035937 0.101389
2 0.506851 0.229941 0.017969 0.05
1 0.746248 0.483522 0.047656 0.080556
5 0.368179 0.417161 0.119531 0.216667
3 0.204398 0.595049 0.194531 0.405556
5 0.546555 0.372893 0.069531 0.166667
5 0.059848 0.516449 0.119531 0.351389
5 0.321692 0.72434 0.320312 0.481944
1 0.839959 0.921898 0.134375 0.225