5 0.320686 0.238898 0.077344 0.130556
1 0.222647 0.297694 0.03125 0.070833
0 0.404706 0.332507 0.027344 0.084722
1 0.354244 0.399487 0.042188 0.084722
5 0.407281 0.146594 0.038281 0.059722
3 0.406082 0.185602 0.027344 0.070833
3 0.352984 0.269303 0.051562 0.093056
1 0.331218 0.321974 0.05 0.105556
3 0.43304 0.388412 0.002344 0.011111
3 0.430483 0.386974 0.064062 0.180556
5 0.269138 0.324935 0.060156 0.1375
5 0.167582 0.321501 0.104687 0.122222
5 0.446157 0.253168 0.064062 0.169444
5 0.544909 0.256099 0.052344 0.148611
5 0.200498 0.596811 0.260156 0.493056
5 0.112408 0.542217 0.221094 0.394444
4 0.697307 0.625144 0.151562 0.402778
0 0.892168 0.905948 0.050781 0.148611
6 0.3405 0.755246 0.235938 0.445833
3 0.594141 0.814583 0.110156 0.329167
2 0.545703 0.383333 0.047656 0.094444