1 0.592046 0.909222 0.063281 0.120833
0 0.053593 0.556274 0.038281 0.058333
2 0.210718 0.460651 0.055469 0.052778
2 0.299166 0.418739 0.05 0.055556
1 0.608091 0.621551 0.041406 0.141667
3 0.553481 0.348557 0.032031 0.066667
0 0.565061 0.501843 0.014062 0.041667
0 0.407342 0.442175 0.03125 0.052778
1 0.650847 0.644593 0.039844 0.080556
2 0.161446 0.518251 0.082031 0.081944
1 0.585541 0.546432 0.024219 0.1
1 0.670606 0.518522 0.032031 0.084722
2 0.398457 0.649951 0.078125 0.130556
3 0.345402 0.597681 0.084375 0.118056
3 0.274428 0.673079 0.1 0.147222
2 0.107922 0.909733 0.166406 0.186111
3 0.628986 0.353694 0.038281 0.084722
1 0.032233 0.620769 0.05 0.113889