6 0.224347 0.773669 0.040625 0.183333
0 0.198697 0.815391 0.061719 0.138889
6 0.037425 0.553076 0.028125 0.120833
3 0.359958 0.316764 0.0375 0.075
0 0.738294 0.569012 0.039062 0.076389
1 0.185223 0.372724 0.057813 0.120833
1 0.104556 0.389982 0.042188 0.080556
3 0.304931 0.388065 0.114844 0.190278
2 0.953575 0.733073 0.227344 0.315278
5 0.884618 0.46311 0.323438 0.383333
0 0.590837 0.71018 0.057813 0.119444
2 0.170827 0.276419 0.046094 0.081944
2 0.233421 0.318934 0.057031 0.084722
5 0.142046 0.197403 0.0625 0.116667
6 0.367752 0.84993 0.035937 0.134722
0 0.242377 0.520833 0.030469 0.093056
1 0.523821 0.774503 0.113281 0.236111
2 0.619588 0.538762 0.117969 0.158333
2 0.510035 0.38247 0.079687 0.141667
2 0.3928 0.290691 0.042188 0.066667
1 0.750781 0.8875 0.139062 0.208333
1 0.311719 0.935417 0.142188 0.123611