6 0.068886 0.500443 0.025781 0.106944
6 0.230385 0.765477 0.040625 0.183333
0 0.20418 0.795936 0.064062 0.166667
5 0.592068 0.318456 0.178906 0.211111
3 0.433313 0.285288 0.049219 0.088889
1 0.188405 0.945239 0.196875 0.105556
1 0.356886 0.737913 0.085156 0.176389
6 0.362831 0.885482 0.035156 0.223611
1 0.58847 0.491904 0.067969 0.123611
1 0.719569 0.54582 0.067969 0.154167
5 0.835077 0.411386 0.321094 0.209722
2 0.471282 0.40016 0.071875 0.102778
5 0.935576 0.61017 0.278125 0.516667
0 0.447466 0.741048 0.048437 0.123611
2 0.425793 0.589978 0.116406 0.159722
3 0.307023 0.394002 0.08125 0.154167
3 0.22884 0.333915 0.053906 0.113889
5 0.163334 0.363878 0.114844 0.194444
2 0.17125 0.249233 0.039062 0.065278
2 0.262631 0.236683 0.046094 0.0625
0 0.230195 0.404224 0.023438 0.066667
6 0.032573 0.534991 0.029687 0.118056
1 0.059 0.443153 0.038281 0.120833