6 0.222307 0.761344 0.040625 0.183333
6 0.036694 0.552154 0.029687 0.118056
1 0.066194 0.366503 0.038281 0.120833
6 0.366979 0.930403 0.033594 0.256944
0 0.192636 0.410336 0.024219 0.075
0 0.162659 0.303405 0.014062 0.059722
5 0.105416 0.256348 0.071875 0.155556
2 0.328315 0.285884 0.035937 0.055556
2 0.523184 0.411681 0.079687 0.1625
2 0.163654 0.269618 0.047656 0.081944
1 0.157661 0.493582 0.053906 0.097222
0 0.205569 0.810149 0.061719 0.138889
5 0.639198 0.348396 0.228125 0.251389
5 0.26862 0.342788 0.157031 0.230556
3 0.151129 0.221075 0.038281 0.073611
3 0.675464 0.472537 0.09375 0.155556
2 0.392205 0.541075 0.127344 0.169444
2 0.613686 0.737638 0.23125 0.233333
2 0.957891 0.777535 0.214062 0.280556
0 0.394712 0.302584 0.023438 0.043056
1 0.906395 0.434149 0.046875 0.123611
1 0.965467 0.456401 0.066406 0.138889
2 0.65886 0.574092 0.141406 0.168056
1 0.667188 0.935417 0.129688 0.145833