6 0.227698 0.767483 0.040625 0.183333
6 0.371128 0.91432 0.033594 0.256944
1 0.127207 0.436272 0.053906 0.097222
0 0.200384 0.817463 0.061719 0.138889
0 0.524278 0.400349 0.023438 0.043056
1 0.908691 0.437329 0.046875 0.123611
1 0.964394 0.446004 0.066406 0.138889
6 0.040149 0.552506 0.028125 0.120833
1 0.068937 0.336831 0.035937 0.084722
5 0.185602 0.240407 0.097656 0.159722
2 0.244246 0.365149 0.075781 0.102778
2 0.377172 0.281943 0.046875 0.088889
3 0.307557 0.270159 0.0375 0.075
1 0.301237 0.512533 0.079687 0.155556
3 0.96735 0.626137 0.164844 0.201389
0 0.424765 0.799412 0.055469 0.141667
2 0.440552 0.389598 0.067969 0.098611
2 0.330935 0.423641 0.078125 0.090278
2 0.969924 0.805733 0.126563 0.227778
3 0.534375 0.629861 0.176563 0.276389
2 0.693359 0.560417 0.169531 0.243056
5 0.749219 0.409028 0.276563 0.343056