0 0.1794 0.819689 0.064062 0.133333
6 0.33181 0.884589 0.032812 0.175
6 0.217527 0.769409 0.027344 0.163889
1 0.079955 0.614563 0.0625 0.148611
0 0.029134 0.60041 0.034375 0.081944
5 0.103509 0.196395 0.078906 0.148611
1 0.393155 0.345084 0.035156 0.070833
1 0.33113 0.300865 0.028125 0.072222
0 0.096485 0.424029 0.016406 0.047222
1 0.08242 0.38331 0.033594 0.093056
5 0.314175 0.586573 0.253125 0.375
5 0.25916 0.237054 0.079687 0.120833
1 0.352188 0.286679 0.026563 0.055556
3 0.43082 0.523546 0.141406 0.236111
5 0.45737 0.255529 0.099219 0.1625
5 0.798437 0.5625 0.403125 0.522222
2 0.644141 0.866667 0.207031 0.241667
1 0.205859 0.653472 0.061719 0.109722
3 0.491016 0.442361 0.085156 0.134722
0 0.558203 0.442361 0.038281 0.0625