1 0.722799 0.404029 0.044531 0.084722
5 0.893643 0.691574 0.219531 0.381944
5 0.609771 0.299524 0.049219 0.088889
5 0.354697 0.384636 0.082813 0.219444
1 0.677553 0.542343 0.035156 0.084722
1 0.737742 0.524331 0.051562 0.109722
0 0.599859 0.4757 0.020312 0.043056
5 0.42773 0.261931 0.038281 0.091667
5 0.421966 0.437457 0.096094 0.276389
1 0.631822 0.377544 0.022656 0.047222
2 0.528094 0.369242 0.029687 0.080556
2 0.543942 0.56102 0.036719 0.134722
3 0.549288 0.451372 0.041406 0.079167
5 0.220953 0.542667 0.185937 0.497222
1 0.278045 0.824657 0.10625 0.218056
1 0.363134 0.616155 0.067969 0.1625
1 0.431625 0.614567 0.059375 0.169444
5 0.68287 0.766379 0.250781 0.501389
5 0.036328 0.714583 0.239844 0.529167
0 0.321875 0.715972 0.026563 0.081944