5 0.642673 0.297065 0.077344 0.15
3 0.378656 0.256633 0.083594 0.1375
5 0.325647 0.251955 0.074219 0.141667
5 0.905362 0.749167 0.220313 0.404167
2 0.327497 0.335864 0.054688 0.075
1 0.697358 0.372206 0.036719 0.081944
5 0.218365 0.392785 0.146875 0.247222
3 0.783653 0.538442 0.090625 0.177778
1 0.458121 0.334535 0.04375 0.091667
1 0.324324 0.416868 0.04375 0.109722
3 0.454153 0.252315 0.04375 0.111111
2 0.506854 0.217832 0.027344 0.05
1 0.547305 0.224082 0.019531 0.045833
2 0.399128 0.688742 0.120312 0.229167
0 0.310283 0.796173 0.050781 0.095833
5 0.395197 0.417386 0.105469 0.319444
5 0.186634 0.684019 0.328125 0.551389
5 0.590625 0.305556 0.071875 0.172222
2 0.5375 0.377083 0.051562 0.131944