3 0.909766 0.750694 0.157031 0.331944
3 0.771094 0.484028 0.09375 0.176389
3 0.682813 0.629167 0.103125 0.283333
3 0.53125 0.397222 0.04375 0.141667
3 0.514453 0.261806 0.033594 0.079167
3 0.344531 0.386111 0.048437 0.127778
3 0.433594 0.300694 0.04375 0.093056
3 0.264062 0.29375 0.057813 0.098611
3 0.358203 0.252083 0.039844 0.084722
5 0.18125 0.55 0.23125 0.4
5 0.111328 0.541667 0.222656 0.416667
5 0.298047 0.236111 0.077344 0.130556
5 0.376953 0.198611 0.041406 0.105556
5 0.492578 0.097222 0.022656 0.052778
1 0.587109 0.393056 0.032031 0.119444
1 0.570703 0.314583 0.025781 0.070833
1 0.409375 0.413889 0.045313 0.1
1 0.213281 0.290972 0.03125 0.070833
5 0.150391 0.311806 0.121094 0.126389
2 0.576172 0.61875 0.089844 0.268056
2 0.640625 0.350694 0.039062 0.098611
2 0.557031 0.218056 0.03125 0.066667
2 0.400391 0.522917 0.060156 0.120833
0 0.578906 0.456944 0.020312 0.077778
0 0.620703 0.391667 0.024219 0.066667
0 0.557422 0.274306 0.016406 0.045833
0 0.582031 0.215278 0.010937 0.041667
4 0.516406 0.177083 0.032812 0.070833
5 0.25 0.852083 0.34375 0.290278