2 0.764408 0.479538 0.023438 0.086111
2 0.7448 0.416366 0.023438 0.059722
1 0.592473 0.955769 0.058594 0.172222
1 0.654998 0.870671 0.057031 0.181944
1 0.689175 0.478992 0.027344 0.075
2 0.208715 0.468039 0.057031 0.05
5 0.323521 0.434934 0.100781 0.108333
2 0.410386 0.556029 0.0625 0.073611
2 0.160889 0.528962 0.06875 0.077778
2 0.476298 0.564294 0.058594 0.127778
1 0.594625 0.505017 0.032031 0.075
2 0.231796 0.720859 0.105469 0.134722
1 0.483283 0.423111 0.023438 0.059722
1 0.423972 0.455089 0.032812 0.068056
2 0.32336 0.73201 0.092188 0.133333
2 0.389965 0.498197 0.064844 0.069444
3 0.373089 0.458495 0.045313 0.081944
5 0.55763 0.365744 0.057031 0.075
1 0.109039 0.616794 0.071875 0.126389
1 0.161294 0.9051 0.095312 0.133333
1 0.493961 0.785389 0.0625 0.169444