6 0.310514 0.775025 0.040625 0.183333
0 0.17137 0.852115 0.058594 0.141667
0 0.611026 0.358504 0.029687 0.063889
2 0.893476 0.788844 0.198437 0.25
3 0.537639 0.476988 0.092188 0.1375
1 0.141193 0.28145 0.03125 0.101389
1 0.12653 0.368286 0.057031 0.109722
2 0.35554 0.272937 0.034375 0.076389
3 0.115384 0.206823 0.040625 0.080556
2 0.778071 0.562514 0.108594 0.194444
6 0.474949 0.856219 0.051562 0.222222
6 0.498289 0.793786 0.033594 0.166667
2 0.685597 0.559361 0.139062 0.240278
0 0.601172 0.402778 0.032031 0.055556
1 0.895312 0.454167 0.067188 0.152778
1 0.947656 0.454167 0.073437 0.125