2 0.769996 0.429888 0.023438 0.086111
2 0.749601 0.36162 0.023438 0.059722
1 0.572411 0.774707 0.058594 0.131944
1 0.598971 0.61431 0.033594 0.104167
1 0.537881 0.804727 0.059375 0.159722
1 0.589995 0.885556 0.063281 0.120833
0 0.488666 0.68702 0.024219 0.059722
3 0.459135 0.347957 0.064062 0.073611
3 0.333971 0.641263 0.082813 0.179167
2 0.578978 0.426086 0.041406 0.058333
2 0.64568 0.344631 0.023438 0.040278
1 0.62423 0.443653 0.025781 0.063889
1 0.654254 0.426577 0.028125 0.070833
0 0.056872 0.526482 0.038281 0.058333
2 0.413452 0.519919 0.079687 0.1125
1 0.645923 0.639346 0.047656 0.119444
2 0.161561 0.485716 0.077344 0.075
4 0.283831 0.593713 0.140625 0.2625
0 0.409432 0.640718 0.027344 0.070833
3 0.49237 0.4694 0.047656 0.084722
2 0.211328 0.433333 0.055469 0.052778
3 0.078516 0.801389 0.185156 0.261111
5 0.360156 0.417361 0.13125 0.168056
4 0.558594 0.318056 0.045313 0.077778
3 0.324609 0.782639 0.127344 0.173611