5 0.184551 0.289369 0.097656 0.118056
5 0.658117 0.314317 0.077344 0.15
5 0.192447 0.456091 0.171094 0.322222
5 0.330342 0.285319 0.101562 0.233333
1 0.709194 0.364866 0.035156 0.073611
5 0.900112 0.7618 0.2625 0.455556
1 0.581737 0.294198 0.017188 0.048611
3 0.406427 0.295084 0.054688 0.105556
5 0.432626 0.224289 0.051562 0.130556
1 0.392943 0.371589 0.055469 0.109722
2 0.440716 0.364412 0.052344 0.090278
3 0.393918 0.217614 0.025781 0.088889
1 0.733927 0.668133 0.06875 0.155556
5 0.251737 0.677602 0.31875 0.533333
5 0.529565 0.241915 0.055469 0.116667
2 0.659545 1.0 0.138281 0.233333
1 0.205526 0.548905 0.047656 0.113889
5 0.086053 0.469941 0.171094 0.222222
2 0.408213 0.491947 0.04375 0.115278
1 0.770312 0.549306 0.028125 0.059722