5 0.688678 0.824971 0.292188 0.356944
5 0.5062 0.5432 0.119531 0.254167
2 0.408534 0.414177 0.033594 0.084722
4 0.368523 0.341001 0.035937 0.088889
5 0.264772 0.423029 0.097656 0.201389
0 0.376223 0.421144 0.017969 0.031944
2 0.240125 0.545406 0.058594 0.101389
5 0.167468 0.367225 0.092969 0.116667
5 0.127664 0.563758 0.170312 0.294444
3 0.140687 0.730529 0.196875 0.354167
3 0.306486 0.948501 0.109375 0.309722
1 0.47485 0.938524 0.071875 0.209722
0 0.34889 0.711479 0.023438 0.080556
1 0.317737 0.310962 0.020312 0.055556
1 0.412891 0.738194 0.074219 0.1875
1 0.396094 0.513889 0.048437 0.102778