1 0.710633 0.405686 0.044531 0.084722
1 0.725961 0.506613 0.051562 0.109722
5 0.163854 0.361716 0.089062 0.179167
5 0.326776 0.312226 0.039844 0.138889
1 0.600648 0.398919 0.020312 0.059722
5 0.644257 0.356658 0.082031 0.176389
1 0.571153 0.360415 0.017969 0.0625
5 0.262037 0.404495 0.109375 0.370833
5 0.505811 0.255513 0.032031 0.076389
5 0.562702 0.297784 0.041406 0.098611
1 0.61807 0.596874 0.0375 0.122222
5 0.09866 0.632203 0.190625 0.393056
5 0.427559 0.246675 0.045313 0.105556
5 0.405257 0.365519 0.089844 0.233333
2 0.40685 0.579139 0.077344 0.169444
0 0.40999 0.793834 0.041406 0.102778
3 0.527265 0.381209 0.046094 0.151389
5 0.174609 0.764583 0.349219 0.445833
3 0.561328 0.670139 0.089844 0.256944