6 0.232742 0.778258 0.040625 0.183333
5 0.113823 0.291938 0.114844 0.194444
6 0.028008 0.559173 0.029687 0.118056
1 0.054232 0.393509 0.038281 0.120833
5 1.0 0.527631 0.339063 0.343056
5 0.630148 0.343962 0.207031 0.2625
0 0.333314 0.591445 0.071875 0.155556
2 0.448267 0.329542 0.060938 0.111111
2 0.230583 0.358904 0.072656 0.102778
0 0.197863 0.38412 0.029687 0.077778
3 0.185356 0.265882 0.059375 0.109722
3 0.140289 0.244318 0.033594 0.105556
6 0.365737 0.892512 0.057031 0.206944
3 0.548916 0.389467 0.067969 0.123611
2 0.703906 0.588889 0.153125 0.2
2 0.768359 0.914583 0.261719 0.148611
5 0.385547 0.44375 0.213281 0.320833
1 0.202734 0.577778 0.061719 0.116667
0 0.2 0.818056 0.065625 0.141667