5 0.646121 0.303958 0.077344 0.15
3 0.378661 0.256432 0.083594 0.1375
5 0.32555 0.252014 0.074219 0.141667
5 0.905645 0.748883 0.220313 0.404167
2 0.327379 0.335874 0.054688 0.075
1 0.690048 0.365719 0.036719 0.081944
5 0.218117 0.392891 0.146875 0.247222
3 0.781262 0.55434 0.090625 0.177778
1 0.45799 0.334586 0.04375 0.091667
1 0.324243 0.417141 0.04375 0.109722
3 0.453949 0.252081 0.04375 0.111111
2 0.506687 0.217844 0.027344 0.05
1 0.547104 0.235154 0.019531 0.045833
0 0.31778 0.76189 0.050781 0.095833
5 0.395148 0.417413 0.105469 0.319444
5 0.590831 0.305407 0.071875 0.172222
2 0.398047 0.650694 0.094531 0.190278
5 0.210938 0.677083 0.270312 0.534722
5 0.075391 0.514583 0.144531 0.315278
2 0.541406 0.396528 0.059375 0.148611