5 0.873828 0.786806 0.252344 0.415278
5 0.609766 0.254167 0.049219 0.127778
3 0.526563 0.253472 0.021875 0.073611
5 0.567187 0.320833 0.075 0.230556
5 0.45 0.268056 0.053125 0.144444
5 0.066406 0.617361 0.071875 0.159722
5 0.332422 0.373611 0.114844 0.222222
5 0.139453 0.513194 0.242969 0.368056
5 0.266406 0.765278 0.321875 0.463889
5 0.177344 0.310417 0.103125 0.109722
5 0.278125 0.305556 0.065625 0.180556
5 0.3375 0.213889 0.076563 0.061111
1 0.248828 0.529167 0.067969 0.152778
1 0.189453 0.769444 0.060156 0.102778
1 0.722656 0.344444 0.046875 0.061111
2 0.521094 0.168056 0.020312 0.044444
2 0.432813 0.409028 0.045313 0.073611
3 0.40625 0.178472 0.023438 0.054167
1 0.400391 0.267361 0.024219 0.045833
5 0.46875 0.145139 0.034375 0.056944