2 0.746046 0.53303 0.023438 0.086111
2 0.728599 0.473172 0.023438 0.059722
1 0.655459 0.916153 0.057813 0.166667
5 0.452789 0.449351 0.071875 0.102778
1 0.669798 0.497972 0.017969 0.031944
1 0.602747 0.541527 0.025781 0.072222
1 0.553329 0.44363 0.01875 0.044444
0 0.382166 0.544276 0.016406 0.048611
0 0.464579 0.482245 0.011719 0.020833
0 0.548563 0.508688 0.0125 0.027778
0 0.58652 0.826815 0.0375 0.1125
5 0.618456 0.420435 0.047656 0.076389
5 0.652001 0.403966 0.035156 0.066667
4 0.269922 0.582639 0.153906 0.1875
2 0.142578 0.617361 0.085156 0.090278
1 0.676172 0.421528 0.024219 0.043056