2 0.750977 0.492076 0.023438 0.086111
2 0.734254 0.430668 0.023438 0.059722
1 0.653666 0.617035 0.041406 0.118056
2 0.536712 0.462892 0.032031 0.052778
1 0.614212 0.500771 0.028125 0.055556
1 0.659139 0.450862 0.017969 0.044444
1 0.621239 0.416688 0.014844 0.036111
2 0.567451 0.432093 0.028125 0.0375
1 0.582271 0.963763 0.058594 0.172222
1 0.549888 0.574589 0.033594 0.080556
4 0.452188 0.518142 0.083594 0.1375
1 0.655801 0.868951 0.057031 0.181944
2 0.50611 0.487082 0.032031 0.056944
2 0.456877 0.614996 0.076563 0.152778
5 0.224664 0.505589 0.142188 0.173611
2 0.184375 0.836806 0.165625 0.209722
5 0.279687 0.869444 0.315625 0.266667
2 0.139453 0.546528 0.071094 0.081944