5 0.178542 0.299557 0.097656 0.118056
5 0.655674 0.303267 0.077344 0.15
1 0.718188 0.363527 0.035156 0.073611
5 0.924808 0.760854 0.2625 0.455556
5 0.439257 0.1673 0.035937 0.101389
2 0.509918 0.249626 0.017969 0.05
1 0.738202 0.467865 0.047656 0.080556
5 0.059891 0.515943 0.119531 0.351389
5 0.367114 0.689202 0.228125 0.547222
5 0.563068 0.408979 0.096094 0.219444
5 0.56682 0.242755 0.046094 0.113889
5 0.363121 0.252207 0.089062 0.216667
5 0.197955 0.434157 0.157031 0.255556
3 0.228273 0.556853 0.180469 0.372222
1 0.637202 0.410147 0.05 0.093056
5 0.302905 0.275942 0.032031 0.098611
3 0.502583 0.185473 0.017969 0.047222
2 0.531561 0.217468 0.019531 0.047222
2 0.453672 0.261491 0.023438 0.056944
2 0.438984 0.335227 0.032812 0.056944
1 0.429456 0.285326 0.020312 0.0875
2 0.06875 0.905556 0.1375 0.183333
1 0.16875 0.941667 0.1375 0.091667
5 0.381641 0.342361 0.077344 0.148611