5 0.863833 0.753811 0.2125 0.463889
1 0.532426 0.277939 0.021875 0.056944
1 0.522276 0.245334 0.020312 0.052778
1 0.352306 0.25222 0.071875 0.131944
2 0.49106 0.302657 0.024219 0.065278
2 0.396823 0.517446 0.065625 0.140278
5 0.243038 0.542681 0.229687 0.452778
5 0.384028 0.350235 0.09375 0.219444
5 0.183081 0.399501 0.163281 0.230556
5 0.289819 0.253311 0.0625 0.101389
2 0.293782 0.327268 0.048437 0.066667
5 0.611642 0.361157 0.110156 0.197222
0 0.48745 0.245784 0.00625 0.027778
3 0.33281 0.747444 0.197656 0.365278
3 0.480608 0.187569 0.027344 0.059722
3 0.775 0.5375 0.085938 0.163889
1 0.05 0.899306 0.095312 0.215278
5 0.051953 0.520139 0.125781 0.331944
2 0.653906 0.913194 0.15625 0.2125