2 0.754643 0.432601 0.023438 0.086111
2 0.740041 0.388544 0.023438 0.059722
1 0.664003 0.404476 0.020312 0.043056
0 0.046516 0.552018 0.042188 0.063889
2 0.153579 0.502736 0.065625 0.088889
3 0.525767 0.432778 0.034375 0.065278
0 0.598421 0.500529 0.01875 0.031944
2 0.205301 0.44414 0.055469 0.051389
2 0.633206 0.35608 0.019531 0.052778
3 0.55204 0.39827 0.024219 0.084722
1 0.660202 0.362966 0.017188 0.034722
3 0.358361 0.388485 0.086719 0.125
3 0.284831 0.639402 0.130469 0.180556
3 0.087352 0.811795 0.14375 0.194444
1 0.544528 0.853188 0.053906 0.122222
1 0.4959 0.878547 0.047656 0.129167
1 0.585324 0.897929 0.058594 0.131944
1 0.616661 0.706559 0.05 0.173611
1 0.649561 0.817304 0.052344 0.173611
1 0.632964 0.542098 0.033594 0.104167
4 0.483771 0.362002 0.085156 0.094444
2 0.292925 0.407487 0.046094 0.061111
2 0.403396 0.745293 0.114844 0.184722
1 0.404097 0.89522 0.085938 0.191667
3 0.487891 0.592361 0.078906 0.118056
3 0.457031 0.532639 0.060938 0.131944
4 0.387109 0.520833 0.108594 0.219444