5 0.903958 0.499687 0.186719 0.266667
5 0.240498 0.363665 0.151562 0.222222
5 0.408929 0.25455 0.095312 0.134722
5 0.127096 0.260774 0.071094 0.116667
1 0.16417 0.325924 0.033594 0.088889
1 0.149979 0.530636 0.044531 0.122222
1 0.077761 0.726288 0.06875 0.141667
0 0.188747 0.864634 0.064062 0.133333
6 0.282114 0.91796 0.032812 0.175
6 0.221398 0.813562 0.027344 0.163889
3 0.390752 0.393682 0.055469 0.105556
0 0.136638 0.679433 0.057031 0.101389
0 0.208956 0.694718 0.029687 0.098611
0 0.205345 0.513103 0.020312 0.063889
5 0.74289 0.898493 0.505469 0.438889
3 0.568359 0.415278 0.089844 0.138889
5 0.323047 0.28125 0.107031 0.159722
6 0.042578 0.601389 0.027344 0.113889