0 0.196993 0.811726 0.064062 0.133333
6 0.360527 0.877659 0.045313 0.204167
6 0.043848 0.438616 0.025781 0.106944
3 0.191117 0.23873 0.064844 0.119444
5 0.20607 0.447729 0.182812 0.313889
1 0.100194 0.432845 0.047656 0.109722
1 0.077525 0.519246 0.051562 0.123611
6 0.201174 0.757258 0.040625 0.183333
5 0.361916 0.214707 0.1 0.148611
1 0.331296 0.43719 0.071094 0.102778
0 0.290101 0.371302 0.028125 0.077778
1 0.905334 0.426834 0.046094 0.109722
1 0.952422 0.438379 0.046094 0.130556
0 0.65345 0.739988 0.09375 0.155556
2 0.449027 0.539995 0.114844 0.152778
1 0.96703 0.670344 0.095312 0.147222
1 0.485496 0.645079 0.101562 0.201389
1 0.339586 0.533939 0.071094 0.152778
5 0.614389 0.333817 0.163281 0.265278
5 0.526808 0.39186 0.203906 0.290278
1 0.969747 0.562094 0.08125 0.172222
0 0.787778 0.893212 0.099219 0.134722
3 0.625578 0.86651 0.198437 0.215278
0 0.39221 0.704321 0.061719 0.127778
2 0.099609 0.865278 0.194531 0.202778