0 0.481729 0.36339 0.020312 0.065278
2 0.493312 0.323081 0.050781 0.098611
0 0.310279 0.522637 0.049219 0.105556
3 0.421784 0.460309 0.140625 0.259722
1 0.295338 0.442399 0.060938 0.144444
5 0.897236 0.767685 0.226562 0.379167
0 0.228335 0.724145 0.064844 0.158333
5 0.091975 0.430508 0.177344 0.230556
1 0.26193 0.527719 0.091406 0.181944
5 0.265078 0.376684 0.164844 0.238889
5 0.410739 0.325919 0.108594 0.2
5 0.453316 0.202128 0.077344 0.101389
5 0.514573 0.218619 0.067969 0.123611
2 0.619147 0.554646 0.071094 0.206944
0 0.539079 0.523449 0.030469 0.075
4 0.586647 0.288246 0.073437 0.223611
5 0.065034 0.603348 0.129688 0.316667
2 0.038281 0.889583 0.076563 0.209722
2 0.335156 0.680556 0.1375 0.230556
5 0.683203 0.322222 0.105469 0.191667
5 0.744141 0.419444 0.130469 0.3
3 0.830859 0.534028 0.092969 0.143056