6 0.22795 0.766012 0.040625 0.183333
6 0.373618 0.906605 0.033594 0.256944
1 0.133141 0.460191 0.053906 0.097222
0 0.202747 0.814944 0.061719 0.138889
0 0.496243 0.376904 0.023438 0.043056
1 0.909084 0.435494 0.046875 0.123611
1 0.968626 0.456229 0.066406 0.138889
6 0.034179 0.552392 0.028125 0.120833
2 0.366395 0.457528 0.120312 0.144444
1 0.073213 0.349171 0.035937 0.084722
5 0.094717 0.242558 0.046094 0.116667
5 0.200597 0.265254 0.097656 0.159722
2 0.257293 0.38091 0.075781 0.102778
2 0.410504 0.358294 0.051562 0.077778
5 0.711395 0.386523 0.248437 0.3
2 0.347708 0.264718 0.046875 0.088889
3 0.287956 0.258138 0.0375 0.075
2 0.924825 0.776062 0.215625 0.244444
2 0.625392 0.518774 0.128906 0.191667
1 0.358648 0.590885 0.079687 0.155556
3 0.887087 0.578533 0.164844 0.201389
3 0.668395 0.768288 0.242969 0.361111
0 0.515234 0.927778 0.055469 0.141667