1 0.237206 0.285305 0.03125 0.070833
3 0.461736 0.336861 0.002344 0.011111
5 0.182093 0.308735 0.104687 0.122222
1 0.393692 0.289006 0.032031 0.052778
5 0.278885 0.277378 0.071094 0.1
3 0.397129 0.196332 0.0375 0.0625
5 0.467628 0.149258 0.046094 0.090278
5 0.55424 0.288472 0.0625 0.172222
5 0.123875 0.490102 0.232812 0.376389
1 0.209186 0.588162 0.079687 0.190278
5 0.435267 0.307673 0.075 0.227778
5 0.305 0.422847 0.125781 0.304167
3 0.454954 0.20551 0.035937 0.0625
5 0.582934 0.229519 0.041406 0.102778
5 0.324642 0.208248 0.069531 0.077778
5 0.776452 0.66515 0.271875 0.588889
2 0.413663 0.543852 0.083594 0.165278
1 0.11405 0.915147 0.099219 0.148611
5 0.048047 0.756944 0.077344 0.405556