5 0.320964 0.229966 0.077344 0.130556
1 0.221497 0.288469 0.03125 0.070833
0 0.425056 0.228511 0.027344 0.084722
1 0.341706 0.279612 0.05 0.105556
3 0.436669 0.360029 0.002344 0.011111
5 0.16611 0.312544 0.104687 0.122222
1 0.166095 0.689481 0.115625 0.251389
5 0.523692 0.204125 0.035937 0.118056
5 0.554463 0.192435 0.024219 0.061111
3 0.445704 0.263118 0.052344 0.127778
1 0.371447 0.330444 0.032031 0.052778
5 0.265167 0.282324 0.071094 0.1
3 0.380512 0.211276 0.0375 0.0625
5 0.105327 0.511181 0.209375 0.375
5 0.272029 0.453249 0.161719 0.359722
5 0.606403 0.382933 0.105469 0.233333
2 0.598437 0.611111 0.0875 0.208333
5 0.411328 0.452778 0.108594 0.288889
5 0.452734 0.177083 0.046094 0.090278