2 0.749943 0.491854 0.023438 0.086111
2 0.73328 0.430525 0.023438 0.059722
2 0.285671 0.455202 0.05 0.055556
1 0.648847 0.640529 0.041406 0.118056
2 0.541964 0.456766 0.032031 0.052778
1 0.634896 0.465823 0.028125 0.055556
1 0.671419 0.430946 0.017969 0.044444
1 0.636596 0.398085 0.014844 0.036111
2 0.57334 0.428773 0.028125 0.0375
0 0.438462 0.647393 0.021875 0.045833
5 0.190126 0.535264 0.176563 0.201389
1 0.342811 0.51988 0.05 0.115278
1 0.582421 0.954552 0.058594 0.172222
1 0.576186 0.525701 0.033594 0.080556
2 0.505972 0.56326 0.063281 0.108333
4 0.470555 0.498277 0.083594 0.1375
2 0.164103 0.944095 0.152344 0.158333
5 0.344956 0.837144 0.2625 0.343056
1 0.658119 0.86166 0.057031 0.181944
2 0.289453 0.734028 0.127344 0.176389
2 0.515234 0.467361 0.032031 0.056944