6 0.284781 0.788416 0.040625 0.183333
6 0.039471 0.55056 0.028125 0.120833
5 1.0 0.541429 0.323438 0.383333
6 0.417648 0.888929 0.039844 0.195833
1 0.107595 0.246157 0.029687 0.059722
2 0.613443 0.450539 0.067188 0.109722
2 0.137535 0.222806 0.025781 0.063889
3 0.171315 0.252448 0.051562 0.115278
1 0.246583 0.35918 0.055469 0.130556
1 0.202266 0.433807 0.06875 0.125
1 0.081352 0.338572 0.029687 0.073611
0 0.214065 0.837469 0.058594 0.141667
0 0.538463 0.323981 0.029687 0.063889
0 0.490798 0.335919 0.020312 0.0375
6 0.554822 0.743454 0.032031 0.166667
2 0.863281 0.7375 0.198437 0.25
2 0.699219 0.5375 0.160938 0.261111
3 0.501562 0.415972 0.092188 0.1375