1 0.71811 0.409168 0.044531 0.084722
5 0.883453 0.662788 0.219531 0.381944
1 0.739372 0.52842 0.051562 0.109722
1 0.638269 0.398904 0.022656 0.047222
0 0.282611 0.781641 0.053125 0.105556
5 0.62346 0.315163 0.057813 0.133333
0 0.673912 0.71397 0.024219 0.0625
3 0.581658 0.611411 0.069531 0.152778
1 0.765489 0.726053 0.069531 0.156944
1 0.371367 0.742863 0.073437 0.222222
5 0.249315 0.506259 0.142969 0.448611
5 0.369695 0.364944 0.073437 0.169444
5 0.44561 0.36226 0.070312 0.186111
3 0.528316 0.360911 0.029687 0.066667
1 0.553562 0.324284 0.027344 0.043056
2 0.593742 0.851522 0.082031 0.241667
2 0.546875 0.440972 0.04375 0.1375
1 0.385938 0.504167 0.04375 0.116667
1 0.432813 0.486806 0.042188 0.109722
3 0.433594 0.621528 0.070312 0.159722
1 0.340625 0.64375 0.05625 0.168056
5 0.069531 0.723611 0.232812 0.516667