2 0.748657 0.484946 0.023438 0.086111
2 0.731917 0.423709 0.023438 0.059722
2 0.200033 0.479675 0.055469 0.052778
2 0.284827 0.448328 0.05 0.055556
2 0.143271 0.540812 0.082031 0.081944
1 0.348838 0.447071 0.039844 0.076389
1 0.577813 0.964777 0.085938 0.179167
1 0.644845 0.858136 0.060156 0.163889
2 0.57188 0.464732 0.021875 0.045833
4 0.417811 0.558027 0.092188 0.169444
4 0.557735 0.40864 0.059375 0.105556
0 0.512204 0.538623 0.017188 0.05
1 0.346061 0.799479 0.071875 0.154167
2 0.655231 0.376078 0.026563 0.051389
5 0.608877 0.482188 0.063281 0.134722
1 0.649497 0.746253 0.041406 0.118056