2 0.753727 0.38809 0.025781 0.052778
2 0.776071 0.453091 0.028906 0.073611
1 0.694866 0.480129 0.028125 0.05
2 0.170495 0.511105 0.065625 0.091667
1 0.08696 0.561546 0.033594 0.084722
2 0.217925 0.452764 0.059375 0.070833
1 0.65357 0.826898 0.057813 0.1875
2 0.316513 0.431837 0.049219 0.047222
5 0.545319 0.329846 0.076563 0.097222
3 0.578056 0.39757 0.025781 0.059722
2 0.607226 0.37439 0.025 0.040278
1 0.657935 0.576401 0.036719 0.098611
1 0.611973 0.567464 0.039844 0.127778
5 0.370325 0.5405 0.164844 0.273611
5 0.516701 0.569529 0.096875 0.2125
1 0.46125 0.880941 0.061719 0.216667
5 0.300282 0.802576 0.269531 0.406944
2 0.539785 0.441816 0.045313 0.05
2 0.513608 0.393331 0.038281 0.041667
3 0.121875 0.827083 0.203125 0.254167
1 0.632812 0.385417 0.020312 0.056944
0 0.614453 0.424306 0.017969 0.031944
5 0.697266 0.343056 0.030469 0.097222