0 0.189288 0.819378 0.064062 0.133333
6 0.335501 0.87822 0.032812 0.175
6 0.218176 0.767479 0.027344 0.163889
1 0.074512 0.601575 0.0625 0.148611
0 0.007039 0.621026 0.034375 0.081944
5 0.105619 0.19253 0.078906 0.148611
1 0.39988 0.343802 0.035156 0.070833
1 0.342973 0.302348 0.028125 0.072222
0 0.100385 0.421628 0.016406 0.047222
1 0.086413 0.380567 0.033594 0.093056
5 0.283371 0.565254 0.253125 0.375
5 0.262748 0.23551 0.079687 0.120833
1 0.36472 0.291337 0.026563 0.055556
3 0.424494 0.509093 0.141406 0.236111
5 0.461784 0.253783 0.099219 0.1625
5 0.816357 0.568558 0.403125 0.522222
2 0.608354 0.812696 0.207031 0.241667
1 0.195773 0.639785 0.061719 0.109722
3 0.506786 0.451226 0.085156 0.134722
0 0.584889 0.45882 0.038281 0.0625