2 0.753379 0.53373 0.023438 0.086111
2 0.735755 0.474063 0.023438 0.059722
1 0.702769 0.476404 0.027344 0.075
0 0.3905 0.810113 0.04375 0.098611
2 0.146784 0.610298 0.076563 0.077778
2 0.202437 0.546312 0.061719 0.070833
5 0.432243 0.451903 0.089062 0.122222
5 0.339366 0.500856 0.09375 0.1125
1 0.652215 0.92366 0.041406 0.172222
0 0.119476 0.787158 0.04375 0.068056
0 0.411584 0.553908 0.017188 0.029167
1 0.310442 0.606691 0.053906 0.0875
1 0.406619 0.647511 0.046094 0.1
1 0.593647 0.512168 0.026563 0.070833
5 0.581123 0.408954 0.046875 0.063889
2 0.534287 0.448183 0.021875 0.034722
2 0.51631 0.467689 0.026563 0.031944