2 0.750738 0.491558 0.023438 0.086111
2 0.734085 0.430224 0.023438 0.059722
2 0.1352 0.550969 0.05 0.055556
1 0.653575 0.616753 0.041406 0.118056
2 0.5405 0.459744 0.032031 0.052778
1 0.618666 0.493586 0.028125 0.055556
1 0.661345 0.43241 0.017969 0.044444
1 0.621902 0.413556 0.014844 0.036111
2 0.567288 0.431685 0.028125 0.0375
0 0.378195 0.700046 0.021875 0.045833
1 0.588244 0.956543 0.058594 0.172222
1 0.558377 0.571465 0.033594 0.080556
4 0.451931 0.51772 0.083594 0.1375
5 0.323548 0.892808 0.2625 0.343056
1 0.655621 0.868921 0.057031 0.181944
2 0.210628 0.808955 0.127344 0.176389
2 0.508313 0.475656 0.032031 0.056944
2 0.470715 0.593806 0.076563 0.152778
5 0.220582 0.517702 0.142188 0.173611
1 0.405177 0.48296 0.039844 0.081944