1 0.55761 0.241841 0.020312 0.055556
1 0.161067 0.722042 0.10625 0.213889
2 0.620626 0.460384 0.042188 0.1125
0 0.469942 0.502297 0.020312 0.065278
5 0.921288 0.793495 0.275781 0.325
2 0.488113 0.437186 0.050781 0.098611
5 0.435588 0.282949 0.080469 0.113889
0 0.579497 0.461982 0.014062 0.048611
0 0.268912 0.70208 0.049219 0.105556
5 0.752719 0.488969 0.110937 0.277778
5 0.689788 0.399762 0.079687 0.184722
5 0.512924 0.329055 0.072656 0.129167
5 0.391059 0.424195 0.127344 0.222222
5 0.268468 0.448666 0.149219 0.2375
2 0.287428 0.847285 0.178906 0.233333
3 0.398981 0.590729 0.140625 0.259722
5 0.102941 0.535921 0.194531 0.245833
5 0.058998 0.703425 0.109375 0.347222
1 0.276746 0.548812 0.060938 0.144444
1 0.644526 0.676946 0.061719 0.148611
4 0.598436 0.332035 0.065625 0.152778