2 0.75175 0.388211 0.025781 0.052778
2 0.771419 0.449941 0.028906 0.073611
0 0.070078 0.556713 0.04375 0.052778
2 0.170371 0.50654 0.071875 0.070833
2 0.220292 0.452531 0.057031 0.056944
1 0.603554 0.937172 0.069531 0.218056
2 0.310381 0.41658 0.051562 0.055556
1 0.660546 0.823634 0.04375 0.1875
1 0.638984 0.450765 0.025781 0.056944
2 0.559963 0.403288 0.039844 0.063889
2 0.08919 0.919104 0.185156 0.222222
1 0.679171 0.457978 0.01875 0.073611
0 0.249053 0.834422 0.04375 0.088889
0 0.196312 0.835836 0.026563 0.056944
1 0.310678 0.875183 0.085156 0.180556
2 0.647324 0.384617 0.024219 0.05
3 0.628963 0.355368 0.029687 0.072222
2 0.067609 0.841945 0.157031 0.222222
2 0.223332 0.721828 0.111719 0.158333
4 0.513174 0.425386 0.05625 0.129167
1 0.200781 0.585417 0.067188 0.095833
1 0.519531 0.893056 0.071875 0.172222
5 0.519922 0.65625 0.180469 0.365278
3 0.371484 0.670833 0.100781 0.152778
3 0.368359 0.575 0.086719 0.097222
3 0.441406 0.518056 0.090625 0.111111