6 0.227035 0.768195 0.040625 0.183333
6 0.037816 0.552898 0.029687 0.118056
1 0.066114 0.366371 0.038281 0.120833
6 0.366833 0.929147 0.033594 0.256944
0 0.208201 0.426107 0.024219 0.075
0 0.166038 0.308876 0.014062 0.059722
5 0.105645 0.255457 0.071875 0.155556
2 0.320722 0.278018 0.035937 0.055556
2 0.505848 0.392727 0.079687 0.1625
2 0.175376 0.26357 0.047656 0.081944
1 0.15815 0.512095 0.053906 0.097222
0 0.207791 0.817448 0.061719 0.138889
5 0.638877 0.348045 0.228125 0.251389
5 0.273877 0.346919 0.157031 0.230556
3 0.157251 0.237824 0.038281 0.073611
3 0.661095 0.463194 0.09375 0.155556
2 0.414876 0.563985 0.127344 0.169444
2 0.665554 0.799153 0.23125 0.233333
2 0.926726 0.769708 0.214062 0.280556
0 0.390651 0.28978 0.023438 0.043056
1 0.905942 0.433765 0.046875 0.123611
1 0.972477 0.454734 0.066406 0.138889
2 0.631641 0.552083 0.141406 0.168056