2 0.752545 0.481683 0.023438 0.086111
2 0.735497 0.42083 0.023438 0.059722
1 0.557375 0.955301 0.063281 0.120833
2 0.200199 0.485165 0.055469 0.052778
2 0.288755 0.447436 0.05 0.055556
2 0.148975 0.543817 0.082031 0.081944
1 0.28494 0.491047 0.039844 0.076389
4 0.572165 0.428926 0.042188 0.068056
3 0.334302 0.661364 0.103906 0.204167
5 0.688676 0.363382 0.038281 0.077778
2 0.19188 0.638082 0.135156 0.159722
4 0.607522 0.371003 0.038281 0.061111
1 0.377344 0.874306 0.070312 0.2125
1 0.630859 0.439583 0.027344 0.056944
1 0.6625 0.538194 0.028125 0.056944
1 0.659766 0.491667 0.021094 0.055556