2 0.753636 0.369028 0.025781 0.052778
2 0.773099 0.431176 0.028906 0.073611
1 0.665464 0.81851 0.051562 0.191667
1 0.49781 0.772838 0.077344 0.233333
3 0.598641 0.419191 0.033594 0.061111
5 0.574026 0.58407 0.114844 0.2625
1 0.593529 0.844029 0.061719 0.190278
3 0.565688 0.421621 0.027344 0.061111
3 0.545591 0.408712 0.025781 0.059722
2 0.552011 0.338306 0.032031 0.043056
2 0.458336 0.528404 0.057813 0.105556
3 0.484152 0.58378 0.057031 0.1375
2 0.420498 0.52046 0.057813 0.091667
2 0.467814 0.45773 0.038281 0.038889
3 0.352243 0.596842 0.099219 0.122222
5 0.286251 0.469732 0.201562 0.248611
0 0.063745 0.549699 0.04375 0.052778
0 0.389925 0.641109 0.023438 0.066667
1 0.283441 0.767097 0.080469 0.170833
0 0.047267 0.606008 0.04375 0.065278
2 0.167187 0.502083 0.071875 0.070833
5 0.125 0.859028 0.254687 0.295833