1 0.586808 0.896258 0.063281 0.120833
0 0.048892 0.567078 0.038281 0.058333
2 0.211626 0.447823 0.055469 0.052778
2 0.298605 0.414641 0.05 0.055556
1 0.593558 0.651928 0.041406 0.141667
0 0.534169 0.926463 0.035937 0.063889
3 0.526133 0.365545 0.032031 0.066667
3 0.313061 0.628494 0.078906 0.125
3 0.367334 0.558254 0.067188 0.088889
0 0.584599 0.453383 0.014062 0.041667
0 0.342649 0.475736 0.03125 0.052778
1 0.638694 0.656788 0.039844 0.080556
2 0.157427 0.514727 0.082031 0.081944
1 0.60422 0.524364 0.024219 0.1
1 0.662489 0.538598 0.032031 0.084722
2 0.158522 0.876293 0.177344 0.25
2 0.444704 0.581372 0.078125 0.130556
1 0.300754 0.952212 0.103906 0.170833