0 0.453353 0.919395 0.039844 0.126389
5 0.733544 0.817686 0.280469 0.304167
1 0.457812 0.597917 0.04375 0.126389
1 0.441797 0.504167 0.035156 0.088889
3 0.380469 0.4875 0.051562 0.127778
1 0.412109 0.405556 0.024219 0.061111
1 0.467969 0.392361 0.023438 0.056944
4 0.399219 0.292361 0.034375 0.101389
2 0.438281 0.384028 0.035937 0.081944
5 0.547266 0.536111 0.127344 0.263889
3 0.180859 0.780556 0.164844 0.336111
2 0.270703 0.597222 0.060156 0.091667
5 0.125 0.647222 0.19375 0.361111
5 0.272266 0.452778 0.105469 0.175
1 0.335547 0.351389 0.028906 0.052778