2 0.745388 0.387488 0.025781 0.052778
2 0.764935 0.449428 0.028906 0.073611
0 0.055099 0.550363 0.04375 0.052778
2 0.159866 0.509077 0.071875 0.070833
2 0.210205 0.45607 0.057031 0.056944
5 0.550999 0.61887 0.125781 0.305556
1 0.599792 0.937554 0.069531 0.218056
2 0.292082 0.423863 0.051562 0.055556
1 0.661514 0.822514 0.04375 0.1875
1 0.641634 0.449019 0.022656 0.052778
1 0.6868 0.430667 0.020312 0.045833
3 0.424052 0.585855 0.060156 0.1
3 0.429705 0.516034 0.057813 0.0875
3 0.492879 0.459584 0.065625 0.1
0 0.40717 0.42043 0.025781 0.047222
0 0.44777 0.391259 0.015625 0.031944
2 0.216868 0.80004 0.135937 0.247222
2 0.227496 0.676823 0.109375 0.154167
2 0.322973 0.613634 0.075 0.116667
0 0.339849 0.68814 0.024219 0.0625
3 0.288295 0.836181 0.135937 0.220833
0 0.433999 0.707022 0.029687 0.0875
4 0.583575 0.368071 0.047656 0.095833
1 0.676051 0.364139 0.025781 0.056944
3 0.06875 0.815278 0.153125 0.266667
5 0.576172 0.296528 0.049219 0.070833