5 0.907226 0.499391 0.186719 0.266667
5 0.408753 0.259713 0.095312 0.134722
5 0.10993 0.244849 0.071094 0.116667
1 0.131021 0.521033 0.044531 0.122222
1 0.065401 0.703291 0.06875 0.141667
0 0.183252 0.856706 0.064062 0.133333
6 0.276549 0.916199 0.032812 0.175
6 0.215824 0.809507 0.027344 0.163889
0 0.104382 0.664882 0.057031 0.101389
0 0.167942 0.652047 0.029687 0.098611
0 0.167212 0.466295 0.020312 0.063889
5 0.624795 0.809013 0.505469 0.438889
5 0.356453 0.312744 0.107031 0.159722
6 0.036626 0.602587 0.027344 0.113889
5 0.182812 0.316667 0.101562 0.175
3 0.459766 0.434722 0.078906 0.113889
3 0.641797 0.459722 0.108594 0.161111
3 0.260938 0.292361 0.045313 0.084722
1 0.56875 0.364583 0.051562 0.098611