2 0.739656 0.379219 0.025781 0.052778
2 0.762061 0.444378 0.028906 0.073611
1 0.693322 0.44865 0.028125 0.05
2 0.160545 0.501046 0.065625 0.091667
2 0.210968 0.446319 0.059375 0.070833
1 0.656711 0.814377 0.057813 0.1875
2 0.292647 0.410495 0.049219 0.047222
2 0.563173 0.399396 0.025 0.040278
1 0.591212 0.600682 0.039844 0.127778
2 0.484687 0.478746 0.045313 0.05
1 0.551128 0.460538 0.020312 0.056944
1 0.615432 0.418926 0.021875 0.055556
3 0.525507 0.416328 0.032812 0.0625
5 0.462296 0.636084 0.158594 0.286111
0 0.057823 0.550911 0.0375 0.058333
5 0.663688 0.393559 0.05 0.123611
5 0.590682 0.29959 0.039844 0.063889
1 0.640906 0.654096 0.045313 0.143056
5 0.243359 0.629861 0.282031 0.404167
5 0.201172 0.846528 0.350781 0.301389