2 0.753992 0.474476 0.023438 0.086111
2 0.737078 0.415533 0.023438 0.059722
1 0.586152 0.936118 0.063281 0.120833
2 0.201646 0.479037 0.055469 0.052778
2 0.28791 0.448738 0.05 0.055556
1 0.66958 0.5418 0.039844 0.080556
2 0.152166 0.5397 0.082031 0.081944
1 0.696679 0.46518 0.032031 0.084722
1 0.653195 0.508945 0.032031 0.108333
1 0.655118 0.400725 0.01875 0.036111
1 0.444846 0.78886 0.055469 0.165278
3 0.428288 0.559164 0.078125 0.151389
1 0.248549 0.498372 0.039844 0.076389
4 0.605377 0.396801 0.042188 0.068056