1 0.585745 0.91463 0.063281 0.120833
0 0.050553 0.5748 0.038281 0.058333
2 0.211697 0.47107 0.055469 0.052778
2 0.291554 0.437766 0.05 0.055556
1 0.615977 0.586942 0.041406 0.141667
1 0.654383 0.618623 0.039844 0.080556
2 0.150544 0.529733 0.082031 0.081944
1 0.677747 0.507279 0.032031 0.084722
1 0.141429 0.566777 0.05 0.113889
0 0.42761 0.70267 0.025781 0.076389
3 0.222801 0.723104 0.117188 0.125
3 0.048047 0.866667 0.178906 0.191667
1 0.551953 0.620139 0.039844 0.115278
4 0.677344 0.327778 0.029687 0.052778
4 0.651563 0.33125 0.025 0.068056
2 0.238281 0.860417 0.175 0.215278
3 0.580078 0.403472 0.050781 0.093056