6 0.359364 0.877735 0.045313 0.204167
6 0.043852 0.407505 0.025781 0.106944
1 0.090343 0.385719 0.047656 0.109722
1 0.068403 0.483566 0.051562 0.123611
6 0.22624 0.765589 0.040625 0.183333
1 0.412247 0.342552 0.039844 0.091667
2 0.312326 0.2694 0.042969 0.076389
2 0.132216 0.23142 0.045313 0.052778
0 0.212422 0.812914 0.064062 0.166667
0 0.408824 0.486517 0.025 0.097222
5 0.473969 0.273324 0.146875 0.197222
1 0.582596 0.436757 0.0375 0.109722
1 0.570972 0.307755 0.027344 0.094444
3 0.145218 0.186236 0.039062 0.077778
2 0.284335 0.362296 0.065625 0.109722
5 0.194528 0.401145 0.153125 0.265278
0 0.294419 0.502784 0.024219 0.069444
0 0.429225 0.699318 0.059375 0.15
0 0.476039 0.538063 0.024219 0.088889
5 0.799609 0.539583 0.400781 0.520833
3 0.536328 0.642361 0.157031 0.229167
3 0.366016 0.521528 0.091406 0.173611
1 0.303906 0.43125 0.053125 0.120833
2 0.073828 0.838889 0.147656 0.169444
1 0.080078 0.955556 0.167969 0.077778