2 0.752052 0.388781 0.025781 0.052778
2 0.771867 0.450698 0.028906 0.073611
0 0.070598 0.55728 0.04375 0.052778
2 0.15678 0.509887 0.071875 0.070833
2 0.220801 0.453631 0.057031 0.056944
1 0.599026 0.930947 0.069531 0.218056
2 0.310722 0.417334 0.051562 0.055556
1 0.6581 0.819806 0.04375 0.1875
2 0.554207 0.409365 0.039844 0.063889
1 0.670421 0.465557 0.01875 0.073611
0 0.217916 0.871249 0.04375 0.088889
2 0.63618 0.399217 0.024219 0.05
3 0.61701 0.36841 0.029687 0.072222
2 0.205028 0.717022 0.111719 0.158333
4 0.505771 0.427274 0.05625 0.129167
1 0.523816 0.876235 0.071875 0.172222
5 0.51098 0.670758 0.180469 0.365278
3 0.363941 0.672952 0.100781 0.152778
3 0.355565 0.589494 0.086719 0.097222
3 0.441916 0.518657 0.090625 0.111111
0 0.158272 0.859958 0.04375 0.066667
1 0.280664 0.889838 0.115625 0.134722
1 0.634364 0.461361 0.035937 0.088889
1 0.290801 0.529864 0.049219 0.091667
2 0.074219 0.902778 0.14375 0.158333
2 0.069141 0.811806 0.125781 0.1375