5 0.176117 0.299265 0.097656 0.118056
5 0.652201 0.316922 0.077344 0.15
5 0.178172 0.462575 0.171094 0.322222
5 0.312834 0.2815 0.101562 0.233333
1 0.708221 0.36099 0.035156 0.073611
2 0.536588 0.320514 0.030469 0.063889
5 0.379536 0.317609 0.105469 0.258333
3 0.4478 0.321848 0.04375 0.1375
3 0.453354 0.214759 0.035937 0.084722
0 0.239482 0.625664 0.038281 0.104167
5 0.860975 0.70085 0.2625 0.455556
3 0.32515 0.520508 0.09375 0.195833
1 0.255002 0.750321 0.114844 0.258333
2 0.602899 0.501257 0.066406 0.166667
2 0.631941 0.895344 0.109375 0.276389
0 0.806711 0.953415 0.047656 0.131944
1 0.370952 0.436897 0.04375 0.118056
0 0.605859 0.404861 0.017969 0.026389
2 0.394141 0.686111 0.091406 0.183333
1 0.029297 0.888889 0.058594 0.202778
5 0.049219 0.530556 0.15625 0.375