2 0.773612 0.421673 0.023438 0.086111
2 0.753041 0.353717 0.023438 0.059722
1 0.656387 0.572459 0.033594 0.104167
1 0.590324 0.885766 0.063281 0.120833
2 0.59902 0.394794 0.023438 0.040278
1 0.640009 0.443433 0.028125 0.070833
0 0.054817 0.529241 0.038281 0.058333
2 0.215562 0.430748 0.055469 0.052778
4 0.604245 0.288574 0.045313 0.077778
2 0.298 0.40085 0.05 0.055556
0 0.282439 0.822602 0.042969 0.084722
3 0.455606 0.49984 0.063281 0.077778
2 0.481849 0.540425 0.057813 0.1
1 0.55793 0.553402 0.034375 0.098611
1 0.61696 0.710898 0.0375 0.104167
3 0.166215 0.910211 0.191406 0.148611
1 0.582517 0.733658 0.048437 0.168056
2 0.153318 0.486712 0.067969 0.075
5 0.516687 0.336352 0.075781 0.108333
3 0.248337 0.51409 0.071094 0.113889
3 0.144369 0.801979 0.16875 0.272222
2 0.300781 0.618056 0.11875 0.180556
4 0.0875 0.753472 0.175 0.354167
1 0.534766 0.707639 0.046094 0.168056