2 0.751089 0.478133 0.023438 0.086111
2 0.732979 0.414366 0.023438 0.059722
1 0.588542 0.938398 0.063281 0.120833
2 0.191222 0.480956 0.055469 0.052778
2 0.2825 0.443082 0.05 0.055556
1 0.665911 0.541359 0.039844 0.080556
2 0.140923 0.538575 0.082031 0.081944
1 0.693773 0.469047 0.032031 0.084722
1 0.657711 0.509393 0.032031 0.108333
1 0.640886 0.424679 0.01875 0.036111
1 0.256545 0.495686 0.039844 0.076389
4 0.586753 0.41282 0.042188 0.068056
3 0.368438 0.613177 0.103906 0.204167
1 0.398503 0.855259 0.075781 0.208333
5 0.686054 0.356819 0.038281 0.077778
2 0.073828 0.727083 0.135156 0.159722
4 0.612109 0.366667 0.038281 0.061111