1 0.711942 0.40623 0.044531 0.084722
1 0.738051 0.521723 0.051562 0.109722
5 0.170273 0.387909 0.089062 0.179167
5 0.26416 0.443864 0.117188 0.394444
5 0.328537 0.331851 0.039844 0.138889
1 0.59255 0.31472 0.020312 0.059722
1 0.569498 0.328841 0.01875 0.040278
5 0.646851 0.369246 0.082031 0.176389
3 0.456532 0.335753 0.041406 0.111111
5 0.453134 0.253627 0.046094 0.129167
5 0.942205 0.822872 0.204688 0.444444
5 0.406428 0.268589 0.041406 0.120833
0 0.373842 0.361163 0.014062 0.047222
0 0.36846 0.317884 0.013281 0.038889
3 0.517678 0.33028 0.0375 0.095833
5 0.400681 0.486903 0.110937 0.3125
1 0.706142 0.671272 0.05 0.1125
5 0.538909 0.244755 0.027344 0.077778
5 0.26736 0.811344 0.308594 0.409722