2 0.755455 0.475877 0.023438 0.086111
2 0.738652 0.417096 0.023438 0.059722
1 0.585322 0.941514 0.063281 0.120833
2 0.204838 0.483791 0.055469 0.052778
2 0.289502 0.441961 0.05 0.055556
1 0.664819 0.557112 0.039844 0.080556
2 0.15408 0.540897 0.082031 0.081944
1 0.688787 0.476432 0.032031 0.084722
1 0.236093 0.514026 0.05 0.113889
4 0.62675 0.382495 0.029687 0.052778
4 0.621138 0.35413 0.025 0.068056
1 0.64547 0.52161 0.032031 0.108333
3 0.469014 0.511807 0.057813 0.116667
1 0.672984 0.379887 0.01875 0.036111
1 0.474814 0.744848 0.055469 0.165278