2 0.773388 0.424541 0.023438 0.086111
2 0.752958 0.356486 0.023438 0.059722
1 0.647822 0.612935 0.033594 0.104167
1 0.55304 0.787115 0.059375 0.159722
1 0.583756 0.895846 0.063281 0.120833
2 0.551136 0.46557 0.041406 0.058333
2 0.633348 0.353556 0.023438 0.040278
1 0.602805 0.464932 0.025781 0.063889
1 0.651509 0.42861 0.028125 0.070833
0 0.061267 0.523052 0.038281 0.058333
2 0.375643 0.553298 0.079687 0.1125
1 0.580594 0.640745 0.047656 0.119444
2 0.165492 0.482209 0.077344 0.075
3 0.481687 0.449591 0.047656 0.084722
2 0.215163 0.429843 0.055469 0.052778
4 0.585509 0.300926 0.045313 0.077778
2 0.297983 0.400674 0.05 0.055556
4 0.207056 0.647947 0.185156 0.293056
0 0.415489 0.844396 0.04375 0.106944
0 0.362672 0.715002 0.042969 0.084722
3 0.276872 0.680644 0.114844 0.159722
3 0.260906 0.850679 0.146094 0.2125
5 0.426727 0.374838 0.113281 0.143056