2 0.761048 0.482793 0.023438 0.086111
2 0.74428 0.421494 0.023438 0.059722
1 0.665847 0.576069 0.041406 0.118056
1 0.591153 0.956226 0.058594 0.172222
1 0.656242 0.867509 0.057031 0.181944
0 0.522374 0.520431 0.011719 0.041667
1 0.619818 0.533164 0.027344 0.079167
1 0.547459 0.512661 0.028125 0.068056
1 0.548135 0.389178 0.024219 0.045833
5 0.26381 0.912204 0.250781 0.201389
1 0.677753 0.389528 0.021094 0.051389
1 0.644986 0.395455 0.017969 0.038889
2 0.630151 0.367267 0.025781 0.052778
1 0.396594 0.77635 0.070312 0.15
2 0.464177 0.524287 0.05625 0.083333
2 0.508903 0.483493 0.050781 0.065278
2 0.547441 0.439616 0.04375 0.063889
4 0.366825 0.573116 0.119531 0.205556
0 0.128212 0.892581 0.050781 0.1125
0 0.608236 0.496238 0.015625 0.033333
1 0.529962 0.622171 0.046094 0.116667
1 0.115891 0.566668 0.054688 0.095833
2 0.233203 0.829167 0.175781 0.244444
2 0.1625 0.545833 0.0625 0.077778
5 0.280859 0.514583 0.158594 0.201389