3 0.522263 0.327143 0.033594 0.079167
3 0.357008 0.314262 0.048437 0.127778
3 0.435858 0.285325 0.04375 0.093056
3 0.268316 0.298786 0.057813 0.098611
3 0.362733 0.248323 0.039844 0.084722
5 0.302089 0.241852 0.077344 0.130556
5 0.382984 0.197962 0.041406 0.105556
1 0.592768 0.421768 0.025781 0.070833
1 0.418171 0.347733 0.045313 0.1
1 0.21716 0.297053 0.03125 0.070833
5 0.155025 0.31746 0.121094 0.126389
2 0.575308 0.294042 0.03125 0.066667
0 0.708898 0.6068 0.024219 0.066667
0 0.556049 0.412013 0.016406 0.045833
4 0.525442 0.223974 0.032812 0.070833
0 0.524536 0.448353 0.013281 0.052778
5 0.495137 0.121161 0.024219 0.065278
3 0.872118 0.629244 0.114844 0.219444
0 0.695547 0.878888 0.038281 0.106944
1 0.650615 0.600584 0.046875 0.138889
2 0.697358 0.48399 0.053906 0.104167
3 0.558897 0.590078 0.053906 0.140278
2 0.415798 0.402993 0.049219 0.080556
6 0.984261 0.742791 0.035937 0.161111
6 0.19636 0.730603 0.035937 0.141667
1 0.176507 0.870816 0.0875 0.151389
5 0.34651 0.689657 0.225781 0.597222
5 0.221911 0.494069 0.177344 0.322222
5 0.092578 0.561111 0.185156 0.413889