6 0.368655 0.725209 0.035156 0.176389
0 0.126929 0.809926 0.064844 0.141667
1 0.576354 0.28332 0.041406 0.084722
1 0.071997 0.36101 0.065625 0.148611
5 0.665865 0.768133 0.471094 0.463889
3 0.335021 0.265843 0.0625 0.130556
3 0.270418 0.232357 0.048437 0.094444
5 0.966038 0.4538 0.239063 0.359722
1 0.724391 0.381237 0.055469 0.105556
3 0.405968 0.341961 0.08125 0.152778
5 0.310496 0.38027 0.16875 0.245833
3 0.193808 0.583002 0.098438 0.2375
3 0.55266 0.404661 0.171094 0.230556
3 0.790344 0.632612 0.160938 0.258333