1 0.630343 0.555635 0.024219 0.063889
2 0.804111 0.448676 0.0375 0.088889
2 0.775349 0.394836 0.025781 0.052778
1 0.698607 0.408725 0.021875 0.051389
1 0.679258 0.487451 0.035156 0.070833
5 0.627602 0.356554 0.042188 0.0875
5 0.659135 0.379594 0.039062 0.077778
1 0.645148 0.660181 0.055469 0.097222
1 0.68838 0.836501 0.059375 0.188889
6 0.613941 0.919659 0.029687 0.151389
2 0.184136 0.520144 0.060156 0.084722
0 0.4928 0.399488 0.020312 0.0375
2 0.237855 0.461093 0.051562 0.063889
2 0.15362 0.893354 0.210156 0.275
2 0.261652 0.724532 0.119531 0.116667
5 0.39955 0.425702 0.10625 0.1375
2 0.3137 0.42093 0.047656 0.05
2 0.541413 0.515834 0.06875 0.141667
3 0.520123 0.461379 0.060938 0.136111