2 0.753188 0.388914 0.025781 0.052778
2 0.775357 0.453624 0.028906 0.073611
1 0.694355 0.480748 0.028125 0.05
2 0.169858 0.51202 0.065625 0.091667
2 0.21734 0.453504 0.059375 0.070833
1 0.655757 0.834462 0.057813 0.1875
2 0.315833 0.432689 0.049219 0.047222
3 0.577535 0.398065 0.025781 0.059722
2 0.606539 0.375059 0.025 0.040278
1 0.657163 0.577156 0.036719 0.098611
1 0.611325 0.567876 0.039844 0.127778
1 0.453739 0.885935 0.061719 0.216667
5 0.28928 0.815924 0.269531 0.406944
2 0.539103 0.442519 0.045313 0.05
2 0.515212 0.390036 0.038281 0.041667
3 0.100902 0.833241 0.203125 0.254167
1 0.632214 0.386354 0.020312 0.056944
0 0.613725 0.424961 0.017969 0.031944
5 0.552344 0.325694 0.053125 0.079167
1 0.059375 0.568056 0.053125 0.125
5 0.514453 0.575 0.117969 0.263889
5 0.35625 0.55 0.190625 0.3
5 0.697266 0.346528 0.033594 0.090278