2 0.751056 0.389295 0.025781 0.052778
2 0.773435 0.454189 0.028906 0.073611
1 0.692253 0.481263 0.028125 0.05
2 0.165001 0.516395 0.065625 0.091667
2 0.215046 0.453648 0.059375 0.070833
1 0.657795 0.837106 0.057813 0.1875
2 0.303973 0.409238 0.049219 0.047222
3 0.575368 0.398527 0.025781 0.059722
2 0.604471 0.375361 0.025 0.040278
1 0.659076 0.591478 0.036719 0.098611
1 0.609255 0.572489 0.039844 0.127778
1 0.450751 0.91069 0.061719 0.216667
5 0.283092 0.808051 0.269531 0.406944
2 0.537071 0.442753 0.045313 0.05
2 0.529422 0.385944 0.038281 0.041667
1 0.617606 0.400245 0.020312 0.056944
0 0.596823 0.457341 0.017969 0.031944
5 0.550167 0.325904 0.053125 0.079167
1 0.05109 0.571183 0.053125 0.125
5 0.499722 0.591884 0.117969 0.263889
5 0.3533 0.582455 0.190625 0.3
2 0.477829 0.416074 0.030469 0.045833
5 0.694618 0.349668 0.0375 0.095833
3 0.085938 0.859722 0.171875 0.255556