5 0.17872 0.291757 0.097656 0.118056
5 0.652588 0.30636 0.077344 0.15
1 0.706645 0.336964 0.035156 0.073611
5 0.925482 0.75754 0.2625 0.455556
1 0.705954 0.406948 0.047656 0.080556
3 0.509971 0.234098 0.017969 0.047222
2 0.45869 0.190859 0.023438 0.056944
2 0.458676 0.25746 0.032812 0.056944
5 0.314289 0.255773 0.05625 0.118056
2 0.523992 0.352654 0.034375 0.079167
2 0.546432 0.303424 0.027344 0.081944
5 0.518732 0.163512 0.024219 0.056944
3 0.550852 0.204928 0.017969 0.052778
3 0.388013 0.686298 0.160156 0.336111
1 0.336099 0.57722 0.071875 0.169444
3 0.303847 0.394729 0.124219 0.272222
5 0.427978 0.387294 0.110937 0.294444
0 0.539989 0.510772 0.020312 0.056944
5 0.390823 0.169069 0.067969 0.076389
5 0.379064 0.265436 0.0625 0.140278
5 0.194166 0.430299 0.13125 0.245833
2 0.176199 0.657993 0.164844 0.244444
0 0.272892 0.799474 0.039062 0.141667
1 0.746821 0.718954 0.067969 0.204167
2 0.597259 0.714902 0.092188 0.297222
0 0.294141 0.923611 0.055469 0.141667
1 0.050781 0.930556 0.109375 0.116667
5 0.075391 0.534028 0.136719 0.359722
5 0.625781 0.3875 0.109375 0.308333