2 0.769017 0.431539 0.023438 0.086111
2 0.748633 0.36332 0.023438 0.059722
1 0.578367 0.773219 0.058594 0.131944
1 0.605231 0.642268 0.033594 0.104167
1 0.53218 0.81136 0.059375 0.159722
1 0.576263 0.897685 0.063281 0.120833
0 0.491357 0.673979 0.024219 0.059722
3 0.445653 0.358959 0.064062 0.073611
4 0.563668 0.314244 0.060156 0.056944
3 0.332936 0.642695 0.082813 0.179167
2 0.581839 0.427467 0.041406 0.058333
2 0.65262 0.330834 0.023438 0.040278
1 0.627963 0.421378 0.025781 0.063889
1 0.651767 0.428001 0.028125 0.070833
3 0.085601 0.78947 0.217969 0.261111
0 0.055696 0.527833 0.038281 0.058333
2 0.419484 0.515805 0.079687 0.1125
1 0.644335 0.653155 0.047656 0.119444
5 0.333146 0.426677 0.176563 0.215278
2 0.160411 0.486859 0.077344 0.075
4 0.28287 0.595091 0.140625 0.2625
0 0.411584 0.642213 0.027344 0.070833
3 0.496678 0.465446 0.047656 0.084722
3 0.340234 0.765972 0.127344 0.173611