1 0.520597 0.64743 0.047656 0.109722
1 0.517274 0.898531 0.065625 0.095833
1 0.576556 0.767828 0.055469 0.120833
1 0.589262 0.896008 0.063281 0.123611
1 0.657228 0.795902 0.042188 0.148611
1 0.654195 0.490351 0.028125 0.101389
1 0.516267 0.341842 0.024219 0.033333
2 0.530884 0.543564 0.05625 0.088889
2 0.495807 0.435811 0.050781 0.084722
2 0.759861 0.421436 0.023438 0.086111
2 0.745122 0.377692 0.023438 0.059722
1 0.680213 0.370958 0.020312 0.043056
3 0.261603 0.663639 0.097656 0.1125
3 0.382092 0.54861 0.105469 0.134722
4 0.443606 0.459601 0.067969 0.151389
3 0.536331 0.451151 0.039062 0.093056
3 0.570381 0.457514 0.038281 0.072222
5 0.289506 0.826972 0.31875 0.408333
3 0.181426 0.509563 0.096094 0.184722
0 0.054394 0.547826 0.042188 0.063889
2 0.054277 0.857889 0.115625 0.143056
4 0.302767 0.467067 0.154687 0.2