5 0.340267 0.267954 0.039844 0.138889
5 0.277119 0.349739 0.101562 0.304167
5 0.170844 0.324845 0.097656 0.118056
2 0.510722 0.260586 0.021875 0.038889
5 0.553449 0.446506 0.094531 0.273611
5 0.654543 0.319331 0.075 0.130556
2 0.323392 0.532273 0.090625 0.151389
5 0.706239 0.510539 0.135156 0.263889
3 0.411085 0.520167 0.09375 0.251389
3 0.350427 0.817638 0.135937 0.290278
2 0.449342 0.252519 0.028906 0.045833
5 0.399805 0.292739 0.065625 0.156944
0 0.368602 0.422601 0.020312 0.044444
1 0.843525 0.925775 0.110937 0.197222
1 0.716618 0.889784 0.083594 0.215278
1 0.965234 0.94375 0.075781 0.109722
1 0.228516 0.734722 0.085156 0.180556
5 0.155469 0.504167 0.185937 0.327778