1 0.552734 0.599306 0.047656 0.109722
1 0.509375 0.914583 0.065625 0.095833
1 0.557422 0.785417 0.055469 0.120833
1 0.596484 0.892361 0.063281 0.123611
1 0.655469 0.795139 0.042188 0.148611
1 0.654688 0.49375 0.028125 0.101389
1 0.497266 0.3625 0.024219 0.033333
2 0.071875 0.838194 0.160938 0.2125
2 0.557031 0.508333 0.05625 0.088889
2 0.507422 0.43125 0.050781 0.084722
2 0.3 0.410417 0.05 0.051389
2 0.760156 0.425 0.023438 0.086111
2 0.745313 0.38125 0.023438 0.059722
1 0.680469 0.374306 0.020312 0.043056
3 0.289453 0.629861 0.097656 0.1125
3 0.395703 0.547917 0.105469 0.134722
4 0.455859 0.454861 0.067969 0.151389
3 0.557031 0.417361 0.039062 0.093056
3 0.598047 0.438889 0.038281 0.072222
4 0.196094 0.519444 0.21875 0.244444
5 0.340625 0.776389 0.31875 0.408333
0 0.114453 0.891667 0.069531 0.1
0 0.203906 0.734028 0.021875 0.081944
3 0.069141 0.567361 0.066406 0.179167