5 0.372312 0.293165 0.086719 0.158333
5 0.342616 0.257221 0.057813 0.111111
5 0.28735 0.306672 0.071094 0.116667
1 0.59245 0.266925 0.017969 0.043056
3 0.519044 0.214771 0.016406 0.043056
4 0.552818 0.188254 0.028125 0.081944
1 0.693663 0.389824 0.020312 0.054167
3 0.559411 0.248033 0.01875 0.0625
5 0.450391 0.293243 0.071875 0.159722
2 0.540836 0.351477 0.0375 0.095833
3 0.647287 0.424432 0.048437 0.125
0 0.763956 0.805383 0.028125 0.1
5 0.842574 0.541127 0.176563 0.302778
5 0.423906 0.50105 0.141406 0.384722
5 0.462676 0.16936 0.03125 0.063889
1 0.19347 0.713069 0.067188 0.161111
2 0.621866 0.872637 0.139062 0.352778
5 0.085938 0.647222 0.171875 0.275
2 0.626562 0.5875 0.075 0.163889
5 0.278906 0.427778 0.182812 0.255556
5 0.194141 0.365972 0.092969 0.195833
3 0.11875 0.409722 0.05 0.127778
0 0.370313 0.736111 0.028125 0.086111