3 0.531283 0.370186 0.033594 0.079167
3 0.373895 0.275183 0.048437 0.127778
3 0.268548 0.302093 0.057813 0.098611
3 0.362609 0.250525 0.039844 0.084722
5 0.30222 0.244224 0.077344 0.130556
5 0.3831 0.199624 0.041406 0.105556
1 0.217453 0.297567 0.03125 0.070833
5 0.155849 0.319044 0.121094 0.126389
4 0.545326 0.258844 0.032812 0.070833
5 0.500478 0.143661 0.024219 0.065278
6 0.258589 0.589099 0.035937 0.141667
1 0.240679 0.678506 0.0875 0.151389
5 0.226462 0.464605 0.177344 0.322222
0 0.591095 0.620188 0.017188 0.075
0 0.538365 0.581077 0.028125 0.073611
2 0.507673 0.226812 0.023438 0.073611
0 0.653469 0.390024 0.0125 0.059722
3 0.604726 0.877318 0.092188 0.256944
5 0.380308 0.50107 0.1375 0.481944
5 0.102515 0.546879 0.203125 0.379167
0 0.634772 0.36415 0.0125 0.068056
1 0.751953 0.903472 0.105469 0.159722
0 0.85625 0.971528 0.042188 0.0875
2 0.772266 0.65625 0.107031 0.215278
3 0.932422 0.736806 0.135156 0.315278
1 0.633984 0.570833 0.053906 0.166667
2 0.597656 0.368056 0.05 0.097222