2 0.738452 0.549625 0.023438 0.086111
2 0.721524 0.489944 0.023438 0.059722
1 0.635719 0.925025 0.057813 0.166667
0 0.384805 0.807115 0.020312 0.070833
0 0.675453 0.5618 0.010937 0.044444
2 0.131571 0.626327 0.071875 0.088889
1 0.172674 0.628732 0.039062 0.072222
1 0.653991 0.487816 0.019531 0.044444
1 0.682864 0.464977 0.017969 0.045833
3 0.626128 0.463589 0.01875 0.05
4 0.55261 0.410191 0.046094 0.070833
3 0.417048 0.512094 0.070312 0.093056
5 0.36821 0.509842 0.088281 0.115278
2 0.270884 0.526694 0.054688 0.052778
1 0.579437 0.530903 0.025781 0.066667
1 0.602156 0.461477 0.021094 0.043056
1 0.618752 0.712616 0.042188 0.081944
1 0.626097 0.608422 0.035937 0.055556
5 0.474539 0.563987 0.117188 0.194444
5 0.244876 0.753435 0.215625 0.333333
3 0.065625 0.757639 0.15 0.240278
2 0.191797 0.560417 0.064844 0.059722
1 0.515625 0.661806 0.046875 0.1125