5 0.646803 0.300448 0.077344 0.15
0 0.260363 0.507948 0.028125 0.098611
5 0.56276 0.251514 0.039062 0.095833
1 0.791928 0.474038 0.033594 0.068056
5 0.441677 0.239492 0.053906 0.136111
1 0.297778 0.443519 0.059375 0.1375
1 0.44184 0.444835 0.0375 0.156944
1 0.39914 0.357234 0.033594 0.104167
3 0.445986 0.318484 0.055469 0.133333
3 0.367014 0.282914 0.083594 0.1375
5 0.315204 0.262894 0.074219 0.141667
5 0.199724 0.433127 0.152344 0.297222
5 0.893079 0.737236 0.220313 0.404167
3 0.668133 0.431681 0.067969 0.131944
1 0.152838 0.613966 0.089062 0.111111
3 0.553273 0.646625 0.069531 0.173611
2 0.697755 0.874436 0.113281 0.25
5 0.357205 0.608498 0.164062 0.498611
2 0.329392 0.355336 0.054688 0.075
5 0.111719 0.808333 0.223438 0.377778
5 0.074609 0.503472 0.149219 0.279167
1 0.704297 0.35625 0.036719 0.081944
2 0.509375 0.230556 0.039062 0.077778