5 0.974745 0.499512 0.186719 0.266667
0 0.184219 0.844398 0.064062 0.133333
6 0.308685 0.910723 0.032812 0.175
6 0.217092 0.78318 0.027344 0.163889
1 0.068911 0.660386 0.0625 0.148611
1 0.263953 0.741649 0.08125 0.163889
0 0.022851 0.629398 0.034375 0.081944
5 0.125059 0.240907 0.078906 0.148611
3 0.383965 0.365522 0.069531 0.104167
0 0.427038 0.353357 0.015625 0.048611
1 0.323246 0.318807 0.035156 0.070833
1 0.274791 0.282834 0.028125 0.072222
5 0.355838 0.656329 0.280469 0.454167
3 0.628267 0.719639 0.24375 0.3375
5 0.589004 0.430513 0.235938 0.319444
5 0.429916 0.249701 0.085938 0.166667
0 0.091797 0.497222 0.016406 0.047222
1 0.085547 0.424306 0.033594 0.093056