2 0.749185 0.531108 0.023438 0.086111
2 0.731677 0.471284 0.023438 0.059722
2 0.144714 0.610561 0.076563 0.077778
2 0.197516 0.552476 0.061719 0.070833
2 0.285958 0.508157 0.047656 0.052778
1 0.652653 0.907658 0.057813 0.166667
0 0.404395 0.508178 0.017969 0.052778
1 0.228536 0.587003 0.047656 0.052778
5 0.644802 0.399712 0.021875 0.05
5 0.670151 0.39001 0.022656 0.052778
5 0.540361 0.408412 0.047656 0.069444
5 0.415424 0.463808 0.071875 0.102778
0 0.251248 0.652224 0.042188 0.073611
0 0.523299 0.462274 0.010937 0.029167
1 0.679235 0.475919 0.017969 0.031944
4 0.03125 0.748611 0.13125 0.258333
1 0.161719 0.947222 0.1 0.127778
1 0.635547 0.484722 0.025781 0.072222
1 0.501562 0.472222 0.01875 0.044444