5 0.937646 0.923617 0.252344 0.415278
5 0.616915 0.256804 0.049219 0.127778
3 0.530141 0.276146 0.021875 0.073611
5 0.578797 0.367961 0.075 0.230556
5 0.446121 0.261399 0.053125 0.144444
5 0.334532 0.376372 0.114844 0.222222
5 0.147224 0.487942 0.242969 0.368056
5 0.179572 0.312652 0.103125 0.109722
5 0.28036 0.307584 0.065625 0.180556
5 0.339262 0.216697 0.076563 0.061111
1 0.254729 0.512089 0.067969 0.152778
1 0.198073 0.738172 0.060156 0.102778
1 0.722914 0.34439 0.046875 0.061111
2 0.529173 0.233235 0.020312 0.044444
2 0.435543 0.400658 0.045313 0.073611
3 0.411383 0.170392 0.023438 0.054167
1 0.402468 0.272975 0.024219 0.045833
5 0.470488 0.147865 0.034375 0.056944
5 0.258984 0.723611 0.357031 0.505556
5 0.126172 0.659722 0.047656 0.244444