2 0.748873 0.385057 0.025781 0.052778
2 0.768637 0.44693 0.028906 0.073611
0 0.066378 0.553183 0.04375 0.052778
2 0.152761 0.505357 0.071875 0.070833
2 0.21677 0.449005 0.057031 0.056944
1 0.596478 0.941669 0.069531 0.218056
2 0.306728 0.412948 0.051562 0.055556
1 0.664269 0.820752 0.04375 0.1875
2 0.535864 0.433187 0.039844 0.063889
1 0.666881 0.475451 0.01875 0.073611
3 0.596317 0.381429 0.029687 0.072222
4 0.484527 0.442689 0.05625 0.129167
1 0.535135 0.850244 0.071875 0.172222
3 0.334651 0.589245 0.086719 0.097222
3 0.427991 0.524389 0.090625 0.111111
1 0.596462 0.51987 0.035937 0.088889
0 0.142461 0.963392 0.070312 0.1375
0 0.068055 0.929755 0.059375 0.081944
2 0.149373 0.780684 0.134375 0.191667
3 0.633645 0.389499 0.03125 0.055556
0 0.269426 0.660842 0.033594 0.070833
1 0.417066 0.432744 0.033594 0.0625
2 0.607556 0.437875 0.042188 0.058333
0 0.262109 0.740972 0.030469 0.068056
3 0.314063 0.711806 0.085938 0.176389
5 0.454297 0.745833 0.244531 0.438889