2 0.754225 0.369241 0.025781 0.052778
2 0.773732 0.431266 0.028906 0.073611
1 0.654885 0.815287 0.051562 0.191667
1 0.588805 0.883493 0.061719 0.190278
3 0.563202 0.426124 0.027344 0.061111
3 0.536233 0.416125 0.025781 0.059722
2 0.552638 0.339064 0.032031 0.043056
2 0.453541 0.548209 0.057813 0.105556
3 0.460041 0.621716 0.057031 0.1375
2 0.410365 0.537765 0.057813 0.091667
2 0.45996 0.4572 0.038281 0.038889
3 0.336639 0.602021 0.099219 0.122222
0 0.064994 0.54443 0.04375 0.052778
0 0.36939 0.664418 0.023438 0.066667
1 0.258084 0.798777 0.080469 0.170833
0 0.110224 0.583701 0.04375 0.065278
2 0.170538 0.495191 0.071875 0.070833
5 0.367469 0.431458 0.157031 0.204167
2 0.218996 0.439638 0.057031 0.056944
2 0.17841 0.775579 0.102344 0.126389
3 0.575383 0.364097 0.04375 0.054167
1 0.651234 0.402901 0.028125 0.0625
5 0.56583 0.601474 0.125781 0.305556