2 0.756808 0.486422 0.023438 0.086111
2 0.740064 0.425101 0.023438 0.059722
1 0.660772 0.59077 0.041406 0.118056
1 0.587343 0.953478 0.058594 0.172222
1 0.654942 0.867627 0.057031 0.181944
0 0.548344 0.490615 0.011719 0.041667
1 0.552412 0.586042 0.035937 0.088889
1 0.638048 0.501587 0.027344 0.079167
1 0.574097 0.474757 0.028125 0.068056
1 0.524921 0.407484 0.024219 0.045833
5 0.258693 0.901219 0.250781 0.201389
1 0.686875 0.372281 0.021094 0.051389
1 0.661057 0.37699 0.017969 0.038889
2 0.647041 0.351976 0.025781 0.052778
2 0.307553 0.746912 0.148438 0.180556
5 0.155859 0.591667 0.250781 0.272222
5 0.275 0.461806 0.095312 0.118056
1 0.453125 0.711111 0.070312 0.15
2 0.467969 0.509722 0.05625 0.083333
2 0.510547 0.48125 0.050781 0.065278
2 0.546875 0.443056 0.04375 0.063889
4 0.391797 0.548611 0.119531 0.205556
0 0.234375 0.770139 0.021875 0.109722