2 0.742443 0.542741 0.023438 0.086111
2 0.725402 0.482867 0.023438 0.059722
1 0.647933 0.930249 0.057813 0.166667
1 0.647062 0.548927 0.017969 0.031944
1 0.623507 0.503291 0.024219 0.043056
0 0.642712 0.644798 0.020312 0.070833
1 0.365549 0.517526 0.030469 0.048611
2 0.391905 0.551997 0.063281 0.072222
0 0.299228 0.634688 0.029687 0.051389
1 0.548206 0.882301 0.051562 0.125
5 0.509365 0.522451 0.067188 0.141667
5 0.580249 0.461436 0.054688 0.119444
4 0.482015 0.451707 0.0625 0.105556
1 0.639738 0.44034 0.020312 0.041667
5 0.208984 0.6125 0.150781 0.177778
3 0.085938 0.729167 0.176563 0.219444
0 0.114844 0.945833 0.065625 0.094444
1 0.399609 0.880556 0.078906 0.197222