3 0.316951 0.348211 0.057813 0.098611
3 0.388923 0.231487 0.039844 0.084722
5 0.305423 0.242734 0.077344 0.130556
5 0.393649 0.167682 0.041406 0.105556
1 0.219815 0.300009 0.03125 0.070833
5 0.165695 0.325997 0.121094 0.126389
5 0.099519 0.463479 0.192188 0.252778
5 0.262828 0.400419 0.111719 0.268056
3 0.99789 0.87622 0.078906 0.280556
5 0.423899 0.310338 0.097656 0.255556
0 0.374082 0.49128 0.027344 0.084722
0 0.834395 0.812203 0.033594 0.101389
5 0.524469 0.204097 0.042969 0.106944
3 0.407607 0.687335 0.115625 0.322222
0 0.766206 0.690741 0.023438 0.094444
0 0.681893 0.417741 0.020312 0.0625
3 0.582167 0.653533 0.089844 0.227778
3 0.539222 0.440019 0.050781 0.138889
4 0.58786 0.372668 0.075 0.191667
2 0.527689 0.291712 0.034375 0.094444
1 0.332553 0.493708 0.042188 0.084722
1 0.418157 0.491402 0.055469 0.127778
5 0.148438 0.713889 0.292188 0.566667
2 0.714063 0.75 0.115625 0.255556