1 0.505979 0.378511 0.021875 0.056944
1 0.48774 0.325819 0.020312 0.052778
1 0.317154 0.295535 0.071875 0.131944
5 0.341344 0.390475 0.09375 0.219444
2 0.237779 0.371368 0.048437 0.066667
3 0.441731 0.280784 0.027344 0.059722
5 0.177783 0.597255 0.182812 0.381944
5 0.105288 0.480536 0.145313 0.259722
3 0.267998 0.70786 0.149219 0.336111
0 0.106401 0.695162 0.039844 0.091667
2 0.342315 0.518624 0.057031 0.101389
0 0.466817 0.438928 0.021875 0.045833
5 0.616508 0.432829 0.158594 0.275
2 0.475781 0.701389 0.071875 0.194444
3 0.713672 0.549306 0.077344 0.1375
5 0.833984 0.76875 0.300781 0.445833
1 0.039844 0.815278 0.079687 0.244444
5 0.25 0.290972 0.070312 0.123611