5 0.174278 0.292789 0.097656 0.118056
5 0.649092 0.303723 0.077344 0.15
1 0.705597 0.339802 0.035156 0.073611
5 0.919803 0.780134 0.2625 0.455556
1 0.80854 0.471282 0.047656 0.080556
2 0.455603 0.177208 0.023438 0.056944
2 0.456272 0.220844 0.032812 0.056944
3 0.559972 0.248642 0.017969 0.052778
5 0.375067 0.266026 0.0625 0.140278
3 0.536033 0.482993 0.046094 0.1125
0 0.555919 0.825891 0.027344 0.101389
2 0.554695 0.307062 0.023438 0.041667
1 0.1465 0.774082 0.123438 0.254167
3 0.331161 0.346845 0.086719 0.195833
1 0.400974 0.803242 0.096875 0.227778
0 0.091311 0.766643 0.028125 0.098611
0 0.335847 0.742092 0.032031 0.095833
0 0.317957 0.644211 0.025781 0.080556
1 0.350959 0.503804 0.047656 0.136111
3 0.40483 0.556009 0.097656 0.226389
2 0.2484 0.536411 0.11875 0.194444
5 0.200161 0.44412 0.158594 0.293056
3 0.513936 0.266972 0.028125 0.077778
2 0.560823 0.378129 0.039062 0.094444
5 0.696484 0.581944 0.186719 0.5
5 0.53125 0.174306 0.039062 0.095833
5 0.055859 0.535417 0.136719 0.381944
5 0.430078 0.361111 0.083594 0.255556
5 0.394531 0.160417 0.04375 0.081944
5 0.323438 0.242361 0.08125 0.101389