1 0.70775 0.396861 0.044531 0.084722
1 0.723975 0.513767 0.051562 0.109722
5 0.156647 0.367473 0.089062 0.179167
5 0.330029 0.314903 0.039844 0.138889
1 0.589384 0.346596 0.020312 0.059722
5 0.65587 0.33441 0.082031 0.176389
1 0.568092 0.333466 0.017969 0.0625
5 0.256582 0.424136 0.109375 0.370833
5 0.387342 0.497954 0.121094 0.363889
5 0.423318 0.286477 0.057813 0.123611
5 0.509105 0.216093 0.032031 0.076389
2 0.382483 0.784446 0.107813 0.240278
3 0.543134 0.532179 0.071875 0.173611
3 0.523202 0.328399 0.038281 0.113889
5 0.556747 0.270932 0.041406 0.098611
5 0.104297 0.663194 0.208594 0.440278
5 0.149219 0.992361 0.25 0.304167
1 0.592188 0.479167 0.0375 0.122222