6 0.335262 0.777346 0.040625 0.183333
0 0.120019 0.873426 0.058594 0.141667
3 0.535698 0.530378 0.092188 0.1375
0 0.73028 0.529545 0.032031 0.055556
1 0.843624 0.486097 0.067188 0.152778
1 0.893414 0.493405 0.073437 0.125
3 0.288911 0.312558 0.060938 0.120833
2 0.420937 0.377767 0.051562 0.093056
0 0.331386 0.58813 0.046094 0.115278
0 0.654376 0.429074 0.035937 0.051389
6 0.483598 0.886729 0.046094 0.191667
6 0.4184 0.874593 0.032031 0.130556
1 0.368157 0.917161 0.116406 0.1375
1 0.046094 0.3125 0.039062 0.066667
1 0.049219 0.25625 0.020312 0.056944
2 0.872266 0.68125 0.153906 0.151389
2 0.878125 0.840278 0.114063 0.188889
2 0.7125 0.616667 0.170312 0.286111