6 0.267462 0.751972 0.040625 0.183333
6 0.034036 0.547108 0.028125 0.120833
5 1.0 0.534291 0.323438 0.383333
6 0.402225 0.891487 0.039844 0.195833
3 0.481143 0.407875 0.059375 0.098611
1 0.116697 0.272121 0.029687 0.059722
2 0.687662 0.51585 0.121875 0.2125
2 0.587206 0.434168 0.067188 0.109722
2 0.154608 0.237731 0.025781 0.063889
3 0.17551 0.260194 0.051562 0.115278
1 0.259259 0.402134 0.055469 0.130556
1 0.223977 0.460052 0.06875 0.125
2 0.851914 0.710007 0.182031 0.205556
1 0.087797 0.354086 0.029687 0.073611
0 0.21418 0.834199 0.058594 0.141667
0 0.515111 0.306538 0.029687 0.063889
0 0.466205 0.307269 0.020312 0.0375
6 0.565234 0.716667 0.032031 0.166667