5 0.176874 0.291051 0.097656 0.118056
5 0.6516 0.302624 0.077344 0.15
1 0.708516 0.353185 0.035156 0.073611
5 0.924647 0.780182 0.2625 0.455556
1 0.796446 0.481822 0.047656 0.080556
3 0.510558 0.247532 0.017969 0.047222
2 0.457065 0.19003 0.023438 0.056944
2 0.456943 0.249781 0.032812 0.056944
5 0.312379 0.255461 0.05625 0.118056
2 0.558135 0.329047 0.027344 0.081944
5 0.523209 0.169735 0.024219 0.056944
3 0.556865 0.202879 0.017969 0.052778
1 0.34434 0.543829 0.071875 0.169444
3 0.302103 0.394017 0.124219 0.272222
5 0.426287 0.38662 0.110937 0.294444
5 0.389012 0.168292 0.067969 0.076389
5 0.377526 0.264689 0.0625 0.140278
5 0.192415 0.429894 0.13125 0.245833
2 0.211082 0.593572 0.164844 0.244444
0 0.306598 0.688651 0.039062 0.141667
0 0.324407 0.813834 0.055469 0.141667
5 0.647178 0.474892 0.109375 0.308333
3 0.528358 0.413624 0.046094 0.1125
2 0.639962 0.946372 0.11875 0.330556
1 0.804058 0.87978 0.083594 0.252778
3 0.397256 0.57934 0.116406 0.256944
0 0.546639 0.620499 0.027344 0.101389
2 0.548429 0.270885 0.023438 0.041667
1 0.09375 0.870139 0.123438 0.254167
1 0.376953 0.890972 0.089844 0.2125
5 0.058594 0.532639 0.153125 0.379167