5 0.879717 0.611755 0.222656 0.3875
1 0.719333 0.358441 0.044531 0.084722
2 0.535585 0.301733 0.028906 0.056944
0 0.629212 0.367255 0.019531 0.036111
5 0.510782 0.215798 0.029687 0.061111
5 0.314785 0.393907 0.141406 0.206944
5 0.454533 0.302798 0.085156 0.233333
5 0.445381 0.210375 0.048437 0.115278
5 0.39508 0.221257 0.065625 0.094444
5 0.32847 0.252759 0.061719 0.084722
5 0.277723 0.321681 0.091406 0.156944
5 0.177046 0.371648 0.100781 0.190278
3 0.098178 0.420716 0.060156 0.123611
2 0.440898 0.45308 0.0625 0.147222
5 0.176383 0.666867 0.260156 0.523611
1 0.387497 0.422993 0.04375 0.068056
3 0.518721 0.363051 0.029687 0.094444
4 0.598085 0.344043 0.065625 0.195833
1 0.762872 0.928995 0.079687 0.234722
1 0.760847 0.619823 0.050781 0.170833
3 0.661013 0.611547 0.067969 0.219444
5 0.077053 0.730829 0.15 0.508333
3 0.381817 0.769698 0.089844 0.094444
3 0.313338 0.862322 0.174219 0.222222
0 0.508591 0.302092 0.01875 0.027778
1 0.393767 0.507753 0.057813 0.119444
0 0.433984 0.380556 0.019531 0.033333