2 0.774525 0.422707 0.023438 0.086111
2 0.753951 0.354722 0.023438 0.059722
1 0.653279 0.601588 0.033594 0.104167
1 0.586272 0.88928 0.063281 0.120833
2 0.628978 0.353603 0.023438 0.040278
1 0.646404 0.427102 0.028125 0.070833
0 0.06264 0.522953 0.038281 0.058333
1 0.565395 0.656509 0.047656 0.119444
2 0.166933 0.481496 0.077344 0.075
2 0.216502 0.429248 0.055469 0.052778
4 0.586572 0.299622 0.045313 0.077778
2 0.299088 0.39996 0.05 0.055556
0 0.38848 0.930404 0.04375 0.106944
0 0.34852 0.72935 0.042969 0.084722
4 0.162154 0.677559 0.192969 0.313889
3 0.248148 0.70514 0.121094 0.222222
3 0.242947 0.859218 0.169531 0.193056
2 0.355484 0.563404 0.101562 0.161111
3 0.472162 0.480076 0.063281 0.077778
2 0.535104 0.468857 0.057813 0.1
1 0.59523 0.476387 0.034375 0.098611
5 0.47325 0.368989 0.096875 0.130556
1 0.567187 0.759028 0.054688 0.165278
1 0.60625 0.747917 0.0375 0.104167