2 0.749614 0.492645 0.023438 0.086111
2 0.733018 0.431363 0.023438 0.059722
2 0.285479 0.455769 0.05 0.055556
1 0.648535 0.641191 0.041406 0.118056
2 0.541719 0.457517 0.032031 0.052778
1 0.641678 0.466697 0.028125 0.055556
1 0.673435 0.428881 0.017969 0.044444
1 0.636445 0.399045 0.014844 0.036111
2 0.573064 0.429729 0.028125 0.0375
0 0.449123 0.632854 0.021875 0.045833
5 0.1789 0.540007 0.176563 0.201389
1 0.319141 0.547097 0.05 0.115278
1 0.58651 0.960556 0.058594 0.172222
1 0.585291 0.515393 0.033594 0.080556
2 0.512781 0.552945 0.063281 0.108333
2 0.310369 0.711279 0.105469 0.116667
4 0.474256 0.490777 0.083594 0.1375
2 0.171198 0.951727 0.152344 0.158333
5 0.358594 0.836806 0.2625 0.343056
1 0.651953 0.863194 0.057031 0.181944