2 0.763233 0.380195 0.025781 0.052778
1 0.677026 0.836849 0.059375 0.188889
2 0.780105 0.430451 0.028906 0.073611
1 0.577825 0.688018 0.044531 0.1
3 0.372706 0.595379 0.065625 0.108333
5 0.623631 0.411137 0.053906 0.116667
5 0.522242 0.540356 0.101562 0.215278
5 0.49863 0.46698 0.1125 0.205556
1 0.679815 0.487356 0.027344 0.070833
1 0.67846 0.563635 0.028125 0.05
1 0.650826 0.50963 0.029687 0.098611
3 0.265834 0.666532 0.155469 0.275
5 0.26962 0.488454 0.200781 0.2375
2 0.266415 0.903041 0.210938 0.247222
2 0.101953 0.889583 0.203906 0.201389
2 0.175781 0.522222 0.065625 0.091667
1 0.130859 0.517361 0.033594 0.084722