2 0.753428 0.534674 0.023438 0.086111
2 0.735886 0.475081 0.023438 0.059722
1 0.702774 0.477459 0.027344 0.075
0 0.403882 0.783323 0.04375 0.098611
2 0.146829 0.61126 0.076563 0.077778
2 0.202554 0.547347 0.061719 0.070833
5 0.429268 0.456874 0.089062 0.122222
5 0.339519 0.502087 0.09375 0.1125
1 0.652396 0.924627 0.041406 0.172222
0 0.071094 0.814583 0.04375 0.068056
0 0.391406 0.572917 0.017188 0.029167
1 0.281641 0.624306 0.053906 0.0875
1 0.429297 0.626389 0.046094 0.1
1 0.6 0.503472 0.026563 0.070833
5 0.58125 0.409722 0.046875 0.063889
2 0.534375 0.449306 0.021875 0.034722
2 0.508594 0.479861 0.026563 0.031944