2 0.752032 0.371717 0.025781 0.052778
2 0.771512 0.433938 0.028906 0.073611
2 0.300346 0.399649 0.049219 0.047222
1 0.658753 0.816028 0.051562 0.191667
0 0.417966 0.61932 0.021875 0.029167
1 0.506896 0.749272 0.077344 0.233333
3 0.610998 0.410415 0.033594 0.061111
5 0.578586 0.57089 0.114844 0.2625
1 0.596387 0.83067 0.061719 0.190278
3 0.587471 0.398932 0.027344 0.061111
3 0.553194 0.403829 0.025781 0.059722
2 0.53468 0.35862 0.032031 0.043056
5 0.198178 0.537681 0.246875 0.275
1 0.328533 0.71078 0.059375 0.138889
5 0.138693 0.819749 0.347656 0.326389
2 0.489062 0.509722 0.057813 0.105556
3 0.510547 0.549306 0.057031 0.1375
2 0.435156 0.509722 0.057813 0.091667
2 0.478516 0.451389 0.038281 0.038889
3 0.364453 0.575 0.099219 0.122222