2 0.754858 0.475612 0.023438 0.086111
2 0.73789 0.416428 0.023438 0.059722
1 0.58725 0.936668 0.063281 0.120833
2 0.202568 0.479991 0.055469 0.052778
2 0.288908 0.449579 0.05 0.055556
1 0.664227 0.556518 0.039844 0.080556
2 0.153437 0.540237 0.082031 0.081944
1 0.697646 0.467613 0.032031 0.084722
1 0.644707 0.521063 0.032031 0.108333
1 0.663787 0.39486 0.01875 0.036111
1 0.449091 0.780344 0.055469 0.165278
3 0.440847 0.550291 0.078125 0.151389
1 0.245703 0.50625 0.039844 0.076389
4 0.615625 0.386806 0.042188 0.068056