3 0.491987 0.392002 0.082031 0.148611
3 0.38897 0.304919 0.082813 0.158333
3 0.240903 0.212565 0.051562 0.088889
1 0.915174 0.39424 0.053906 0.120833
0 0.137265 0.801125 0.071094 0.151389
6 0.35895 0.75816 0.039844 0.198611
5 0.708326 0.774629 0.496875 0.448611
3 0.689175 0.512539 0.207031 0.276389
3 0.89916 0.72951 0.101562 0.211111
2 0.177739 0.342354 0.0875 0.104167
3 0.090279 0.358073 0.069531 0.138889
5 0.160569 0.227183 0.098438 0.155556
3 0.287317 0.247605 0.053125 0.091667
1 0.85 0.405556 0.076563 0.116667
0 0.8125 0.509722 0.042188 0.091667