5 0.184099 0.28897 0.097656 0.118056
5 0.656026 0.314361 0.077344 0.15
5 0.191938 0.455715 0.171094 0.322222
5 0.329933 0.284923 0.101562 0.233333
1 0.709162 0.368709 0.035156 0.073611
5 0.899967 0.761724 0.2625 0.455556
1 0.580323 0.286557 0.017188 0.048611
3 0.397296 0.312534 0.054688 0.105556
5 0.432363 0.223839 0.051562 0.130556
1 0.392554 0.371134 0.055469 0.109722
2 0.440293 0.363988 0.052344 0.090278
3 0.394431 0.234676 0.025781 0.088889
1 0.730147 0.654485 0.06875 0.155556
5 0.239503 0.722903 0.31875 0.533333
5 0.529226 0.241388 0.055469 0.116667
2 0.646308 0.962114 0.138281 0.233333
1 0.205078 0.548611 0.047656 0.113889
5 0.085547 0.469444 0.171094 0.222222
2 0.408594 0.514583 0.04375 0.115278
1 0.766797 0.548611 0.033594 0.055556