2 0.741518 0.379346 0.025781 0.052778
2 0.763883 0.444357 0.028906 0.073611
1 0.686446 0.456077 0.028125 0.05
2 0.161592 0.502367 0.065625 0.091667
2 0.212758 0.447323 0.059375 0.070833
1 0.657442 0.807696 0.057813 0.1875
2 0.29478 0.411029 0.049219 0.047222
2 0.575054 0.384669 0.025 0.040278
1 0.640273 0.633117 0.036719 0.098611
1 0.59537 0.586046 0.039844 0.127778
2 0.494786 0.469994 0.045313 0.05
1 0.57157 0.447389 0.020312 0.056944
5 0.579208 0.299121 0.053125 0.079167
5 0.667552 0.382089 0.0375 0.095833
1 0.627854 0.416279 0.021875 0.055556
3 0.534922 0.414208 0.032812 0.0625
5 0.464391 0.639829 0.158594 0.286111
0 0.087804 0.645486 0.052344 0.081944
0 0.059775 0.552369 0.0375 0.058333
5 0.261328 0.617361 0.258594 0.379167
5 0.189844 0.8375 0.384375 0.325