6 0.283791 0.777419 0.040625 0.183333
5 1.0 0.542424 0.323438 0.383333
6 0.427552 0.890749 0.039844 0.195833
1 0.107511 0.247038 0.029687 0.059722
2 0.62546 0.44863 0.067188 0.109722
2 0.136993 0.222726 0.025781 0.063889
3 0.168867 0.250505 0.051562 0.115278
1 0.240534 0.354528 0.055469 0.130556
1 0.199127 0.428682 0.06875 0.125
1 0.083504 0.340361 0.029687 0.073611
0 0.214661 0.838056 0.058594 0.141667
0 0.545524 0.326803 0.029687 0.063889
0 0.497212 0.343684 0.020312 0.0375
6 0.555316 0.745765 0.032031 0.166667
2 0.863563 0.731055 0.198437 0.25
2 0.698961 0.538515 0.160938 0.261111
3 0.501924 0.417072 0.092188 0.1375