5 0.958195 0.479405 0.186719 0.266667
1 0.094405 0.456277 0.044531 0.122222
0 0.178778 0.862019 0.064062 0.133333
6 0.295295 0.915552 0.032812 0.175
6 0.21599 0.78652 0.027344 0.163889
0 0.09643 0.52535 0.029687 0.098611
0 0.097464 0.345218 0.020312 0.063889
3 0.338696 0.337937 0.045313 0.084722
1 0.064116 0.670431 0.0625 0.148611
1 0.616081 0.384175 0.045313 0.095833
1 0.295558 0.822232 0.08125 0.163889
1 0.546443 0.724455 0.049219 0.184722
0 0.020335 0.639095 0.034375 0.081944
5 0.391016 0.719444 0.303906 0.477778
5 0.130078 0.257639 0.078906 0.148611
5 0.492188 0.388194 0.196875 0.279167
5 0.40625 0.23125 0.064062 0.109722
3 0.903516 0.597917 0.178906 0.231944
3 0.768359 0.63125 0.163281 0.181944
3 0.825781 0.857639 0.292188 0.254167