2 0.750621 0.491293 0.023438 0.086111
2 0.733968 0.429883 0.023438 0.059722
2 0.294403 0.454745 0.05 0.055556
1 0.653476 0.616311 0.041406 0.118056
2 0.540314 0.459183 0.032031 0.052778
1 0.625512 0.48347 0.028125 0.055556
1 0.661224 0.431944 0.017969 0.044444
1 0.627142 0.41185 0.014844 0.036111
2 0.567071 0.431331 0.028125 0.0375
0 0.393055 0.691103 0.021875 0.045833
1 0.588204 0.956058 0.058594 0.172222
1 0.562131 0.557311 0.033594 0.080556
4 0.462047 0.503487 0.083594 0.1375
5 0.316854 0.880459 0.2625 0.343056
1 0.655547 0.868532 0.057031 0.181944
2 0.2403 0.779433 0.127344 0.176389
2 0.509778 0.475287 0.032031 0.056944
2 0.478424 0.587881 0.076563 0.152778
5 0.220313 0.517361 0.142188 0.173611
1 0.394141 0.49375 0.039844 0.081944