6 0.228368 0.765016 0.040625 0.183333
6 0.03238 0.555664 0.029687 0.118056
1 0.056002 0.378281 0.038281 0.120833
5 1.0 0.558896 0.339063 0.343056
5 0.634037 0.340338 0.207031 0.2625
2 0.470414 0.361405 0.060938 0.111111
2 0.198694 0.301261 0.072656 0.102778
3 0.169459 0.252445 0.059375 0.109722
3 0.580805 0.412922 0.067969 0.123611
2 0.784123 0.663803 0.153125 0.2
5 0.342225 0.398839 0.213281 0.320833
2 0.524738 0.467886 0.082813 0.1375
6 0.365211 0.918694 0.033594 0.256944
0 0.267544 0.501761 0.024219 0.075
0 0.182595 0.358541 0.014062 0.059722
2 0.581451 0.763068 0.203125 0.265278
5 0.10968 0.279087 0.071875 0.155556
2 0.281364 0.232448 0.035937 0.055556
1 0.185937 0.552083 0.065625 0.093056
0 0.202344 0.817361 0.060938 0.148611
1 0.90625 0.43125 0.042188 0.120833