1 0.711265 0.413409 0.044531 0.084722
1 0.733728 0.515428 0.051562 0.109722
3 0.511951 0.29282 0.027344 0.070833
5 0.169692 0.392274 0.089062 0.179167
5 0.255049 0.451203 0.117188 0.394444
5 0.325581 0.336721 0.039844 0.138889
1 0.586298 0.29708 0.020312 0.059722
1 0.559507 0.299296 0.01875 0.040278
5 0.641523 0.362008 0.082031 0.176389
1 0.679576 0.569821 0.039844 0.081944
1 0.397279 0.358126 0.029687 0.054167
1 0.416421 0.349864 0.029687 0.076389
3 0.447001 0.407538 0.041406 0.111111
5 0.448877 0.298436 0.046094 0.129167
5 0.907826 0.77695 0.204688 0.444444
5 0.398225 0.30008 0.041406 0.120833
0 0.363766 0.345626 0.014062 0.047222
1 0.645095 0.667147 0.053906 0.158333
3 0.571332 0.70632 0.069531 0.186111
0 0.577792 0.57124 0.015625 0.0625
5 0.078516 0.734028 0.224219 0.548611
0 0.204688 0.942361 0.035937 0.109722
5 0.369141 0.601389 0.139844 0.425