6 0.407444 0.967328 0.040625 0.183333
0 0.12248 0.88297 0.058594 0.141667
3 0.557411 0.54087 0.092188 0.1375
1 0.85533 0.469045 0.067188 0.152778
1 0.902116 0.492869 0.073437 0.125
0 0.722369 0.456935 0.035937 0.051389
6 0.512398 0.873073 0.046094 0.191667
1 0.045032 0.293533 0.039062 0.066667
3 0.249299 0.300464 0.042188 0.094444
5 0.285529 0.228345 0.083594 0.102778
3 0.329479 0.327542 0.08125 0.130556
2 0.508695 0.42561 0.083594 0.109722
2 0.77661 0.669326 0.196875 0.304167
0 0.199104 0.430485 0.025 0.056944
6 0.366016 0.786806 0.035156 0.176389
1 0.3 0.858333 0.104687 0.238889
0 0.833984 0.586111 0.055469 0.102778