1 0.242465 0.285847 0.03125 0.070833
3 0.468001 0.33712 0.002344 0.011111
5 0.187101 0.309765 0.104687 0.122222
1 0.398759 0.289908 0.032031 0.052778
5 0.284153 0.278166 0.071094 0.1
3 0.400558 0.194892 0.0375 0.0625
5 0.472328 0.149502 0.046094 0.090278
5 0.556673 0.309542 0.0625 0.172222
5 0.12987 0.490689 0.232812 0.376389
1 0.218878 0.586187 0.079687 0.190278
5 0.440041 0.308518 0.075 0.227778
5 0.310592 0.423292 0.125781 0.304167
3 0.460812 0.206693 0.035937 0.0625
5 0.587671 0.236781 0.041406 0.102778
5 0.329826 0.209215 0.069531 0.077778
2 0.421529 0.501857 0.083594 0.165278
1 0.120674 0.877334 0.099219 0.148611
5 0.049088 0.753809 0.077344 0.405556
5 0.834356 0.71959 0.335938 0.577778