1 0.71817 0.384475 0.044531 0.084722
1 0.72661 0.515062 0.051562 0.109722
5 0.169607 0.365382 0.089062 0.179167
5 0.333322 0.303533 0.039844 0.138889
5 0.65242 0.350641 0.082031 0.176389
5 0.262752 0.401659 0.109375 0.370833
5 0.565355 0.295187 0.041406 0.098611
0 0.42432 0.636908 0.041406 0.102778
2 0.422291 0.502463 0.058594 0.134722
5 0.429407 0.22844 0.045313 0.070833
5 0.41491 0.344316 0.069531 0.186111
3 0.578837 0.781625 0.115625 0.304167
1 0.640807 0.684109 0.060156 0.179167
3 0.532295 0.424933 0.057813 0.205556
5 0.510437 0.257562 0.042188 0.106944
5 0.230669 0.694164 0.307813 0.491667
1 0.58125 0.388194 0.03125 0.084722
1 0.610937 0.422222 0.035937 0.088889
5 0.107422 0.635417 0.214844 0.456944