1 0.629496 0.541176 0.024219 0.063889
2 0.802482 0.441629 0.0375 0.088889
2 0.773856 0.388132 0.025781 0.052778
1 0.69745 0.406005 0.021875 0.051389
1 0.683811 0.47756 0.035156 0.070833
5 0.637074 0.346038 0.042188 0.0875
5 0.662966 0.363149 0.039062 0.077778
1 0.633633 0.679172 0.055469 0.097222
1 0.686917 0.819041 0.059375 0.188889
6 0.621424 0.895154 0.029687 0.151389
2 0.55037 0.500033 0.057031 0.115278
3 0.529431 0.446353 0.052344 0.119444
2 0.184733 0.512864 0.060156 0.084722
5 0.374555 0.441463 0.1375 0.173611
0 0.470701 0.413463 0.020312 0.0375
2 0.238164 0.453734 0.051562 0.063889
2 0.178516 0.861111 0.210156 0.275
2 0.271484 0.708333 0.119531 0.116667