5 0.644986 0.300282 0.077344 0.15
0 0.273268 0.493156 0.028125 0.098611
1 0.793507 0.480498 0.033594 0.068056
5 0.451627 0.222639 0.053906 0.136111
1 0.311488 0.428959 0.059375 0.1375
1 0.448749 0.407415 0.0375 0.156944
1 0.415241 0.329107 0.033594 0.104167
3 0.447948 0.313741 0.055469 0.133333
3 0.369143 0.267313 0.083594 0.1375
5 0.317117 0.26274 0.074219 0.141667
5 0.900218 0.750589 0.220313 0.404167
2 0.332928 0.347869 0.054688 0.075
5 0.070856 0.488189 0.149219 0.279167
1 0.711132 0.350503 0.036719 0.081944
3 0.589167 0.87608 0.089844 0.236111
5 0.571418 0.238558 0.045313 0.1375
5 0.373294 0.540477 0.142969 0.408333
5 0.215256 0.403803 0.146875 0.247222
2 0.347596 0.932827 0.119531 0.173611
5 0.110937 0.770833 0.3375 0.455556
3 0.724219 0.466667 0.090625 0.177778
2 0.5125 0.253472 0.026563 0.068056