2 0.752012 0.526316 0.023438 0.086111
2 0.734482 0.466585 0.023438 0.059722
2 0.141234 0.618718 0.076563 0.077778
2 0.200872 0.549233 0.061719 0.070833
5 0.366762 0.47916 0.09375 0.1125
1 0.453217 0.504745 0.026563 0.070833
5 0.481029 0.43996 0.067969 0.088889
2 0.286855 0.509038 0.047656 0.052778
1 0.086484 0.694191 0.069531 0.076389
1 0.228125 0.815972 0.09375 0.173611
1 0.519141 0.582639 0.053906 0.093056
1 0.213672 0.672222 0.055469 0.083333
0 0.364453 0.578472 0.024219 0.026389
1 0.652344 0.907639 0.059375 0.173611