1 0.647732 0.455945 0.024219 0.063889
1 0.66351 0.793606 0.05625 0.177778
2 0.786255 0.429096 0.0375 0.088889
2 0.763212 0.358294 0.025781 0.052778
6 0.738094 0.586736 0.030469 0.123611
2 0.178995 0.486369 0.074219 0.075
2 0.233632 0.42549 0.057031 0.063889
2 0.317321 0.391214 0.038281 0.05
1 0.593774 0.739065 0.066406 0.106944
2 0.336373 0.679554 0.123438 0.195833
3 0.441985 0.377842 0.077344 0.095833
2 0.4001 0.429737 0.072656 0.069444
2 0.633396 0.350635 0.039844 0.083333
3 0.603085 0.333534 0.039844 0.098611
2 0.380482 0.570128 0.069531 0.0875
1 0.704076 0.332574 0.021875 0.051389
5 0.132422 0.779167 0.264844 0.430556
5 0.035937 0.546528 0.14375 0.206944
1 0.684766 0.41875 0.035156 0.070833