3 0.315538 0.348212 0.057813 0.098611
3 0.387649 0.232943 0.039844 0.084722
5 0.304161 0.243956 0.077344 0.130556
5 0.392442 0.167904 0.041406 0.105556
1 0.225448 0.306508 0.03125 0.070833
5 0.164497 0.326323 0.121094 0.126389
2 0.520715 0.281216 0.023438 0.073611
5 0.098191 0.463507 0.192188 0.252778
1 0.324555 0.523061 0.05625 0.109722
5 0.260051 0.413971 0.111719 0.268056
3 0.986041 0.834797 0.078906 0.280556
3 0.534281 0.407402 0.039844 0.109722
4 0.573168 0.336276 0.057813 0.159722
5 0.422929 0.310007 0.097656 0.255556
0 0.360829 0.589228 0.027344 0.084722
0 0.77534 0.676234 0.033594 0.101389
5 0.516335 0.184526 0.042969 0.106944
3 0.560981 0.576848 0.078906 0.191667
1 0.41237 0.598299 0.060156 0.155556
3 0.390978 0.7789 0.115625 0.322222
5 0.133657 0.73866 0.266406 0.516667
0 0.722656 0.588889 0.023438 0.094444
0 0.660937 0.385417 0.020312 0.0625
2 0.675391 0.627083 0.092969 0.201389