3 0.315278 0.250173 0.051562 0.088889
1 0.915292 0.368738 0.053906 0.120833
0 0.145636 0.781204 0.071094 0.151389
3 0.403607 0.302875 0.06875 0.141667
3 0.503656 0.36891 0.10625 0.183333
3 0.642883 0.490705 0.11875 0.186111
3 0.943579 0.635476 0.282031 0.401389
1 0.048407 0.582676 0.052344 0.106944
3 0.75175 0.45786 0.1125 0.208333
1 0.857892 0.368131 0.038281 0.115278
0 0.665544 0.382593 0.036719 0.075
3 0.199505 0.58 0.104687 0.259722
1 0.615802 0.320518 0.048437 0.105556
5 0.454247 0.216032 0.123438 0.1625
5 0.304037 0.167856 0.09375 0.102778
5 0.673127 0.853901 0.473437 0.448611
0 0.409218 0.494921 0.047656 0.077778
0 0.332422 0.422222 0.032031 0.075
0 0.257422 0.330556 0.011719 0.052778