2 0.745946 0.377334 0.025781 0.052778
2 0.765614 0.439474 0.028906 0.073611
2 0.213034 0.441234 0.057031 0.056944
1 0.594252 0.918621 0.069531 0.218056
2 0.303084 0.404845 0.051562 0.055556
1 0.662972 0.808501 0.04375 0.1875
2 0.525549 0.431066 0.039844 0.063889
1 0.661425 0.476154 0.01875 0.073611
3 0.573557 0.396031 0.029687 0.072222
1 0.543608 0.819644 0.071875 0.172222
3 0.314017 0.609239 0.086719 0.097222
3 0.412969 0.541798 0.090625 0.111111
1 0.570524 0.561878 0.035937 0.088889
3 0.617995 0.410736 0.03125 0.055556
0 0.228304 0.690936 0.033594 0.070833
2 0.576963 0.481291 0.042188 0.058333
3 0.281271 0.759447 0.085938 0.176389
5 0.386511 0.782934 0.244531 0.438889
2 0.101475 0.797349 0.159375 0.209722
0 0.192448 0.79482 0.047656 0.102778
4 0.469922 0.452778 0.075781 0.161111
4 0.089062 0.6 0.217187 0.291667