5 0.317749 0.240278 0.077344 0.130556
1 0.222339 0.299019 0.03125 0.070833
5 0.169792 0.325172 0.121094 0.126389
5 0.101472 0.462855 0.192188 0.252778
3 1.0 1.0 0.078906 0.280556
0 0.397961 0.370707 0.027344 0.084722
5 0.534151 0.226747 0.042969 0.106944
2 0.534228 0.330309 0.034375 0.094444
1 0.346529 0.424612 0.042188 0.084722
5 0.180573 0.668092 0.292188 0.566667
5 0.267556 0.352219 0.074219 0.177778
5 0.44115 0.25959 0.074219 0.209722
5 0.400968 0.140768 0.038281 0.059722
3 0.395808 0.204636 0.027344 0.070833
3 0.351138 0.267835 0.051562 0.093056
1 0.320237 0.329314 0.05 0.105556
3 0.431302 0.49052 0.082813 0.245833
3 0.436533 0.401158 0.002344 0.011111
1 0.430141 0.376395 0.049219 0.070833
3 0.625601 0.93274 0.13125 0.331944
4 0.636987 0.47864 0.091406 0.241667
0 0.76464 0.59547 0.03125 0.094444
3 0.562969 0.593625 0.067969 0.186111