1 0.642226 0.485279 0.024219 0.063889
2 0.795165 0.416358 0.0375 0.088889
2 0.766594 0.362496 0.025781 0.052778
2 0.321243 0.39393 0.038281 0.05
2 0.603998 0.413892 0.039844 0.083333
3 0.575189 0.381681 0.039844 0.098611
1 0.701461 0.369078 0.021875 0.051389
1 0.682449 0.437005 0.035156 0.070833
2 0.471466 0.412621 0.054688 0.076389
3 0.498937 0.374086 0.053125 0.091667
2 0.346621 0.622366 0.077344 0.086111
0 0.388383 0.472012 0.03125 0.043056
5 0.656828 0.290549 0.042188 0.0875
5 0.691155 0.310732 0.039062 0.077778
2 0.275686 0.77115 0.159375 0.251389
5 0.200705 0.513449 0.196875 0.25
1 0.61324 0.701753 0.055469 0.097222
1 0.679328 0.806022 0.059375 0.188889
5 0.072266 0.829861 0.202344 0.359722
6 0.624219 0.850694 0.029687 0.151389