5 0.690235 0.822964 0.292188 0.356944
5 0.503797 0.537257 0.119531 0.254167
2 0.399022 0.416441 0.033594 0.084722
1 0.298212 0.328725 0.03125 0.073611
4 0.35614 0.327064 0.035937 0.088889
1 0.407428 0.64792 0.039844 0.1
5 0.24013 0.433302 0.097656 0.201389
1 0.38312 0.494482 0.025781 0.070833
0 0.371649 0.408135 0.017969 0.031944
0 0.3573 0.615937 0.025 0.033333
2 0.223615 0.563907 0.058594 0.101389
5 0.148108 0.37697 0.092969 0.116667
1 0.452917 0.831209 0.070312 0.177778
5 0.101562 0.568056 0.170312 0.294444
3 0.117969 0.774306 0.196875 0.354167
3 0.321875 0.785417 0.109375 0.309722