2 0.51106 0.278988 0.050781 0.098611
5 0.906765 0.799487 0.226562 0.379167
5 0.096508 0.41566 0.177344 0.230556
5 0.270151 0.374172 0.164844 0.238889
5 0.454356 0.270163 0.108594 0.2
5 0.489923 0.167236 0.077344 0.101389
5 0.543731 0.180631 0.067969 0.123611
2 0.366723 0.591039 0.1375 0.230556
5 0.676152 0.330025 0.105469 0.191667
5 0.774918 0.373107 0.130469 0.3
2 0.633557 0.988546 0.117188 0.338889
1 0.662167 0.189325 0.032031 0.054167
3 0.833378 0.553231 0.095312 0.1625
5 0.635217 0.120244 0.029687 0.081944
0 0.621316 0.191011 0.015625 0.023611
0 0.314254 0.56788 0.0375 0.086111
3 0.44627 0.40915 0.096094 0.208333
4 0.574605 0.381547 0.095312 0.298611
0 0.463506 0.960789 0.032812 0.134722
1 0.346776 0.432829 0.060156 0.118056
1 0.310491 0.420544 0.05 0.120833
1 0.36969 0.351166 0.035156 0.073611
5 0.066702 0.576952 0.141406 0.313889
2 0.042969 0.81875 0.085938 0.145833
2 0.232031 0.870139 0.171875 0.254167