5 0.320875 0.231054 0.077344 0.130556
1 0.220739 0.291132 0.03125 0.070833
0 0.41579 0.268956 0.027344 0.084722
1 0.329272 0.286589 0.05 0.105556
3 0.432142 0.367936 0.002344 0.011111
5 0.165824 0.314415 0.104687 0.122222
5 0.452468 0.208606 0.064062 0.169444
1 0.137059 0.735643 0.115625 0.251389
5 0.522972 0.205918 0.035937 0.118056
5 0.550716 0.16896 0.024219 0.061111
3 0.437876 0.320422 0.052344 0.127778
1 0.362881 0.363768 0.032031 0.052778
4 0.863611 1.0 0.258594 0.445833
2 0.580081 0.497987 0.057813 0.130556
5 0.26522 0.283862 0.071094 0.1
3 0.374597 0.234227 0.0375 0.0625
5 0.590909 0.348944 0.079687 0.206944
5 0.104698 0.513139 0.209375 0.375
5 0.384375 0.536111 0.126563 0.386111
5 0.262109 0.48125 0.161719 0.359722