5 0.946404 0.845251 0.226562 0.379167
5 0.108115 0.378347 0.177344 0.230556
5 0.285269 0.337212 0.164844 0.238889
5 0.466006 0.23618 0.108594 0.2
5 0.502368 0.134994 0.077344 0.101389
5 0.555727 0.150918 0.067969 0.123611
2 0.398786 0.507858 0.1375 0.230556
5 0.670614 0.328348 0.105469 0.191667
1 0.655676 0.225959 0.032031 0.054167
5 0.635062 0.141131 0.029687 0.081944
0 0.613319 0.237786 0.015625 0.023611
0 0.367033 0.453532 0.0375 0.086111
3 0.457034 0.376635 0.096094 0.208333
1 0.357609 0.397884 0.060156 0.118056
1 0.321304 0.384527 0.05 0.120833
1 0.381663 0.31736 0.035156 0.073611
2 0.322527 0.684965 0.171875 0.254167
3 0.83711 0.544519 0.09375 0.218056
5 0.07517 0.540989 0.141406 0.322222
1 0.168687 0.720092 0.14375 0.2625
5 0.746688 0.393513 0.126563 0.316667
4 0.532382 0.670625 0.171875 0.651389
2 0.522002 0.228263 0.023438 0.073611
2 0.213672 0.918056 0.194531 0.125
2 0.039844 0.829861 0.1 0.229167