1 0.586876 0.909238 0.063281 0.120833
0 0.055095 0.563166 0.038281 0.058333
2 0.212037 0.467382 0.055469 0.052778
2 0.300336 0.425082 0.05 0.055556
1 0.609031 0.627635 0.041406 0.141667
0 0.542645 0.536952 0.014062 0.041667
1 0.65334 0.649802 0.039844 0.080556
2 0.16277 0.524986 0.082031 0.081944
1 0.586648 0.552314 0.024219 0.1
1 0.671622 0.524412 0.032031 0.084722
3 0.318268 0.612632 0.084375 0.118056
3 0.23563 0.733681 0.1 0.147222
3 0.619834 0.3666 0.038281 0.084722
1 0.050146 0.609466 0.05 0.113889
0 0.444984 0.428469 0.014062 0.031944
2 0.368868 0.686985 0.098438 0.155556