2 0.762253 0.48828 0.023438 0.086111
2 0.742906 0.4253 0.023438 0.059722
1 0.589643 0.96791 0.058594 0.172222
1 0.647875 0.876099 0.057031 0.181944
1 0.691097 0.484618 0.027344 0.075
2 0.206275 0.475993 0.057031 0.05
5 0.321258 0.443058 0.100781 0.108333
2 0.158509 0.536658 0.06875 0.077778
1 0.511307 0.405007 0.023438 0.059722
1 0.459561 0.431271 0.032812 0.068056
3 0.399725 0.443018 0.045313 0.081944
5 0.5807 0.351775 0.057031 0.075
2 0.381985 0.59111 0.065625 0.098611
2 0.441181 0.608659 0.082813 0.169444
2 0.446649 0.4712 0.05625 0.052778
2 0.233203 0.822222 0.150781 0.208333
2 0.170703 0.790278 0.136719 0.188889
1 0.190234 0.569444 0.057031 0.097222
5 0.060938 0.675694 0.19375 0.3125
1 0.483984 0.908333 0.086719 0.197222
1 0.553125 0.553472 0.04375 0.0875