3 0.530402 0.370392 0.033594 0.079167
3 0.363799 0.288769 0.048437 0.127778
3 0.437248 0.251731 0.04375 0.093056
3 0.268448 0.301801 0.057813 0.098611
3 0.362688 0.250338 0.039844 0.084722
5 0.302188 0.243967 0.077344 0.130556
5 0.383089 0.199271 0.041406 0.105556
1 0.4236 0.317469 0.045313 0.1
1 0.217192 0.29747 0.03125 0.070833
5 0.155714 0.318597 0.121094 0.126389
2 0.59586 0.355327 0.03125 0.066667
4 0.545249 0.258707 0.032812 0.070833
5 0.500339 0.143387 0.024219 0.065278
6 0.25851 0.588972 0.035937 0.141667
1 0.240597 0.679087 0.0875 0.151389
5 0.227417 0.464281 0.177344 0.322222
1 0.625676 0.544605 0.039844 0.113889
0 0.582657 0.582605 0.017188 0.075
0 0.538669 0.558185 0.028125 0.073611
2 0.507741 0.226516 0.023438 0.073611
0 0.826074 0.924272 0.038281 0.113889
3 0.931032 0.72608 0.125 0.265278
0 0.649542 0.365093 0.0125 0.059722
1 0.740584 0.878304 0.077344 0.230556
3 0.600672 0.813155 0.092188 0.256944
5 0.380416 0.500877 0.1375 0.481944
5 0.102547 0.547638 0.203125 0.379167
2 0.763486 0.637134 0.094531 0.173611
0 0.62355 0.337558 0.0125 0.068056