2 0.741784 0.551756 0.023438 0.086111
2 0.724872 0.492291 0.023438 0.059722
1 0.636414 0.933886 0.057813 0.166667
2 0.275939 0.528258 0.054688 0.052778
1 0.606353 0.669163 0.042188 0.081944
1 0.640821 0.676431 0.035937 0.055556
2 0.197321 0.561859 0.064844 0.059722
2 0.545422 0.440106 0.029687 0.043056
5 0.447213 0.46992 0.0625 0.105556
3 0.504318 0.465286 0.050781 0.058333
3 0.590832 0.509044 0.032031 0.070833
1 0.074466 0.676012 0.053906 0.088889
0 0.216156 0.62001 0.024219 0.048611
2 0.141635 0.622047 0.071094 0.058333
1 0.681119 0.483487 0.017969 0.063889
1 0.64702 0.474549 0.01875 0.047222
1 0.550061 0.520508 0.025781 0.069444
1 0.481045 0.655838 0.04375 0.095833
1 0.346519 0.895878 0.075781 0.1625
5 0.342056 0.679319 0.182812 0.308333
1 0.114925 0.692655 0.075 0.113889
1 0.635923 0.528005 0.025781 0.065278