5 0.883299 0.638094 0.222656 0.3875
1 0.707102 0.384933 0.044531 0.084722
2 0.544962 0.346586 0.028906 0.056944
5 0.33044 0.27458 0.061719 0.084722
5 0.279726 0.342551 0.091406 0.156944
5 0.179205 0.392489 0.100781 0.190278
3 0.100309 0.440853 0.060156 0.123611
1 0.392281 0.418698 0.04375 0.068056
1 0.79497 0.707378 0.050781 0.170833
0 0.505336 0.369517 0.01875 0.027778
5 0.442415 0.172693 0.033594 0.066667
5 0.448066 0.268132 0.059375 0.155556
5 0.399379 0.23903 0.039844 0.094444
5 0.362134 0.35653 0.092188 0.201389
0 0.430948 0.345087 0.015625 0.038889
1 0.577738 0.284096 0.020312 0.048611
5 0.520392 0.249363 0.035937 0.105556
2 0.448794 0.41019 0.039844 0.091667
5 0.075 0.665278 0.148438 0.375
5 0.238672 0.582639 0.161719 0.409722
3 0.410547 0.631944 0.039844 0.080556
3 0.348828 0.714583 0.103906 0.2625
3 0.7625 0.891667 0.146875 0.216667
4 0.617969 0.440972 0.09375 0.306944
3 0.526563 0.452778 0.045313 0.122222