2 0.762743 0.482874 0.023438 0.086111
2 0.742922 0.42022 0.023438 0.059722
1 0.589022 0.94661 0.058594 0.172222
1 0.659716 0.874081 0.057031 0.181944
0 0.510335 0.536103 0.011719 0.041667
1 0.616062 0.549782 0.027344 0.079167
1 0.531314 0.53082 0.028125 0.068056
1 0.557822 0.385637 0.024219 0.045833
5 0.266307 0.905841 0.250781 0.201389
1 0.673174 0.393839 0.021094 0.051389
1 0.643564 0.395643 0.017969 0.038889
2 0.62736 0.374423 0.025781 0.052778
1 0.367303 0.803175 0.070312 0.15
2 0.455033 0.531531 0.05625 0.083333
2 0.510651 0.486499 0.050781 0.065278
2 0.539821 0.4496 0.04375 0.063889
4 0.351556 0.594217 0.119531 0.205556
0 0.055055 0.947003 0.050781 0.1125
0 0.599802 0.508936 0.015625 0.033333
1 0.509704 0.648268 0.046094 0.116667
1 0.100163 0.576868 0.054688 0.095833
2 0.157507 0.542309 0.0625 0.077778
5 0.329622 0.482869 0.158594 0.201389
2 0.2125 0.475694 0.060938 0.073611
2 0.183984 0.872222 0.200781 0.25
1 0.668359 0.561111 0.027344 0.075