6 0.408936 0.9838 0.040625 0.183333
0 0.124372 0.878855 0.058594 0.141667
3 0.562585 0.535059 0.092188 0.1375
1 0.856831 0.464682 0.067188 0.152778
1 0.903623 0.488415 0.073437 0.125
0 0.736644 0.459686 0.035937 0.051389
6 0.514037 0.868877 0.046094 0.191667
1 0.044733 0.288927 0.039062 0.066667
3 0.254764 0.299591 0.042188 0.094444
5 0.287095 0.224318 0.083594 0.102778
3 0.332623 0.330665 0.08125 0.130556
2 0.525431 0.433475 0.083594 0.109722
2 0.785446 0.673328 0.196875 0.304167
0 0.184923 0.411688 0.025 0.056944
6 0.372063 0.782235 0.035156 0.176389
1 0.301727 0.853929 0.104687 0.238889
0 0.854688 0.6 0.053125 0.102778