5 0.706894 0.813828 0.292188 0.356944
5 0.53057 0.546815 0.119531 0.254167
2 0.42096 0.396833 0.033594 0.084722
1 0.316891 0.333967 0.03125 0.073611
4 0.37405 0.307263 0.035937 0.088889
1 0.452001 0.407663 0.011719 0.061111
1 0.457888 0.733967 0.049219 0.166667
1 0.423611 0.600838 0.039844 0.1
3 0.347221 0.651652 0.064062 0.176389
5 0.255997 0.434408 0.097656 0.201389
1 0.39261 0.459483 0.025781 0.070833
0 0.394246 0.37849 0.017969 0.031944
0 0.372916 0.55189 0.025 0.033333
2 0.251172 0.567361 0.058594 0.101389
5 0.1375 0.527083 0.123438 0.181944
3 0.185156 0.69375 0.107813 0.190278
5 0.170703 0.372222 0.082031 0.105556