2 0.748385 0.484144 0.023438 0.086111
2 0.731737 0.422964 0.023438 0.059722
2 0.199861 0.478606 0.055469 0.052778
2 0.284896 0.447752 0.05 0.055556
2 0.142896 0.539853 0.082031 0.081944
1 0.577354 0.96426 0.085938 0.179167
1 0.648992 0.870245 0.060156 0.163889
4 0.403577 0.568312 0.092188 0.169444
4 0.557339 0.407793 0.059375 0.105556
0 0.508183 0.542174 0.017188 0.05
2 0.655001 0.37537 0.026563 0.051389
5 0.601655 0.495343 0.063281 0.134722
1 0.643967 0.741741 0.041406 0.118056
1 0.364453 0.44375 0.024219 0.059722
1 0.320703 0.816667 0.100781 0.202778
2 0.568359 0.46875 0.033594 0.081944