1 0.718878 0.40997 0.044531 0.084722
5 0.886705 0.693189 0.219531 0.381944
5 0.356162 0.38655 0.082813 0.219444
1 0.741053 0.508825 0.051562 0.109722
0 0.620559 0.550568 0.020312 0.043056
5 0.43274 0.251346 0.038281 0.091667
5 0.433778 0.402214 0.096094 0.276389
1 0.637995 0.391996 0.022656 0.047222
5 0.238152 0.528968 0.185937 0.497222
1 0.307185 0.741061 0.10625 0.218056
1 0.369904 0.575754 0.067969 0.1625
1 0.429629 0.564468 0.059375 0.169444
5 0.711731 0.88622 0.250781 0.501389
3 0.431965 0.772772 0.097656 0.280556
2 0.559531 0.642436 0.053125 0.155556
2 0.534914 0.38854 0.04375 0.104167
1 0.704216 0.595571 0.044531 0.119444
0 0.212958 0.941905 0.053125 0.105556
3 0.555078 0.495138 0.055469 0.106944
5 0.621875 0.311111 0.057813 0.133333
1 0.3375 0.893056 0.078125 0.219444
5 0.0875 0.715972 0.176563 0.526389