2 0.758243 0.48405 0.023438 0.086111
2 0.738396 0.421169 0.023438 0.059722
1 0.588147 0.957971 0.058594 0.172222
1 0.655239 0.859901 0.057031 0.181944
1 0.680715 0.513448 0.027344 0.075
1 0.638835 0.424233 0.01875 0.044444
2 0.201243 0.473017 0.057031 0.05
5 0.32444 0.435633 0.100781 0.108333
0 0.143291 0.92323 0.042188 0.084722
0 0.259735 0.81547 0.038281 0.077778
2 0.472658 0.505873 0.0625 0.073611
2 0.430379 0.58872 0.059375 0.091667
2 0.345793 0.622588 0.082813 0.106944
3 0.284941 0.501868 0.075 0.079167
2 0.156028 0.537489 0.06875 0.077778
1 0.355015 0.497817 0.046875 0.095833
0 0.361751 0.796771 0.033594 0.081944
5 0.542702 0.367304 0.049219 0.073611
1 0.440375 0.789071 0.074219 0.176389
1 0.469754 0.624008 0.046875 0.129167
1 0.587802 0.589979 0.048437 0.116667
2 0.544262 0.476009 0.058594 0.127778
1 0.232812 0.571528 0.051562 0.093056
4 0.098828 0.809722 0.196094 0.366667
5 0.482812 0.403472 0.065625 0.106944