5 0.879903 0.60805 0.222656 0.3875
1 0.714666 0.361672 0.044531 0.084722
2 0.532461 0.2753 0.028906 0.056944
0 0.627972 0.363635 0.019531 0.036111
5 0.510806 0.211351 0.029687 0.061111
5 0.315223 0.38882 0.141406 0.206944
5 0.454563 0.298597 0.085156 0.233333
5 0.445463 0.205902 0.048437 0.115278
5 0.381106 0.24521 0.065625 0.094444
5 0.328293 0.24839 0.061719 0.084722
5 0.277699 0.316991 0.091406 0.156944
5 0.17696 0.367204 0.100781 0.190278
3 0.0982 0.41624 0.060156 0.123611
2 0.440702 0.469172 0.0625 0.147222
1 0.388658 0.537725 0.058594 0.198611
3 0.997 0.980813 0.172656 0.354167
5 0.178617 0.664956 0.260156 0.523611
1 0.387329 0.418518 0.04375 0.068056
3 0.518553 0.348915 0.029687 0.094444
4 0.584297 0.319446 0.065625 0.195833
3 0.365519 0.823788 0.107031 0.1125
1 0.717014 0.8143 0.079687 0.234722
1 0.747805 0.586463 0.050781 0.170833
3 0.640928 0.562246 0.067969 0.219444
5 0.075 0.729167 0.15 0.508333
6 0.386719 0.586806 0.04375 0.084722
0 0.43125 0.384028 0.014062 0.0375