6 0.23375 0.769899 0.040625 0.183333
3 0.505012 0.348021 0.049219 0.088889
1 0.270534 0.964691 0.196875 0.105556
5 0.127378 0.309713 0.114844 0.194444
6 0.032528 0.553698 0.029687 0.118056
1 0.056657 0.408695 0.038281 0.120833
5 0.933053 0.462225 0.339063 0.343056
5 0.626353 0.327321 0.207031 0.2625
1 1.0 0.827029 0.13125 0.211111
0 0.470991 0.815665 0.071875 0.155556
2 0.376034 0.341463 0.061719 0.0875
2 0.420338 0.308174 0.060938 0.111111
2 0.267621 0.38339 0.072656 0.102778
0 0.246103 0.464349 0.029687 0.077778
5 0.528059 0.603111 0.354688 0.502778
1 0.897464 0.695145 0.109375 0.198611
3 0.214821 0.283758 0.059375 0.109722
3 0.158266 0.256166 0.033594 0.105556
6 0.378516 0.885417 0.057031 0.206944
1 0.241016 0.622917 0.063281 0.1125
0 0.201562 0.814583 0.059375 0.148611