2 0.765512 0.381747 0.025781 0.052778
1 0.684295 0.829969 0.059375 0.188889
2 0.78241 0.431554 0.028906 0.073611
1 0.569352 0.675325 0.044531 0.1
3 0.401722 0.582374 0.065625 0.108333
5 0.62504 0.401371 0.053906 0.116667
5 0.543458 0.510376 0.101562 0.215278
5 0.506837 0.4473 0.1125 0.205556
1 0.682352 0.488304 0.027344 0.070833
1 0.6811 0.564092 0.028125 0.05
1 0.653639 0.510505 0.029687 0.098611
3 0.277974 0.654362 0.155469 0.275
5 0.233984 0.51875 0.200781 0.2375
2 0.271094 0.861111 0.210938 0.247222
2 0.10625 0.89375 0.20625 0.1875