6 0.74453125 0.3449074074074074 0.024479166666666666 0.11574074074074074
6 0.49765625 0.7013888888888888 0.0578125 0.24351851851851852
6 0.3958333333333333 0.31296296296296294 0.030208333333333334 0.13518518518518519
6 0.3294270833333333 0.5847222222222223 0.049479166666666664 0.23425925925925925
6 0.2565104166666667 0.5842592592592593 0.03697916666666667 0.2074074074074074
6 0.2203125 0.5041666666666667 0.03958333333333333 0.1638888888888889
6 0.0953125 0.5777777777777777 0.040625 0.18518518518518517
2 0.6205729166666667 0.3675925925925926 0.10364583333333334 0.17962962962962964
2 0.9536458333333333 0.5541666666666667 0.090625 0.2953703703703704
0 0.0265625 0.5930555555555556 0.04479166666666667 0.13796296296296295
0 0.33307291666666666 0.6199074074074075 0.10885416666666667 0.1638888888888889