6 0.875 0.48518518518518516 0.030208333333333334 0.14814814814814814
6 0.92578125 0.5560185185185185 0.0515625 0.15462962962962962
6 0.4127604166666667 0.3824074074074074 0.033854166666666664 0.1574074074074074
6 0.37421875 0.3509259259259259 0.0234375 0.13333333333333333
6 0.33932291666666664 0.600462962962963 0.0546875 0.18981481481481483
6 0.22421875 0.4912037037037037 0.050520833333333334 0.13796296296296295
6 0.10416666666666667 0.6305555555555555 0.04791666666666667 0.17222222222222222
6 0.08359375 0.6361111111111111 0.04010416666666667 0.21481481481481482
2 0.60390625 0.37592592592592594 0.11197916666666667 0.18703703703703703
2 0.9609375 0.5097222222222222 0.07291666666666667 0.22314814814814815
0 0.35130208333333335 0.6467592592592593 0.1140625 0.15648148148148147
0 0.234375 0.5597222222222222 0.041666666666666664 0.075
0 0.09505208333333333 0.6782407407407407 0.08177083333333333 0.14166666666666666