6 0.9546875 0.5199074074074074 0.07395833333333333 0.5675925925925925
6 0.8971354166666666 0.5638888888888889 0.08072916666666667 0.5537037037037037
6 0.70234375 0.5712962962962963 0.0984375 0.5037037037037037
6 0.43854166666666666 0.5837962962962963 0.1 0.5768518518518518
6 0.29348958333333336 0.5435185185185185 0.15052083333333333 0.44814814814814813
6 0.09010416666666667 0.5583333333333333 0.084375 0.5314814814814814
6 0.17395833333333333 0.5185185185185185 0.10416666666666667 0.3537037037037037
0 0.29348958333333336 0.674537037037037 0.17135416666666667 0.3861111111111111
0 0.16744791666666667 0.562037037037037 0.0953125 0.2537037037037037
0 0.82421875 0.6263888888888889 0.1546875 0.5564814814814815
6 0.84765625 0.3351851851851852 0.3026041666666667 0.6592592592592592