6 0.437891 0.702083 0.067969 0.251389
6 0.282813 0.577083 0.059375 0.226389
6 0.229297 0.509722 0.044531 0.205556
6 0.400781 0.279167 0.029687 0.147222
6 0.580859 0.405556 0.035156 0.202778
6 0.643359 0.411111 0.025781 0.155556
6 0.863281 0.364583 0.028125 0.148611
6 0.969531 0.413889 0.034375 0.133333
2 0.474609 0.313194 0.133594 0.159722
2 0.610937 0.348611 0.123438 0.222222
0 0.29375 0.60625 0.104687 0.179167
0 0.236328 0.543056 0.085156 0.144444
0 0.308984 0.208333 0.047656 0.05
6 0.617188 0.2 0.028125 0.102778