6 0.09427083333333333 0.6111111111111112 0.10416666666666667 0.5740740740740741
6 0.2869791666666667 0.6078703703703704 0.09791666666666667 0.6027777777777777
6 0.3458333333333333 0.5601851851851852 0.10208333333333333 0.5
6 0.4125 0.5171296296296296 0.103125 0.4305555555555556
6 0.44192708333333336 0.49953703703703706 0.06927083333333334 0.3638888888888889
6 0.6205729166666667 0.45601851851851855 0.04739583333333333 0.26944444444444443
6 0.6763020833333333 0.5189814814814815 0.1046875 0.46574074074074073
6 0.74296875 0.5717592592592593 0.1140625 0.5527777777777778
6 0.82578125 0.4722222222222222 0.12239583333333333 0.4444444444444444
0 0.8734375 0.611574074074074 0.16354166666666667 0.4583333333333333
0 0.66796875 0.587037037037037 0.1140625 0.3685185185185185
0 0.4114583333333333 0.5930555555555556 0.090625 0.3472222222222222
0 0.19401041666666666 0.6444444444444445 0.14635416666666667 0.55