6 0.05286458333333333 0.5930555555555556 0.10364583333333334 0.6138888888888889
6 0.2265625 0.4625 0.04895833333333333 0.225
6 0.33307291666666666 0.6175925925925926 0.12135416666666667 0.5925925925925926
6 0.4390625 0.575925925925926 0.08125 0.48703703703703705
6 0.3971354166666667 0.3925925925925926 0.044270833333333336 0.1814814814814815
6 0.6546875 0.42777777777777776 0.06770833333333333 0.23333333333333334
6 0.7411458333333333 0.6087962962962963 0.13020833333333334 0.7101851851851851
6 0.8856770833333333 0.4351851851851852 0.07239583333333334 0.22777777777777777
6 0.7994791666666666 0.37592592592592594 0.11770833333333333 0.20925925925925926
0 0.209375 0.6731481481481482 0.20833333333333334 0.5592592592592592
0 0.67890625 0.7199074074074074 0.2546875 0.5268518518518519
0 0.82890625 0.6162037037037037 0.1203125 0.48055555555555557