6 0.19166666666666668 0.5634259259259259 0.08541666666666667 0.4212962962962963
6 0.30416666666666664 0.5527777777777778 0.16041666666666668 0.6555555555555556
6 0.43828125 0.6013888888888889 0.10052083333333334 0.5898148148148148
6 0.38255208333333335 0.5009259259259259 0.07239583333333334 0.34074074074074073
6 0.6638020833333333 0.5726851851851852 0.09114583333333333 0.525
6 0.8234375 0.587037037037037 0.24270833333333333 0.6388888888888888
6 0.8533854166666667 0.3768518518518518 0.11197916666666667 0.2814814814814815
0 0.8177083333333334 0.6648148148148149 0.19166666666666668 0.524074074074074
0 0.6744791666666666 0.5791666666666667 0.12604166666666666 0.38425925925925924
0 0.3854166666666667 0.5800925925925926 0.08541666666666667 0.36018518518518516
0 0.30703125 0.6597222222222222 0.1515625 0.5287037037037037