6 0.9473958333333333 0.5254629629629629 0.08125 0.5694444444444444
6 0.8997395833333334 0.5657407407407408 0.08385416666666666 0.55
6 0.7127604166666667 0.5800925925925926 0.1078125 0.5046296296296297
6 0.42578125 0.5925925925925926 0.14114583333333333 0.5814814814814815
6 0.365625 0.4166666666666667 0.08125 0.17222222222222222
6 0.2682291666666667 0.5726851851851852 0.15625 0.549074074074074
6 0.15755208333333334 0.46944444444444444 0.0359375 0.17222222222222222
6 0.21510416666666668 0.4115740740740741 0.05 0.12685185185185185
6 0.028645833333333332 0.5805555555555556 0.05625 0.6259259259259259
0 0.265625 0.6944444444444444 0.19375 0.5370370370370371
0 0.36380208333333336 0.6273148148148148 0.10885416666666667 0.3675925925925926
0 0.8221354166666667 0.6319444444444444 0.15885416666666666 0.5638888888888889
6 0.85234375 0.3421296296296296 0.29322916666666665 0.6657407407407407