6 0.8588541666666667 0.6208333333333333 0.203125 0.6861111111111111
6 0.7713541666666667 0.49074074074074076 0.115625 0.4074074074074074
6 0.6760416666666667 0.5416666666666666 0.115625 0.5111111111111111
6 0.6299479166666667 0.4023148148148148 0.04114583333333333 0.18425925925925926
6 0.39817708333333335 0.5638888888888889 0.08489583333333334 0.5111111111111111
6 0.4625 0.4810185185185185 0.05625 0.30648148148148147
6 0.35833333333333334 0.5509259259259259 0.103125 0.43333333333333335
6 0.2765625 0.6032407407407407 0.20104166666666667 0.6157407407407407
6 0.12473958333333333 0.5736111111111111 0.11510416666666666 0.5435185185185185
0 0.8515625 0.7236111111111111 0.19791666666666666 0.5194444444444445
0 0.6854166666666667 0.6069444444444444 0.12291666666666666 0.3212962962962963
0 0.4510416666666667 0.5671296296296297 0.06145833333333333 0.2861111111111111
0 0.27838541666666666 0.6921296296296297 0.19114583333333332 0.5787037037037037