0 0.220313 0.711111 0.148438 0.191667
0 0.098438 0.672222 0.051562 0.1
0 0.257031 0.571528 0.048437 0.095833
0 0.057031 0.409028 0.0375 0.0875
0 0.009375 0.574306 0.01875 0.0875
6 0.211328 0.665278 0.083594 0.219444
6 0.221875 0.505556 0.05 0.15
6 0.055078 0.671528 0.049219 0.2125
6 0.094531 0.552083 0.035937 0.140278
6 0.025391 0.502083 0.038281 0.170833
6 0.773047 0.493056 0.038281 0.194444
6 0.93125 0.528472 0.035937 0.145833
2 0.607031 0.345139 0.126563 0.1875
2 0.822656 0.447222 0.109375 0.208333
2 0.961328 0.516667 0.077344 0.225