2 0.5955729166666667 0.3611111111111111 0.14427083333333332 0.18703703703703703
2 0.9609375 0.5282407407407408 0.07604166666666666 0.22870370370370371
0 0.35572916666666665 0.6476851851851851 0.11458333333333333 0.20277777777777778
0 0.24036458333333333 0.5421296296296296 0.07864583333333333 0.16574074074074074
0 0.06458333333333334 0.6708333333333333 0.07708333333333334 0.16574074074074074
0 0.05364583333333333 0.47314814814814815 0.04479166666666667 0.08518518518518518
6 0.7330729166666666 0.37824074074074077 0.0265625 0.14351851851851852
6 0.5088541666666667 0.35833333333333334 0.03229166666666667 0.1574074074074074
6 0.34479166666666666 0.6129629629629629 0.071875 0.22962962962962963
6 0.20130208333333333 0.8152777777777778 0.08489583333333334 0.2657407407407407
6 0.23307291666666666 0.5226851851851851 0.049479166666666664 0.2101851851851852
6 0.045572916666666664 0.6453703703703704 0.0546875 0.19444444444444445