0 0.234466 0.579904 0.042188 0.120833
0 0.085897 0.635429 0.090625 0.173611
6 0.203486 0.49937 0.047656 0.148611
6 0.069792 0.609785 0.060156 0.216667
6 0.78399 0.471868 0.038281 0.184722
6 0.54778 0.331746 0.023438 0.130556
2 0.82678 0.451208 0.097656 0.2125
6 0.306527 0.641752 0.069531 0.25
2 0.964086 0.528727 0.071094 0.265278
0 0.177734 0.790278 0.055469 0.102778
0 0.307813 0.661111 0.104687 0.197222
0 0.289453 0.877083 0.141406 0.240278
6 0.923828 0.513194 0.038281 0.154167
6 0.735547 0.381944 0.025781 0.147222
2 0.464453 0.338194 0.121094 0.1875
6 0.280078 0.841667 0.092969 0.305556