2 0.772908 0.281229 0.101562 0.131944
6 0.123923 0.646252 0.051562 0.241667
6 0.092669 0.5325 0.033594 0.1375
6 0.236532 0.52278 0.061719 0.198611
0 0.269113 0.591702 0.050781 0.130556
0 0.134171 0.680918 0.097656 0.166667
2 0.772907 0.28123 0.101562 0.131944
6 0.123923 0.646252 0.051562 0.241667
6 0.092668 0.532501 0.033594 0.1375
6 0.236531 0.52278 0.061719 0.198611
0 0.269113 0.591703 0.050781 0.130556
0 0.134171 0.680919 0.097656 0.166667
0 0.289844 0.7875 0.140625 0.180556
6 0.272266 0.760417 0.069531 0.268056
6 0.622656 0.365972 0.03125 0.131944