6 0.196875 0.5574074074074075 0.16979166666666667 0.5722222222222222
6 0.31666666666666665 0.5592592592592592 0.11666666666666667 0.4888888888888889
6 0.36328125 0.5699074074074074 0.1640625 0.5435185185185185
6 0.44166666666666665 0.5300925925925926 0.10833333333333334 0.43796296296296294
6 0.678125 0.512962962962963 0.12604166666666666 0.45185185185185184
6 0.6239583333333333 0.39675925925925926 0.042708333333333334 0.16018518518518518
6 0.8630208333333333 0.625 0.203125 0.6722222222222223
6 0.7635416666666667 0.524537037037037 0.07708333333333334 0.4675925925925926
0 0.2989583333333333 0.662962962962963 0.13541666666666666 0.3685185185185185
0 0.6807291666666667 0.5879629629629629 0.12083333333333333 0.3055555555555556
0 0.84140625 0.7212962962962963 0.20364583333333333 0.5370370370370371