6 0.06432291666666666 0.6620370370370371 0.058854166666666666 0.2351851851851852
6 0.09713541666666667 0.5662037037037037 0.034895833333333334 0.19166666666666668
6 0.24583333333333332 0.5157407407407407 0.026041666666666668 0.13518518518518519
6 0.21953125 0.5189814814814815 0.03177083333333333 0.15092592592592594
6 0.41458333333333336 0.27870370370370373 0.017708333333333333 0.1111111111111111
6 0.7916666666666666 0.34305555555555556 0.01875 0.10462962962962963
6 0.6263020833333334 0.44583333333333336 0.030729166666666665 0.16574074074074074
2 0.6059895833333333 0.387037037037037 0.1234375 0.18333333333333332
2 0.81328125 0.475462962962963 0.10052083333333334 0.2064814814814815
2 0.9565104166666667 0.562037037037037 0.08489583333333334 0.2962962962962963
0 0.09791666666666667 0.6972222222222222 0.05520833333333333 0.10925925925925926
0 0.2591145833333333 0.6 0.0515625 0.10185185185185185