6 0.07890625 0.5773148148148148 0.0421875 0.1787037037037037
6 0.027604166666666666 0.6203703703703703 0.04791666666666667 0.21851851851851853
6 0.25703125 0.5513888888888889 0.06302083333333333 0.18981481481481483
6 0.22161458333333334 0.45694444444444443 0.04114583333333333 0.13425925925925927
6 0.5135416666666667 0.2791666666666667 0.023958333333333335 0.11944444444444445
6 0.58984375 0.2847222222222222 0.025520833333333333 0.04351851851851852
6 0.8760416666666667 0.39444444444444443 0.025 0.1425925925925926
6 0.9359375 0.40879629629629627 0.026041666666666668 0.13055555555555556
6 0.9684895833333333 0.41898148148148145 0.025520833333333333 0.11203703703703703
2 0.6020833333333333 0.37592592592592594 0.11145833333333334 0.17962962962962964
0 0.27760416666666665 0.6282407407407408 0.071875 0.11203703703703703
0 0.059375 0.6393518518518518 0.05625 0.11574074074074074