6 0.78125 0.4111111111111111 0.07395833333333333 0.2537037037037037
6 0.7153645833333333 0.562962962962963 0.09010416666666667 0.512962962962963
6 0.2994791666666667 0.43703703703703706 0.096875 0.28888888888888886
6 0.36953125 0.5810185185185185 0.09010416666666667 0.5194444444444445
6 0.415625 0.5106481481481482 0.084375 0.4305555555555556
6 0.05572916666666667 0.5171296296296296 0.05520833333333333 0.3287037037037037
6 0.13046875 0.4912037037037037 0.05364583333333333 0.225
0 0.8223958333333333 0.6175925925925926 0.16145833333333334 0.3611111111111111
0 0.6348958333333333 0.6046296296296296 0.06145833333333333 0.3037037037037037
0 0.27838541666666666 0.6467592592592593 0.1328125 0.41574074074074074
0 0.4153645833333333 0.6185185185185185 0.06822916666666666 0.3148148148148148