6 0.396484 0.330556 0.041406 0.172222
6 0.372266 0.323611 0.033594 0.147222
6 0.874609 0.515972 0.030469 0.176389
6 0.45 0.654167 0.0875 0.233333
6 0.947266 0.558333 0.046094 0.208333
6 0.176172 0.809028 0.072656 0.2625
6 0.042578 0.631944 0.047656 0.247222
6 0.216797 0.520139 0.063281 0.215278
6 0.124219 0.672917 0.046875 0.281944
6 0.0875 0.566667 0.040625 0.127778
0 0.454688 0.699306 0.159375 0.190278
0 0.249219 0.577083 0.042188 0.115278
0 0.215625 0.899306 0.070312 0.145833
0 0.134766 0.697222 0.096094 0.144444
0 0.072656 0.64375 0.0375 0.090278
2 0.476562 0.324306 0.164062 0.173611
2 0.818359 0.475 0.108594 0.258333
2 0.967578 0.513194 0.064844 0.234722