6 0.04140625 0.5018518518518519 0.0515625 0.29074074074074074
6 0.17447916666666666 0.5986111111111111 0.08229166666666667 0.6027777777777777
6 0.27369791666666665 0.6273148148148148 0.22552083333333334 0.6546296296296297
6 0.378125 0.5814814814814815 0.11666666666666667 0.5333333333333333
6 0.44583333333333336 0.5125 0.090625 0.36018518518518516
6 0.7369791666666666 0.5648148148148148 0.09895833333333333 0.5351851851851852
6 0.8091145833333333 0.5439814814814815 0.1421875 0.5324074074074074
6 0.6786458333333333 0.5476851851851852 0.07708333333333334 0.5138888888888888
0 0.8130208333333333 0.6611111111111111 0.140625 0.4444444444444444
0 0.25729166666666664 0.7069444444444445 0.171875 0.5138888888888888
0 0.44088541666666664 0.5976851851851852 0.09010416666666667 0.3212962962962963
6 0.84453125 0.2962962962962963 0.30885416666666665 0.5740740740740741