6 0.5494791666666666 0.5486111111111112 0.059375 0.20092592592592592
6 0.7322916666666667 0.38472222222222224 0.021875 0.16574074074074074
6 0.7510416666666667 0.387037037037037 0.0125 0.17407407407407408
6 0.41875 0.2652777777777778 0.01875 0.12685185185185185
6 0.5361979166666667 0.30833333333333335 0.0328125 0.1574074074074074
6 0.05234375 0.674537037037037 0.05572916666666667 0.24722222222222223
6 0.08697916666666666 0.5773148148148148 0.06145833333333333 0.2101851851851852
6 0.027083333333333334 0.6537037037037037 0.046875 0.22777777777777777
2 0.4796875 0.3175925925925926 0.115625 0.16111111111111112
2 0.959375 0.5370370370370371 0.07916666666666666 0.22037037037037038
0 0.07213541666666666 0.674074074074074 0.05572916666666667 0.13333333333333333