6 0.9122395833333333 0.4722222222222222 0.10885416666666667 0.3574074074074074
6 0.8151041666666666 0.45 0.10729166666666666 0.36666666666666664
6 0.69609375 0.5689814814814815 0.09114583333333333 0.5175925925925926
6 0.7364583333333333 0.42314814814814816 0.07083333333333333 0.2851851851851852
6 0.4125 0.586574074074074 0.11770833333333333 0.5694444444444444
6 0.203125 0.5962962962962963 0.078125 0.562962962962963
6 0.39348958333333334 0.5467592592592593 0.09739583333333333 0.5324074074074074
6 0.14296875 0.47129629629629627 0.0328125 0.1814814814814815
0 0.92265625 0.587037037037037 0.1203125 0.35185185185185186
0 0.7979166666666667 0.600925925925926 0.17395833333333333 0.4981481481481482
0 0.2799479166666667 0.6828703703703703 0.18802083333333333 0.6138888888888889
5 0.6736979166666667 0.3662037037037037 0.14947916666666666 0.21574074074074073