6 0.3151041666666667 0.5319444444444444 0.04583333333333333 0.225
6 0.35234375 0.5439814814814815 0.04010416666666667 0.1787037037037037
6 0.2125 0.49722222222222223 0.040625 0.17222222222222222
6 0.07395833333333333 0.5736111111111111 0.06354166666666666 0.21203703703703702
6 0.5239583333333333 0.2611111111111111 0.030208333333333334 0.12037037037037036
6 0.7671875 0.4532407407407407 0.030208333333333334 0.18981481481481483
6 0.7278645833333334 0.42824074074074076 0.0234375 0.1787037037037037
2 0.8151041666666666 0.43657407407407406 0.1 0.19907407407407407
2 0.9513020833333333 0.5092592592592593 0.0953125 0.1962962962962963
2 0.4513020833333333 0.3388888888888889 0.1328125 0.17407407407407408
0 0.33098958333333334 0.5888888888888889 0.10677083333333333 0.1111111111111111
0 0.22942708333333334 0.5518518518518518 0.07239583333333334 0.11666666666666667
0 0.2916666666666667 0.25462962962962965 0.058333333333333334 0.08518518518518518