6 0.7815104166666667 0.4027777777777778 0.05260416666666667 0.14814814814814814
6 0.48932291666666666 0.6388888888888888 0.0703125 0.19444444444444445
6 0.13333333333333333 0.6916666666666667 0.059375 0.24259259259259258
6 0.0875 0.5611111111111111 0.046875 0.17222222222222222
6 0.030208333333333334 0.6217592592592592 0.05625 0.2212962962962963
6 0.31640625 0.3087962962962963 0.025520833333333333 0.12685185185185185
2 0.9635416666666666 0.5064814814814815 0.07083333333333333 0.19444444444444445
2 0.8122395833333333 0.46620370370370373 0.0984375 0.21388888888888888
0 0.05755208333333333 0.6337962962962963 0.0515625 0.12685185185185185
0 0.14661458333333333 0.7310185185185185 0.1265625 0.1638888888888889
0 0.4869791666666667 0.6884259259259259 0.11145833333333334 0.2101851851851852