6 0.5875 0.7523148148148148 0.084375 0.225
6 0.5395833333333333 0.7208333333333333 0.08958333333333333 0.20092592592592592
6 0.8682291666666667 0.4199074074074074 0.035416666666666666 0.15648148148148147
6 0.9296875 0.5462962962962963 0.04583333333333333 0.14814814814814814
6 0.859375 0.36527777777777776 0.019791666666666666 0.11388888888888889
6 0.375 0.35185185185185186 0.03229166666666667 0.14444444444444443
6 0.18229166666666666 0.6439814814814815 0.059375 0.21574074074074073
6 0.10520833333333333 0.6268518518518519 0.04791666666666667 0.18333333333333332
6 0.08307291666666666 0.6365740740740741 0.043229166666666666 0.225
2 0.6059895833333333 0.37407407407407406 0.1046875 0.18703703703703703
2 0.9638020833333333 0.5092592592592593 0.06927083333333334 0.20185185185185187
0 0.54140625 0.7856481481481481 0.14739583333333334 0.2064814814814815
0 0.09296875 0.674537037037037 0.08072916666666667 0.13796296296296295