6 0.2078125 0.49722222222222223 0.040625 0.1425925925925926
6 0.10364583333333334 0.5583333333333333 0.035416666666666666 0.17777777777777778
6 0.3302083333333333 0.6731481481481482 0.065625 0.21296296296296297
6 0.62421875 0.6407407407407407 0.043229166666666666 0.20925925925925926
6 0.6932291666666667 0.6143518518518518 0.04583333333333333 0.20092592592592592
6 0.88515625 0.28888888888888886 0.018229166666666668 0.12222222222222222
6 0.8979166666666667 0.2953703703703704 0.020833333333333332 0.10925925925925926
2 0.46979166666666666 0.1787037037037037 0.153125 0.11481481481481481
2 0.48489583333333336 0.32685185185185184 0.1625 0.16296296296296298
0 0.2203125 0.5444444444444444 0.08333333333333333 0.1259259259259259
0 0.33359375 0.7013888888888888 0.1515625 0.19722222222222222