2 0.9645833333333333 0.5050925925925925 0.06875 0.21388888888888888
2 0.6041666666666666 0.3638888888888889 0.13958333333333334 0.15
0 0.19166666666666668 0.7189814814814814 0.12604166666666666 0.1712962962962963
0 0.0734375 0.6416666666666667 0.0875 0.16296296296296298
0 0.31614583333333335 0.6064814814814815 0.096875 0.19814814814814816
6 0.16067708333333333 0.7134259259259259 0.07239583333333334 0.2898148148148148
6 0.22135416666666666 0.5319444444444444 0.041666666666666664 0.20277777777777778
6 0.31145833333333334 0.5476851851851852 0.053125 0.19907407407407407
6 0.07526041666666666 0.611574074074074 0.04114583333333333 0.22685185185185186
6 0.51875 0.3763888888888889 0.03333333333333333 0.15648148148148147
6 0.5247395833333334 0.25046296296296294 0.028645833333333332 0.11203703703703703
6 0.7927083333333333 0.38842592592592595 0.030208333333333334 0.13796296296296295
6 0.9161458333333333 0.5699074074074074 0.05 0.20092592592592592
6 0.9122395833333333 0.5083333333333333 0.022395833333333334 0.1648148148148148