6 0.06171875 0.6194444444444445 0.0640625 0.2388888888888889
6 0.08802083333333334 0.5699074074074074 0.051041666666666666 0.21203703703703702
6 0.215625 0.47685185185185186 0.0375 0.17037037037037037
6 0.303125 0.836574074074074 0.058333333333333334 0.16574074074074074
6 0.6190104166666667 0.3925925925925926 0.0359375 0.1648148148148148
6 0.74375 0.4625 0.04479166666666667 0.17314814814814813
6 0.8872395833333333 0.5148148148148148 0.04739583333333333 0.20185185185185187
2 0.8184895833333333 0.462037037037037 0.11510416666666666 0.22962962962962963
2 0.9700520833333334 0.5203703703703704 0.0578125 0.1962962962962963
4 0.5669270833333333 0.25787037037037036 0.2557291666666667 0.3101851851851852
0 0.06979166666666667 0.6981481481481482 0.04479166666666667 0.10740740740740741
0 0.22265625 0.5300925925925926 0.06822916666666666 0.15833333333333333