6 0.7692708333333333 0.5203703703703704 0.10625 0.4722222222222222
6 0.6934895833333333 0.5648148148148148 0.0984375 0.5092592592592593
6 0.28619791666666666 0.6481481481481481 0.14322916666666666 0.6444444444444445
6 0.384375 0.5912037037037037 0.071875 0.549074074074074
6 0.3221354166666667 0.4305555555555556 0.08177083333333333 0.28888888888888886
6 0.4276041666666667 0.5259259259259259 0.06875 0.412962962962963
6 0.16927083333333334 0.4847222222222222 0.052083333333333336 0.20277777777777778
0 0.184375 0.7064814814814815 0.16145833333333334 0.5740740740740741
0 0.42526041666666664 0.5921296296296297 0.07447916666666667 0.33240740740740743
0 0.7950520833333333 0.6185185185185185 0.21614583333333334 0.40185185185185185
0 0.6283854166666667 0.6032407407407407 0.0484375 0.3194444444444444