6 0.92109375 0.524537037037037 0.0328125 0.1712962962962963
6 0.90234375 0.4527777777777778 0.024479166666666666 0.1537037037037037
6 0.51953125 0.4166666666666667 0.0296875 0.15555555555555556
6 0.5330729166666667 0.26157407407407407 0.024479166666666666 0.11574074074074074
6 0.6390625 0.24074074074074073 0.023958333333333335 0.09074074074074075
6 0.1328125 0.6402777777777777 0.041666666666666664 0.1787037037037037
6 0.19479166666666667 0.4777777777777778 0.034375 0.15555555555555556
6 0.09244791666666667 0.6972222222222222 0.050520833333333334 0.22777777777777777
6 0.04609375 0.537962962962963 0.050520833333333334 0.13148148148148148
2 0.60625 0.3726851851851852 0.121875 0.1935185185185185
2 0.80859375 0.4689814814814815 0.12447916666666667 0.21944444444444444
2 0.9619791666666667 0.5060185185185185 0.07395833333333333 0.1935185185185185
0 0.11328125 0.7537037037037037 0.0484375 0.13148148148148148
0 0.0359375 0.6162037037037037 0.06666666666666667 0.13055555555555556