0 0.222266 0.713194 0.144531 0.195833
0 0.255078 0.554167 0.047656 0.080556
0 0.098047 0.679861 0.058594 0.106944
0 0.073828 0.445833 0.027344 0.091667
0 0.010156 0.573611 0.020312 0.1
6 0.205469 0.66875 0.076563 0.220833
6 0.054297 0.66875 0.052344 0.240278
6 0.024219 0.488194 0.04375 0.143056
6 0.790625 0.546528 0.045313 0.193056
6 0.727344 0.435417 0.029687 0.1625
6 0.928125 0.539583 0.0375 0.179167
2 0.604688 0.358333 0.11875 0.194444
2 0.817969 0.454861 0.115625 0.201389
2 0.959766 0.518056 0.080469 0.222222