6 0.6575520833333334 0.5574074074074075 0.0984375 0.524074074074074
6 0.83203125 0.587037037037037 0.13072916666666667 0.5925925925925926
6 0.8098958333333334 0.5300925925925926 0.16875 0.5694444444444444
6 0.44765625 0.5921296296296297 0.09739583333333333 0.5453703703703704
6 0.3385416666666667 0.562037037037037 0.12083333333333333 0.4981481481481482
6 0.11328125 0.6129629629629629 0.08385416666666666 0.5796296296296296
6 0.39791666666666664 0.44166666666666665 0.06770833333333333 0.23703703703703705
0 0.84921875 0.6560185185185186 0.19114583333333332 0.41944444444444445
0 0.71796875 0.6064814814814815 0.11822916666666666 0.2851851851851852
0 0.22083333333333333 0.6351851851851852 0.20520833333333333 0.5574074074074075
0 0.31354166666666666 0.6305555555555555 0.128125 0.3351851851851852