6 0.32760416666666664 0.6231481481481481 0.05625 0.1962962962962963
6 0.37395833333333334 0.33935185185185185 0.034375 0.14351851851851852
6 0.7419270833333333 0.4601851851851852 0.030729166666666665 0.18518518518518517
6 0.2359375 0.5148148148148148 0.041666666666666664 0.2074074074074074
6 0.2557291666666667 0.42314814814814816 0.034375 0.1425925925925926
6 0.23645833333333333 0.3814814814814815 0.042708333333333334 0.1111111111111111
6 0.1875 0.6782407407407407 0.06666666666666667 0.21203703703703702
6 0.30807291666666664 0.8435185185185186 0.0671875 0.1537037037037037
6 0.04244791666666667 0.6351851851851852 0.04010416666666667 0.23333333333333334
6 0.08229166666666667 0.5814814814814815 0.046875 0.21296296296296297
2 0.9661458333333334 0.5074074074074074 0.065625 0.1925925925925926
2 0.8106770833333333 0.4444444444444444 0.10989583333333333 0.22037037037037038
4 0.5682291666666667 0.24074074074074073 0.24583333333333332 0.3111111111111111
0 0.32838541666666665 0.6972222222222222 0.1328125 0.14074074074074075
0 0.2513020833333333 0.5425925925925926 0.09427083333333333 0.10925925925925926
0 0.19036458333333334 0.7277777777777777 0.13697916666666668 0.16111111111111112
0 0.06979166666666667 0.6675925925925926 0.05625 0.12962962962962962