6 0.9151041666666667 0.5736111111111111 0.03125 0.1675925925925926
6 0.8322916666666667 0.3662037037037037 0.022916666666666665 0.11944444444444445
6 0.6510416666666666 0.38981481481481484 0.029166666666666667 0.14629629629629629
6 0.4270833333333333 0.3731481481481482 0.027083333333333334 0.17222222222222222
6 0.35182291666666665 0.38333333333333336 0.022395833333333334 0.14629629629629629
6 0.2234375 0.49537037037037035 0.0375 0.12037037037037036
6 0.09817708333333333 0.5810185185185185 0.0390625 0.1398148148148148
6 0.06458333333333334 0.6625 0.05520833333333333 0.22314814814814815
2 0.9575520833333333 0.5162037037037037 0.0828125 0.22685185185185186
2 0.46979166666666666 0.3138888888888889 0.153125 0.18518518518518517
0 0.10260416666666666 0.6962962962962963 0.04895833333333333 0.1111111111111111