6 0.22239583333333332 0.5407407407407407 0.040625 0.2037037037037037
6 0.25338541666666664 0.4976851851851852 0.04114583333333333 0.21203703703703702
6 0.31302083333333336 0.5935185185185186 0.04583333333333333 0.24259259259259258
6 0.34270833333333334 0.5921296296296297 0.046875 0.18425925925925926
6 0.4471354166666667 0.6513888888888889 0.06302083333333333 0.2361111111111111
6 0.5997395833333333 0.7814814814814814 0.059895833333333336 0.2814814814814815
6 0.6450520833333333 0.37592592592592594 0.034895833333333334 0.1574074074074074
6 0.7567708333333333 0.4097222222222222 0.034375 0.18055555555555555
6 0.7377604166666667 0.3939814814814815 0.024479166666666666 0.12685185185185185
2 0.80703125 0.46944444444444444 0.12135416666666667 0.24259259259259258
0 0.32864583333333336 0.6351851851851852 0.11145833333333334 0.18518518518518517
0 0.459375 0.6837962962962963 0.11354166666666667 0.19722222222222222
0 0.596875 0.7972222222222223 0.14375 0.20925925925925926