6 0.07786458333333333 0.637962962962963 0.0328125 0.22777777777777777
6 0.10260416666666666 0.6310185185185185 0.03854166666666667 0.17685185185185184
6 0.14739583333333334 0.6143518518518518 0.052083333333333336 0.20462962962962963
6 0.3736979166666667 0.350462962962963 0.024479166666666666 0.1398148148148148
6 0.8424479166666666 0.42916666666666664 0.0359375 0.1638888888888889
6 0.86015625 0.37407407407407406 0.024479166666666666 0.11851851851851852
6 0.9291666666666667 0.5523148148148148 0.046875 0.13796296296296295
6 0.8369791666666667 0.8652777777777778 0.10104166666666667 0.21388888888888888
6 0.8859375 0.8773148148148148 0.084375 0.21574074074074073
2 0.9638020833333333 0.5083333333333333 0.0671875 0.21666666666666667
2 0.6049479166666667 0.3675925925925926 0.10677083333333333 0.17037037037037037
0 0.09088541666666666 0.6694444444444444 0.0796875 0.13333333333333333
0 0.8299479166666667 0.9087962962962963 0.1890625 0.14907407407407408