6 0.8377604166666667 0.4787037037037037 0.13072916666666667 0.4185185185185185
6 0.74453125 0.5745370370370371 0.1078125 0.5453703703703704
6 0.67578125 0.5162037037037037 0.1171875 0.44537037037037036
6 0.4122395833333333 0.5254629629629629 0.10260416666666666 0.4212962962962963
6 0.43984375 0.5050925925925925 0.07239583333333334 0.35833333333333334
6 0.3453125 0.5560185185185185 0.09895833333333333 0.49537037037037035
6 0.28567708333333336 0.6097222222222223 0.1046875 0.5935185185185186
6 0.12604166666666666 0.6074074074074074 0.09166666666666666 0.5722222222222222
6 0.18567708333333333 0.48148148148148145 0.0484375 0.2074074074074074
0 0.17552083333333332 0.649074074074074 0.11458333333333333 0.5537037037037037
0 0.3375 0.6055555555555555 0.042708333333333334 0.37962962962962965
0 0.41432291666666665 0.5837962962962963 0.0984375 0.3398148148148148
0 0.8700520833333333 0.6134259259259259 0.1578125 0.46944444444444444
0 0.66796875 0.5648148148148148 0.09947916666666666 0.3296296296296296