6 0.8953125 0.324537037037037 0.027083333333333334 0.11574074074074074
6 0.8432291666666667 0.26342592592592595 0.027083333333333334 0.10277777777777777
6 0.5026041666666666 0.38935185185185184 0.04479166666666667 0.14907407407407408
6 0.49505208333333334 0.35833333333333334 0.0421875 0.13518518518518519
6 0.4393229166666667 0.2967592592592593 0.030729166666666665 0.11944444444444445
6 0.2375 0.6041666666666666 0.04791666666666667 0.23796296296296296
6 0.04479166666666667 0.6217592592592592 0.041666666666666664 0.20833333333333334
6 0.09479166666666666 0.5532407407407407 0.0375 0.1787037037037037
6 0.23203125 0.475 0.0421875 0.13333333333333333
0 0.5088541666666667 0.42083333333333334 0.06145833333333333 0.13240740740740742
0 0.23333333333333334 0.5365740740740741 0.096875 0.15462962962962962
0 0.0671875 0.6467592592592593 0.08333333333333333 0.15648148148148147