6 0.05651041666666667 0.5958333333333333 0.1015625 0.6175925925925926
6 0.29453125 0.6342592592592593 0.1328125 0.6333333333333333
6 0.3484375 0.5597222222222222 0.10104166666666667 0.5101851851851852
6 0.4078125 0.5236111111111111 0.090625 0.42685185185185187
6 0.93359375 0.6194444444444445 0.12447916666666667 0.7481481481481481
6 0.6815104166666667 0.5486111111111112 0.18072916666666666 0.5805555555555556
6 0.8109375 0.3939814814814815 0.13125 0.2712962962962963
6 0.7341145833333333 0.3712962962962963 0.07552083333333333 0.2074074074074074
0 0.221875 0.6569444444444444 0.21979166666666666 0.5527777777777778
0 0.41041666666666665 0.6 0.1 0.35185185185185186
0 0.6950520833333333 0.7143518518518519 0.22552083333333334 0.5509259259259259
0 0.8315104166666667 0.6486111111111111 0.13385416666666666 0.4324074074074074