6 0.23125 0.4648148148148148 0.036458333333333336 0.13703703703703704
6 0.31276041666666665 0.5222222222222223 0.0359375 0.1574074074074074
6 0.35078125 0.6356481481481482 0.0484375 0.23981481481481481
6 0.37994791666666666 0.6296296296296297 0.0484375 0.1925925925925926
6 0.05911458333333333 0.6685185185185185 0.0421875 0.23148148148148148
6 0.09036458333333333 0.5648148148148148 0.0328125 0.19074074074074074
6 0.7609375 0.4222222222222222 0.028125 0.17037037037037037
6 0.7372395833333333 0.3912037037037037 0.0234375 0.1175925925925926
2 0.9528645833333333 0.5574074074074075 0.09114583333333333 0.28703703703703703
2 0.8143229166666667 0.4810185185185185 0.09947916666666666 0.20462962962962963
2 0.6033854166666667 0.3763888888888889 0.1234375 0.1787037037037037
2 0.48359375 0.31851851851851853 0.1359375 0.17222222222222222
0 0.02421875 0.5583333333333333 0.04739583333333333 0.12962962962962962
0 0.1015625 0.700462962962963 0.051041666666666666 0.13425925925925927
0 0.246875 0.5726851851851852 0.05625 0.1175925925925926
0 0.35911458333333335 0.6717592592592593 0.1296875 0.1638888888888889