6 0.22552083333333334 0.5439814814814815 0.042708333333333334 0.1787037037037037
6 0.1 0.5537037037037037 0.04375 0.1814814814814815
6 0.5052083333333334 0.25462962962962965 0.021875 0.1111111111111111
6 0.5333333333333333 0.2569444444444444 0.019791666666666666 0.10648148148148148
6 0.7338541666666667 0.4439814814814815 0.04375 0.1824074074074074
6 0.7828125 0.35324074074074074 0.026041666666666668 0.13796296296296295
6 0.8791666666666667 0.47314814814814815 0.03854166666666667 0.1814814814814815
6 0.9177083333333333 0.5268518518518519 0.04583333333333333 0.18888888888888888
6 0.95 0.5236111111111111 0.03333333333333333 0.20277777777777778
2 0.9583333333333334 0.4930555555555556 0.08125 0.2212962962962963
2 0.8177083333333334 0.4671296296296296 0.12083333333333333 0.21574074074074073
0 0.21979166666666666 0.5337962962962963 0.084375 0.18796296296296297