0 0.234352 0.579858 0.042188 0.120833
0 0.089898 0.649373 0.090625 0.173611
6 0.203433 0.499386 0.047656 0.148611
6 0.075597 0.634591 0.060156 0.216667
6 0.40805 0.327459 0.023438 0.130556
6 0.314625 0.642512 0.069531 0.25
0 0.319775 0.656384 0.104687 0.197222
6 0.73484 0.384041 0.025781 0.147222
2 0.477979 0.319334 0.121094 0.1875
2 0.825781 0.460417 0.110937 0.226389
2 0.9625 0.514583 0.075 0.2375
0 0.247266 0.852778 0.067969 0.163889
6 0.190625 0.78125 0.08125 0.281944
6 0.624219 0.613194 0.057813 0.1875