2 0.817578 0.465278 0.124219 0.230556
0 0.310937 0.599306 0.103125 0.1875
0 0.218359 0.527083 0.089844 0.184722
0 0.080859 0.620833 0.089844 0.175
0 0.304297 0.2125 0.039844 0.072222
6 0.783984 0.518056 0.055469 0.202778
6 0.901953 0.4625 0.030469 0.166667
6 0.640625 0.295833 0.035937 0.130556
6 0.526563 0.254861 0.029687 0.120833
6 0.132812 0.595833 0.05 0.216667
6 0.077344 0.604861 0.045313 0.240278
6 0.215234 0.495833 0.052344 0.183333
6 0.330469 0.565972 0.059375 0.190278
6 0.292188 0.568056 0.0375 0.230556