6 0.37786458333333334 0.3314814814814815 0.019270833333333334 0.1425925925925926
6 0.36171875 0.5069444444444444 0.03697916666666667 0.1787037037037037
6 0.3145833333333333 0.5944444444444444 0.04895833333333333 0.2351851851851852
6 0.22864583333333333 0.49953703703703706 0.03854166666666667 0.17314814814814813
6 0.20729166666666668 0.899537037037037 0.06666666666666667 0.18981481481481483
6 0.7359375 0.3819444444444444 0.029166666666666667 0.14166666666666666
2 0.46536458333333336 0.3333333333333333 0.1234375 0.15555555555555556
0 0.0609375 0.475 0.03854166666666667 0.09814814814814815
0 0.23229166666666667 0.5574074074074075 0.0875 0.1574074074074074
0 0.33255208333333336 0.6314814814814815 0.09322916666666667 0.14444444444444443
0 0.47291666666666665 0.7162037037037037 0.1375 0.18981481481481483