6 0.8786458333333333 0.5833333333333334 0.103125 0.5333333333333333
6 0.6828125 0.5638888888888889 0.08020833333333334 0.5055555555555555
6 0.44427083333333334 0.5856481481481481 0.071875 0.5509259259259259
6 0.38958333333333334 0.5375 0.090625 0.5101851851851852
6 0.11927083333333334 0.4925925925925926 0.03958333333333333 0.22962962962962963
6 0.17708333333333334 0.4597222222222222 0.03333333333333333 0.18981481481481483
6 0.23411458333333332 0.4634259259259259 0.033854166666666664 0.19166666666666668
6 0.26015625 0.4638888888888889 0.028645833333333332 0.1574074074074074
0 0.34401041666666665 0.6342592592592593 0.1203125 0.43703703703703706
0 0.8104166666666667 0.6425925925925926 0.16041666666666668 0.5185185185185185
2 0.3072916666666667 0.44814814814814813 0.08125 0.10555555555555556