6 0.7359375 0.47453703703703703 0.036458333333333336 0.16944444444444445
6 0.74921875 0.4361111111111111 0.03177083333333333 0.14629629629629629
6 0.53046875 0.2601851851851852 0.021354166666666667 0.12222222222222222
6 0.26276041666666666 0.5037037037037037 0.0484375 0.19814814814814816
6 0.24114583333333334 0.7023148148148148 0.053125 0.2638888888888889
6 0.21432291666666667 0.5180555555555556 0.0453125 0.11388888888888889
6 0.10859375 0.6523148148148148 0.0390625 0.15462962962962962
6 0.0546875 0.7013888888888888 0.05520833333333333 0.16944444444444445
6 0.08463541666666667 0.6532407407407408 0.03802083333333333 0.23981481481481481
2 0.81484375 0.4625 0.1109375 0.19537037037037036
2 0.42578125 0.4722222222222222 0.18385416666666668 0.24074074074074073
0 0.23645833333333333 0.7203703703703703 0.1625 0.15925925925925927
0 0.12604166666666666 0.7175925925925926 0.040625 0.09444444444444444