6 0.18723958333333332 0.4810185185185185 0.07760416666666667 0.30092592592592593
6 0.3763020833333333 0.4444444444444444 0.0921875 0.37777777777777777
6 0.4322916666666667 0.462037037037037 0.07708333333333334 0.31666666666666665
6 0.6466145833333333 0.6652777777777777 0.1953125 0.6527777777777778
6 0.8510416666666667 0.5532407407407407 0.13229166666666667 0.5509259259259259
6 0.77265625 0.4842592592592593 0.1109375 0.412962962962963
6 0.6794270833333333 0.3972222222222222 0.08072916666666667 0.19814814814814816
0 0.79375 0.6328703703703704 0.15833333333333333 0.4564814814814815
0 0.5255208333333333 0.7486111111111111 0.4 0.4824074074074074
0 0.28958333333333336 0.637962962962963 0.13854166666666667 0.55
0 0.10078125 0.65 0.1609375 0.48333333333333334
6 0.8278645833333333 0.3277777777777778 0.3380208333333333 0.6333333333333333