6 0.80703125 0.5421296296296296 0.13177083333333334 0.5231481481481481
6 0.6447916666666667 0.5972222222222222 0.09270833333333334 0.524074074074074
6 0.4078125 0.5694444444444444 0.09375 0.5574074074074075
6 0.33880208333333334 0.5527777777777778 0.15677083333333333 0.5203703703703704
6 0.05 0.5310185185185186 0.09166666666666666 0.4287037037037037
6 0.21848958333333332 0.4625 0.0296875 0.17314814814814813
6 0.17994791666666668 0.4666666666666667 0.034895833333333334 0.19074074074074074
6 0.15859375 0.4625 0.04114583333333333 0.1935185185185185
0 0.32708333333333334 0.65 0.11354166666666667 0.45185185185185184
0 0.7989583333333333 0.649074074074074 0.16979166666666667 0.40185185185185185
0 0.6888020833333334 0.6023148148148149 0.06822916666666666 0.31203703703703706