6 0.8083333333333333 0.5398148148148149 0.16354166666666667 0.5370370370370371
6 0.6528645833333333 0.5847222222222223 0.08385416666666666 0.5824074074074074
6 0.44869791666666664 0.6263888888888889 0.09739583333333333 0.4824074074074074
6 0.39401041666666664 0.4273148148148148 0.0703125 0.23425925925925925
6 0.43671875 0.38287037037037036 0.04635416666666667 0.14907407407407408
6 0.3341145833333333 0.5601851851851852 0.12239583333333333 0.5
6 0.12734375 0.6347222222222222 0.10989583333333333 0.5472222222222223
0 0.8489583333333334 0.6111111111111112 0.20208333333333334 0.46111111111111114
0 0.73125 0.5925925925925926 0.08020833333333334 0.27037037037037037
0 0.22057291666666667 0.6449074074074074 0.2046875 0.537962962962963
0 0.3033854166666667 0.6138888888888889 0.11927083333333334 0.362962962962963
0 0.39505208333333336 0.5981481481481481 0.0578125 0.31666666666666665