6 0.95546875 0.48055555555555557 0.0796875 0.3314814814814815
6 0.8854166666666666 0.5115740740740741 0.065625 0.3712962962962963
6 0.8143229166666667 0.41805555555555557 0.11302083333333333 0.28425925925925927
6 0.74296875 0.5995370370370371 0.13072916666666667 0.700925925925926
6 0.6473958333333333 0.4634259259259259 0.10104166666666667 0.30092592592592593
6 0.6463541666666667 0.39351851851851855 0.040625 0.1962962962962963
6 0.6166666666666667 0.3814814814814815 0.026041666666666668 0.12037037037037036
6 0.41692708333333334 0.5773148148148148 0.08177083333333333 0.5194444444444445
6 0.31875 0.6305555555555555 0.12708333333333333 0.6129629629629629
6 0.05572916666666667 0.5912037037037037 0.109375 0.6361111111111111
6 0.22734375 0.44722222222222224 0.0359375 0.18518518518518517
0 0.20807291666666666 0.6611111111111111 0.20572916666666666 0.5666666666666667
0 0.6729166666666667 0.7222222222222222 0.24583333333333332 0.5314814814814814
0 0.8309895833333333 0.6328703703703704 0.11822916666666666 0.46944444444444444