6 0.1203125 0.46805555555555556 0.03333333333333333 0.175
6 0.1546875 0.4675925925925926 0.027083333333333334 0.1962962962962963
6 0.05963541666666667 0.4888888888888889 0.0484375 0.23333333333333334
6 0.32317708333333334 0.575925925925926 0.14427083333333332 0.4962962962962963
6 0.42135416666666664 0.5805555555555556 0.06979166666666667 0.5648148148148148
6 0.5674479166666667 0.5837962962962963 0.12135416666666667 0.8157407407407408
6 0.6528645833333333 0.5814814814814815 0.07552083333333333 0.5722222222222222
6 0.9481770833333333 0.5527777777777778 0.09427083333333333 0.5462962962962963
0 0.3140625 0.674074074074074 0.15104166666666666 0.3907407407407407
0 0.5166666666666667 0.7060185185185185 0.3 0.5638888888888889
0 0.9067708333333333 0.6199074074074075 0.17604166666666668 0.5175925925925926
2 0.7375 0.4097222222222222 0.13020833333333334 0.1287037037037037