6 0.9114583333333334 0.5615740740740741 0.058333333333333334 0.21388888888888888
6 0.86015625 0.5092592592592593 0.03697916666666667 0.18703703703703703
6 0.5861979166666667 0.4615740740740741 0.0328125 0.15648148148148147
6 0.36380208333333336 0.6925925925925925 0.04114583333333333 0.24444444444444444
6 0.3177083333333333 0.5583333333333333 0.028125 0.19444444444444445
6 0.2703125 0.562037037037037 0.034375 0.2222222222222222
6 0.22630208333333332 0.5638888888888889 0.0453125 0.20185185185185187
6 0.08854166666666667 0.5833333333333334 0.046875 0.17962962962962964
6 0.054427083333333334 0.4162037037037037 0.025520833333333333 0.10648148148148148
6 0.5203125 0.3509259259259259 0.03125 0.17222222222222222
6 0.5057291666666667 0.31157407407407406 0.019791666666666666 0.10277777777777777
2 0.4630208333333333 0.3236111111111111 0.15625 0.16203703703703703
2 0.6067708333333334 0.38101851851851853 0.11979166666666667 0.16574074074074074
2 0.9619791666666667 0.5185185185185185 0.06979166666666667 0.21851851851851853
0 0.04296875 0.5018518518518519 0.07760416666666667 0.09814814814814815