6 0.49921875 0.5532407407407407 0.0359375 0.19166666666666668
6 0.7307291666666667 0.38796296296296295 0.021875 0.1685185185185185
6 0.7518229166666667 0.38055555555555554 0.015104166666666667 0.18333333333333332
6 0.5317708333333333 0.31805555555555554 0.03229166666666667 0.1675925925925926
6 0.415625 0.2722222222222222 0.022916666666666665 0.1111111111111111
6 0.05026041666666667 0.6694444444444444 0.0515625 0.23333333333333334
6 0.08125 0.5990740740740741 0.041666666666666664 0.18703703703703703
6 0.02578125 0.6578703703703703 0.03697916666666667 0.20462962962962963
2 0.9609375 0.5171296296296296 0.07604166666666666 0.2064814814814815
2 0.47552083333333334 0.31712962962962965 0.1125 0.175
0 0.07135416666666666 0.663425925925926 0.0375 0.125