2 0.6059895833333333 0.37824074074074077 0.12864583333333332 0.21388888888888888
2 0.9684895833333333 0.5078703703703704 0.0609375 0.25092592592592594
0 0.5166666666666667 0.6995370370370371 0.13125 0.20462962962962963
0 0.4234375 0.7069444444444445 0.12083333333333333 0.1935185185185185
0 0.3033854166666667 0.5884259259259259 0.1015625 0.18796296296296297
0 0.19036458333333334 0.7180555555555556 0.1296875 0.17314814814814813
0 0.07630208333333334 0.637962962962963 0.0828125 0.1925925925925926
6 0.9278645833333333 0.48194444444444445 0.034895833333333334 0.1638888888888889
6 0.5244791666666667 0.25601851851851853 0.027083333333333334 0.13425925925925927
6 0.5174479166666667 0.6481481481481481 0.06510416666666667 0.22037037037037038
6 0.41354166666666664 0.6722222222222223 0.06145833333333333 0.24259259259259258
6 0.2908854166666667 0.5685185185185185 0.05677083333333333 0.22777777777777777
6 0.165625 0.7 0.07291666666666667 0.26851851851851855
6 0.22369791666666666 0.562962962962963 0.03802083333333333 0.17592592592592593
6 0.06901041666666667 0.6074074074074074 0.049479166666666664 0.23148148148148148