6 0.029427083333333333 0.4935185185185185 0.04739583333333333 0.29259259259259257
6 0.08828125 0.4981481481481482 0.04114583333333333 0.29259259259259257
6 0.22395833333333334 0.45555555555555555 0.1375 0.22037037037037038
6 0.35442708333333334 0.6370370370370371 0.13802083333333334 0.7055555555555556
6 0.42604166666666665 0.5893518518518519 0.08958333333333333 0.5824074074074074
6 0.4583333333333333 0.4722222222222222 0.065625 0.30185185185185187
6 0.671875 0.6337962962962963 0.09166666666666666 0.7157407407407408
6 0.7893229166666667 0.38055555555555554 0.0921875 0.24444444444444444
6 0.8877604166666667 0.5958333333333333 0.1421875 0.8009259259259259
0 0.21302083333333333 0.749537037037037 0.2520833333333333 0.4842592592592593
0 0.79140625 0.663425925925926 0.19114583333333332 0.649074074074074