6 0.09140625 0.5041666666666667 0.0515625 0.2601851851851852
6 0.2515625 0.6078703703703704 0.20729166666666668 0.6898148148148148
6 0.4328125 0.6287037037037037 0.13333333333333333 0.6925925925925925
6 0.33229166666666665 0.41805555555555557 0.08229166666666667 0.2490740740740741
6 0.66796875 0.5726851851851852 0.08802083333333334 0.5287037037037037
6 0.7338541666666667 0.37222222222222223 0.12916666666666668 0.20555555555555555
6 0.80625 0.5125 0.07291666666666667 0.44351851851851853
0 0.2234375 0.7189814814814814 0.203125 0.5509259259259259
0 0.33046875 0.6458333333333334 0.09739583333333333 0.41388888888888886
0 0.7466145833333333 0.6032407407407407 0.1328125 0.44166666666666665
6 0.8463541666666666 0.32037037037037036 0.29375 0.6092592592592593