6 0.7640625 0.4962962962962963 0.041666666666666664 0.18888888888888888
6 0.90234375 0.29814814814814816 0.030729166666666665 0.09814814814814815
6 0.646875 0.30462962962962964 0.022916666666666665 0.13518518518518519
6 0.49140625 0.337037037037037 0.033854166666666664 0.13148148148148148
6 0.35260416666666666 0.6884259259259259 0.07083333333333333 0.262037037037037
6 0.23151041666666666 0.5111111111111111 0.04635416666666667 0.17037037037037037
6 0.10416666666666667 0.6175925925925926 0.04583333333333333 0.2037037037037037
6 0.034895833333333334 0.6513888888888889 0.058333333333333334 0.24351851851851852
2 0.8247395833333333 0.45555555555555555 0.12135416666666667 0.2074074074074074
0 0.36796875 0.7046296296296296 0.14010416666666667 0.2074074074074074
0 0.22578125 0.5444444444444444 0.0859375 0.17037037037037037
0 0.06822916666666666 0.6560185185185186 0.07291666666666667 0.1398148148148148