6 0.9015625 0.46574074074074073 0.1 0.3574074074074074
6 0.8158854166666667 0.40879629629629627 0.08802083333333334 0.3527777777777778
6 0.7375 0.41759259259259257 0.08020833333333334 0.23148148148148148
6 0.6833333333333333 0.5638888888888889 0.096875 0.5111111111111111
6 0.42552083333333335 0.5856481481481481 0.11145833333333334 0.5638888888888889
6 0.3888020833333333 0.5518518518518518 0.10572916666666667 0.5166666666666667
6 0.20338541666666668 0.5930555555555556 0.07135416666666666 0.5435185185185185
6 0.1421875 0.47685185185185186 0.03333333333333333 0.18703703703703703
0 0.27630208333333334 0.6833333333333333 0.17760416666666667 0.587037037037037
0 0.7885416666666667 0.6013888888888889 0.175 0.4842592592592593
0 0.9130208333333333 0.5675925925925925 0.12395833333333334 0.3388888888888889