6 0.6536458333333334 0.4199074074074074 0.030208333333333334 0.1527777777777778
6 0.7309895833333333 0.3902777777777778 0.0234375 0.16018518518518518
6 0.76015625 0.40555555555555556 0.030729166666666665 0.1814814814814815
6 0.38307291666666665 0.6208333333333333 0.05572916666666667 0.19166666666666668
6 0.35208333333333336 0.6273148148148148 0.04791666666666667 0.20462962962962963
6 0.35130208333333335 0.4837962962962963 0.034895833333333334 0.1638888888888889
6 0.21692708333333333 0.4634259259259259 0.04010416666666667 0.12314814814814815
6 0.059895833333333336 0.6555555555555556 0.051041666666666666 0.22777777777777777
6 0.08255208333333333 0.5902777777777778 0.04114583333333333 0.14907407407407408
2 0.9541666666666667 0.5726851851851852 0.08958333333333333 0.287962962962963
2 0.8158854166666667 0.4842592592592593 0.10989583333333333 0.2074074074074074
2 0.5971354166666667 0.37962962962962965 0.11927083333333334 0.18518518518518517
2 0.484375 0.32685185185185184 0.14166666666666666 0.1685185185185185
0 0.3580729166666667 0.6643518518518519 0.13177083333333334 0.175
0 0.23046875 0.5694444444444444 0.07760416666666667 0.1425925925925926
0 0.09765625 0.6944444444444444 0.06822916666666666 0.10925925925925926