6 0.92890625 0.4912037037037037 0.05364583333333333 0.13796296296296295
6 0.2950520833333333 0.5824074074074074 0.05260416666666667 0.22037037037037038
6 0.22708333333333333 0.4962962962962963 0.046875 0.14444444444444443
6 0.20052083333333334 0.4787037037037037 0.020833333333333332 0.1259259259259259
6 0.0671875 0.6569444444444444 0.05 0.22870370370370371
6 0.08645833333333333 0.5944444444444444 0.06354166666666666 0.18888888888888888
2 0.60703125 0.3726851851851852 0.10989583333333333 0.18981481481481483
2 0.9692708333333333 0.5115740740740741 0.059375 0.20462962962962963
0 0.22760416666666666 0.5671296296296297 0.04375 0.07685185185185185
0 0.29973958333333334 0.6208333333333333 0.09427083333333333 0.1712962962962963
0 0.07213541666666666 0.6699074074074074 0.08489583333333334 0.15833333333333333