6 0.5434895833333333 0.32592592592592595 0.016145833333333335 0.13518518518518519
6 0.7291666666666666 0.48564814814814816 0.030208333333333334 0.175
6 0.76171875 0.44074074074074077 0.0265625 0.17592592592592593
6 0.31927083333333334 0.5930555555555556 0.058333333333333334 0.225
6 0.2640625 0.5046296296296297 0.03229166666666667 0.20925925925925926
6 0.24739583333333334 0.6902777777777778 0.040625 0.2712962962962963
6 0.1046875 0.6481481481481481 0.041666666666666664 0.15555555555555556
6 0.08177083333333333 0.6564814814814814 0.036458333333333336 0.22037037037037038
6 0.05572916666666667 0.7023148148148148 0.04583333333333333 0.1675925925925926
2 0.8140625 0.4675925925925926 0.11041666666666666 0.20555555555555555
2 0.46770833333333334 0.3226851851851852 0.13333333333333333 0.17314814814814813
0 0.12239583333333333 0.7166666666666667 0.04791666666666667 0.11851851851851852
0 0.23541666666666666 0.7277777777777777 0.15729166666666666 0.16111111111111112
0 0.34921875 0.6555555555555556 0.05572916666666667 0.13148148148148148
0 0.22864583333333333 0.5148148148148148 0.078125 0.10740740740740741