6 0.7583333333333333 0.4152777777777778 0.035416666666666666 0.175
6 0.7385416666666667 0.3921296296296296 0.022916666666666665 0.14166666666666666
6 0.37890625 0.625 0.044270833333333336 0.2
6 0.35104166666666664 0.6509259259259259 0.052083333333333336 0.2222222222222222
6 0.3125 0.5356481481481481 0.03958333333333333 0.18796296296296297
6 0.23020833333333332 0.4625 0.040625 0.13796296296296295
6 0.06536458333333334 0.6611111111111111 0.04635416666666667 0.2111111111111111
6 0.09557291666666666 0.575 0.033854166666666664 0.16666666666666666
2 0.4822916666666667 0.32731481481481484 0.13541666666666666 0.17314814814814813
2 0.6041666666666666 0.3907407407407407 0.12708333333333333 0.19444444444444445
2 0.8114583333333333 0.48055555555555557 0.1 0.20925925925925926
2 0.95390625 0.562962962962963 0.09010416666666667 0.28703703703703703
0 0.35859375 0.675 0.13489583333333333 0.17037037037037037
0 0.24166666666666667 0.5791666666666667 0.05416666666666667 0.12129629629629629
0 0.10052083333333334 0.7037037037037037 0.059375 0.11296296296296296
0 0.022135416666666668 0.5555555555555556 0.043229166666666666 0.13148148148148148