2 0.6036458333333333 0.37546296296296294 0.13333333333333333 0.15092592592592594
2 0.9729166666666667 0.5157407407407407 0.052083333333333336 0.24814814814814815
0 0.31953125 0.600462962962963 0.10885416666666667 0.21203703703703702
0 0.2046875 0.7222222222222222 0.10416666666666667 0.15185185185185185
0 0.08125 0.638425925925926 0.08854166666666667 0.16574074074074074
6 0.8059895833333334 0.37083333333333335 0.0296875 0.13796296296296295
6 0.91484375 0.5689814814814815 0.04114583333333333 0.21203703703703702
6 0.30963541666666666 0.5550925925925926 0.06197916666666667 0.19722222222222222
6 0.20520833333333333 0.5402777777777777 0.04479166666666667 0.18796296296296297
6 0.15494791666666666 0.7087962962962963 0.08177083333333333 0.2861111111111111
6 0.06927083333333334 0.6055555555555555 0.046875 0.2351851851851852