6 0.058854166666666666 0.7064814814814815 0.046875 0.15925925925925927
6 0.08229166666666667 0.6513888888888889 0.0375 0.23981481481481481
6 0.1078125 0.6476851851851851 0.0375 0.15092592592592594
6 0.23828125 0.6861111111111111 0.05364583333333333 0.26296296296296295
6 0.31953125 0.5981481481481481 0.058854166666666666 0.22037037037037038
6 0.2671875 0.4962962962962963 0.03229166666666667 0.23148148148148148
6 0.5375 0.32037037037037036 0.01875 0.13333333333333333
6 0.7341145833333333 0.4847222222222222 0.028645833333333332 0.1638888888888889
6 0.76484375 0.4439814814814815 0.024479166666666666 0.16574074074074074
2 0.46510416666666665 0.3282407407407407 0.13333333333333333 0.16574074074074074
2 0.8109375 0.4587962962962963 0.11875 0.18796296296296297
0 0.22682291666666668 0.5060185185185185 0.0765625 0.10648148148148148
0 0.32916666666666666 0.649074074074074 0.10208333333333333 0.13148148148148148
0 0.23723958333333334 0.7328703703703704 0.15260416666666668 0.15462962962962962
0 0.12057291666666667 0.7157407407407408 0.0515625 0.1111111111111111