6 0.9268229166666667 0.587037037037037 0.034895833333333334 0.1685185185185185
6 0.9190104166666667 0.5370370370370371 0.0359375 0.1685185185185185
6 0.6541666666666667 0.5101851851851852 0.0375 0.18518518518518517
6 0.6286458333333333 0.44305555555555554 0.03125 0.15462962962962962
6 0.35208333333333336 0.5694444444444444 0.057291666666666664 0.18888888888888888
6 0.47994791666666664 0.25 0.021354166666666667 0.10925925925925926
6 0.07161458333333333 0.5583333333333333 0.05260416666666667 0.17777777777777778
6 0.021354166666666667 0.6111111111111112 0.03854166666666667 0.22037037037037038
2 0.5973958333333333 0.39675925925925926 0.12604166666666666 0.17314814814814813
2 0.9682291666666667 0.5560185185185185 0.06145833333333333 0.22870370370370371
0 0.3609375 0.6185185185185185 0.1 0.17407407407407408
0 0.05651041666666667 0.6032407407407407 0.07239583333333334 0.19166666666666668