6 0.37083333333333335 0.6018518518518519 0.05625 0.2037037037037037
6 0.25 0.5486111111111112 0.03854166666666667 0.2101851851851852
6 0.3658854166666667 0.34120370370370373 0.028645833333333332 0.13055555555555556
6 0.5403645833333334 0.3837962962962963 0.0265625 0.14537037037037037
6 0.7166666666666667 0.4652777777777778 0.040625 0.175
6 0.7473958333333334 0.49444444444444446 0.0375 0.1962962962962963
6 0.9072916666666667 0.3314814814814815 0.025 0.11481481481481481
6 0.50390625 0.22685185185185186 0.0203125 0.05
2 0.47734375 0.325 0.10572916666666667 0.15555555555555556
2 0.6130208333333333 0.3731481481481482 0.10833333333333334 0.17222222222222222
2 0.80859375 0.47638888888888886 0.1171875 0.2101851851851852
0 0.3815104166666667 0.6842592592592592 0.10260416666666666 0.14444444444444443