6 0.37447916666666664 0.3300925925925926 0.026041666666666668 0.16203703703703703
6 0.2877604166666667 0.5981481481481481 0.05572916666666667 0.23333333333333334
6 0.228125 0.5046296296296297 0.046875 0.14814814814814814
6 0.19453125 0.42962962962962964 0.0265625 0.1037037037037037
6 0.7703125 0.9078703703703703 0.08958333333333333 0.1638888888888889
6 0.74921875 0.4759259259259259 0.03802083333333333 0.1814814814814815
6 0.8041666666666667 0.5300925925925926 0.057291666666666664 0.19907407407407407
2 0.9528645833333333 0.5634259259259259 0.0921875 0.3101851851851852
2 0.8169270833333333 0.49675925925925923 0.10885416666666667 0.23796296296296296
2 0.60078125 0.37824074074074077 0.1296875 0.18425925925925926
2 0.48385416666666664 0.31527777777777777 0.1375 0.175
0 0.31875 0.6541666666666667 0.06666666666666667 0.1287037037037037
0 0.029166666666666667 0.6268518518518519 0.04375 0.0962962962962963
0 0.6015625 0.8578703703703704 0.16145833333333334 0.1638888888888889
0 0.23203125 0.5680555555555555 0.0453125 0.10092592592592593