6 0.1265625 0.6125 0.090625 0.5675925925925925
6 0.18776041666666668 0.47685185185185186 0.04635416666666667 0.18703703703703703
6 0.28828125 0.6162037037037037 0.0984375 0.6064814814814815
6 0.34609375 0.5597222222222222 0.1046875 0.5027777777777778
6 0.4140625 0.5180555555555556 0.103125 0.4324074074074074
6 0.44244791666666666 0.4976851851851852 0.06822916666666666 0.36944444444444446
6 0.61953125 0.4134259259259259 0.04114583333333333 0.15648148148148147
6 0.6768229166666667 0.5263888888888889 0.10989583333333333 0.4324074074074074
6 0.7557291666666667 0.575 0.12291666666666666 0.5370370370370371
6 0.8263020833333333 0.44166666666666665 0.1390625 0.34074074074074073
0 0.86953125 0.6296296296296297 0.16197916666666667 0.43148148148148147
0 0.184375 0.6444444444444445 0.13645833333333332 0.562962962962963
0 0.4158854166666667 0.5893518518518519 0.0953125 0.3472222222222222
0 0.3372395833333333 0.6032407407407407 0.07239583333333334 0.4064814814814815
0 0.6658854166666667 0.5662037037037037 0.0953125 0.3398148148148148