0 0.340625 0.64375 0.13125 0.190278
0 0.235156 0.55 0.092188 0.172222
0 0.066406 0.677083 0.0875 0.165278
0 0.294531 0.304861 0.051562 0.106944
0 0.874219 0.345139 0.065625 0.0875
2 0.492578 0.297222 0.125781 0.169444
2 0.959375 0.490278 0.08125 0.202778
6 0.689062 0.495833 0.05 0.177778
6 0.876562 0.319444 0.021875 0.102778
6 0.639063 0.205556 0.020312 0.113889
6 0.409766 0.267361 0.024219 0.129167
6 0.301562 0.279861 0.0375 0.126389
0 0.305469 0.211111 0.042188 0.052778
6 0.367578 0.594444 0.046094 0.127778
6 0.33125 0.59375 0.065625 0.184722
6 0.23125 0.525694 0.059375 0.201389
6 0.098047 0.581944 0.055469 0.202778
6 0.045313 0.65 0.073437 0.208333