6 0.9669270833333333 0.4212962962962963 0.0234375 0.12407407407407407
6 0.8916666666666667 0.4537037037037037 0.034375 0.1685185185185185
6 0.771875 0.5097222222222222 0.05416666666666667 0.19166666666666668
6 0.7125 0.4828703703703704 0.035416666666666666 0.175
6 0.73203125 0.38981481481481484 0.018229166666666668 0.14629629629629629
6 0.27734375 0.5527777777777778 0.059895833333333336 0.24074074074074073
6 0.07421875 0.6398148148148148 0.0328125 0.2074074074074074
6 0.09973958333333334 0.5708333333333333 0.0328125 0.16574074074074074
2 0.9604166666666667 0.39351851851851855 0.07708333333333334 0.14444444444444443
2 0.8091145833333333 0.4601851851851852 0.09947916666666666 0.23703703703703705
2 0.63125 0.3236111111111111 0.09375 0.16203703703703703
0 0.284375 0.5967592592592592 0.103125 0.16203703703703703
0 0.08229166666666667 0.6726851851851852 0.09166666666666666 0.175