6 0.7455729166666667 0.4736111111111111 0.027604166666666666 0.17314814814814813
6 0.22786458333333334 0.5601851851851852 0.0390625 0.22037037037037038
6 0.1515625 0.7319444444444444 0.05416666666666667 0.2490740740740741
6 0.17786458333333333 0.6407407407407407 0.04114583333333333 0.14444444444444443
6 0.10963541666666667 0.5703703703703704 0.0234375 0.16111111111111112
6 0.0609375 0.6546296296296297 0.041666666666666664 0.19074074074074074
2 0.8322916666666667 0.4740740740740741 0.10729166666666666 0.20925925925925926
2 0.7979166666666667 0.32546296296296295 0.146875 0.12685185185185185
2 0.40338541666666666 0.4439814814814815 0.16302083333333334 0.23981481481481481
0 0.2015625 0.7648148148148148 0.06041666666666667 0.10925925925925926
0 0.26197916666666665 0.5814814814814815 0.06458333333333334 0.10555555555555556
0 0.10260416666666666 0.674074074074074 0.041666666666666664 0.09814814814814815