6 0.8260416666666667 0.43287037037037035 0.115625 0.35833333333333334
6 0.7567708333333333 0.5814814814814815 0.109375 0.5462962962962963
6 0.6739583333333333 0.5300925925925926 0.11041666666666666 0.44722222222222224
6 0.62578125 0.5388888888888889 0.05677083333333333 0.4351851851851852
6 0.13515625 0.6078703703703704 0.10260416666666666 0.5546296296296296
6 0.30703125 0.6143518518518518 0.10052083333333334 0.5990740740740741
6 0.3546875 0.5671296296296297 0.09895833333333333 0.5083333333333333
6 0.41770833333333335 0.5157407407407407 0.1 0.4185185185185185
6 0.4440104166666667 0.5018518518518519 0.06822916666666666 0.34814814814814815
6 0.06927083333333334 0.5222222222222223 0.05 0.3055555555555556
6 0.17369791666666667 0.48194444444444445 0.049479166666666664 0.25092592592592594
0 0.21770833333333334 0.6564814814814814 0.203125 0.5611111111111111
0 0.4119791666666667 0.5944444444444444 0.09375 0.35
0 0.8611979166666667 0.5981481481481481 0.17135416666666667 0.5
0 0.67421875 0.5782407407407407 0.1046875 0.33796296296296297