0 0.294922 0.601389 0.102344 0.188889
0 0.165625 0.720833 0.13125 0.169444
0 0.212891 0.511806 0.075781 0.1875
0 0.067969 0.629861 0.079687 0.176389
0 0.299609 0.2125 0.038281 0.077778
2 0.492578 0.313194 0.149219 0.159722
2 0.9625 0.513889 0.075 0.233333
6 0.145703 0.697222 0.075781 0.269444
6 0.060156 0.636111 0.040625 0.205556
6 0.050391 0.464583 0.055469 0.173611
6 0.021875 0.483333 0.04375 0.180556
6 0.284766 0.579861 0.063281 0.226389
6 0.205469 0.477778 0.048437 0.161111
6 0.492578 0.361111 0.033594 0.161111
6 0.546484 0.319444 0.038281 0.155556
6 0.637109 0.461806 0.032031 0.195833
6 0.666797 0.452778 0.035156 0.197222
6 0.616406 0.445833 0.035937 0.183333
6 0.653125 0.302083 0.028125 0.131944