6 0.14609375 0.6055555555555555 0.13177083333333334 0.5685185185185185
6 0.28958333333333336 0.6074074074074074 0.09895833333333333 0.6018518518518519
6 0.34817708333333336 0.5509259259259259 0.1015625 0.4981481481481482
6 0.41171875 0.524074074074074 0.09739583333333333 0.4388888888888889
6 0.44765625 0.49675925925925923 0.06927083333333334 0.35833333333333334
6 0.6208333333333333 0.43657407407407406 0.03958333333333333 0.225
6 0.6807291666666667 0.5180555555555556 0.10520833333333333 0.462037037037037
6 0.740625 0.5652777777777778 0.11354166666666667 0.5175925925925926
6 0.8330729166666667 0.46296296296296297 0.1234375 0.3537037037037037
0 0.8682291666666667 0.6050925925925926 0.159375 0.4675925925925926
0 0.66953125 0.5851851851851851 0.1171875 0.3648148148148148
0 0.4078125 0.5791666666666667 0.10104166666666667 0.33611111111111114
0 0.340625 0.6138888888888889 0.06354166666666666 0.3925925925925926
0 0.19401041666666666 0.6587962962962963 0.15989583333333332 0.575