6 0.7755208333333333 0.5685185185185185 0.1625 0.5944444444444444
6 0.6635416666666667 0.562037037037037 0.090625 0.4888888888888889
6 0.7208333333333333 0.3925925925925926 0.071875 0.19444444444444445
6 0.453125 0.5625 0.08229166666666667 0.5046296296296297
6 0.28125 0.6319444444444444 0.15520833333333334 0.637962962962963
6 0.34817708333333336 0.5606481481481481 0.09427083333333333 0.4787037037037037
6 0.390625 0.47638888888888886 0.065625 0.3398148148148148
6 0.05651041666666667 0.5685185185185185 0.10885416666666667 0.5370370370370371
0 0.18723958333333332 0.6675925925925926 0.14322916666666666 0.5777777777777777
0 0.4010416666666667 0.586574074074074 0.08333333333333333 0.35648148148148145
0 0.784375 0.6981481481481482 0.15416666666666667 0.48333333333333334