2 0.8403645833333333 0.45416666666666666 0.11510416666666666 0.23796296296296296
2 0.6033854166666667 0.375 0.13489583333333333 0.18518518518518517
0 0.29296875 0.5712962962962963 0.10052083333333334 0.1814814814814815
0 0.18802083333333333 0.6814814814814815 0.11145833333333334 0.1925925925925926
0 0.07135416666666666 0.6754629629629629 0.07395833333333333 0.175
6 0.059375 0.6231481481481481 0.052083333333333336 0.24074074074074073
6 0.09088541666666666 0.5615740740740741 0.03177083333333333 0.20462962962962963
6 0.16927083333333334 0.6657407407407407 0.04895833333333333 0.24259259259259258
6 0.2734375 0.5421296296296296 0.0375 0.22685185185185186
6 0.7403645833333333 0.46296296296296297 0.030729166666666665 0.18333333333333332
6 0.7481770833333333 0.33240740740740743 0.025520833333333333 0.14444444444444443