6 0.8067708333333333 0.5412037037037037 0.16041666666666668 0.5398148148148149
6 0.6494791666666667 0.5777777777777777 0.10520833333333333 0.587037037037037
6 0.69609375 0.5717592592592593 0.06822916666666666 0.5305555555555556
6 0.4513020833333333 0.6273148148148148 0.1109375 0.525
6 0.39739583333333334 0.4439814814814815 0.08333333333333333 0.27870370370370373
6 0.33307291666666666 0.5615740740740741 0.11822916666666666 0.4935185185185185
6 0.1328125 0.6087962962962963 0.10625 0.5657407407407408
6 0.16302083333333334 0.4601851851851852 0.029166666666666667 0.17222222222222222
0 0.21588541666666666 0.6481481481481481 0.1953125 0.5518518518518518
0 0.3171875 0.5972222222222222 0.13125 0.36666666666666664
0 0.39166666666666666 0.6152777777777778 0.08020833333333334 0.33796296296296297
0 0.8473958333333333 0.6175925925925926 0.19895833333333332 0.4740740740740741
0 0.7421875 0.6273148148148148 0.07708333333333334 0.2712962962962963