6 0.15911458333333334 0.45787037037037037 0.04010416666666667 0.11944444444444445
6 0.2911458333333333 0.6319444444444444 0.14375 0.625
6 0.21536458333333333 0.44212962962962965 0.05364583333333333 0.175
6 0.3494791666666667 0.5583333333333333 0.09479166666666666 0.49074074074074076
6 0.40677083333333336 0.5157407407407407 0.10208333333333333 0.45
6 0.6596354166666667 0.5777777777777777 0.10260416666666666 0.5259259259259259
6 0.81875 0.5236111111111111 0.12916666666666668 0.49537037037037035
6 0.7223958333333333 0.4287037037037037 0.0875 0.27037037037037037
0 0.19166666666666668 0.6703703703703704 0.15416666666666667 0.5740740740740741
0 0.4125 0.5875 0.08020833333333334 0.35833333333333334
0 0.8497395833333333 0.6467592592592593 0.16197916666666667 0.44166666666666665
0 0.72734375 0.5976851851851852 0.12447916666666667 0.3824074074074074