0 0.075781 0.64375 0.0875 0.206944
0 0.223438 0.530556 0.082813 0.163889
0 0.309766 0.216667 0.049219 0.063889
2 0.432031 0.217361 0.075 0.0875
2 0.466797 0.320139 0.128906 0.159722
2 0.605469 0.350694 0.117188 0.204167
6 0.080469 0.727778 0.067188 0.194444
6 0.039453 0.620139 0.046094 0.215278
6 0.096875 0.575 0.042188 0.166667
6 0.217187 0.507639 0.039062 0.181944
6 0.616016 0.377778 0.028906 0.205556
6 0.648828 0.396528 0.027344 0.148611
6 0.8125 0.343056 0.026563 0.127778
6 0.980078 0.413889 0.025781 0.133333
6 0.428906 0.159028 0.021875 0.084722