6 0.37890625 0.33055555555555555 0.021354166666666667 0.14444444444444443
6 0.41171875 0.3523148148148148 0.03177083333333333 0.16574074074074074
6 0.76484375 0.3958333333333333 0.028645833333333332 0.14907407407407408
6 0.32421875 0.600925925925926 0.05260416666666667 0.20925925925925926
6 0.2565104166666667 0.5060185185185185 0.05364583333333333 0.2064814814814815
6 0.23072916666666668 0.7481481481481481 0.07708333333333334 0.26481481481481484
6 0.09244791666666667 0.6759259259259259 0.043229166666666666 0.25555555555555554
6 0.08515625 0.5333333333333333 0.0328125 0.09074074074074075
2 0.47161458333333334 0.33055555555555555 0.13177083333333334 0.17407407407407408
2 0.81640625 0.46064814814814814 0.09739583333333333 0.20277777777777778
0 0.08854166666666667 0.6981481481481482 0.12291666666666666 0.13333333333333333
0 0.23177083333333334 0.7615740740740741 0.13854166666666667 0.14722222222222223
0 0.33359375 0.6425925925925926 0.10260416666666666 0.14814814814814814
0 0.22994791666666667 0.5486111111111112 0.07760416666666667 0.1398148148148148