6 0.2265625 0.5504629629629629 0.0375 0.20092592592592592
6 0.5041666666666667 0.25092592592592594 0.019791666666666666 0.10740740740740741
6 0.5330729166666667 0.25462962962962965 0.0234375 0.1111111111111111
6 0.9138020833333333 0.5268518518518519 0.043229166666666666 0.17407407407407408
6 0.9510416666666667 0.537962962962963 0.04479166666666667 0.21851851851851853
6 0.75546875 0.4101851851851852 0.04010416666666667 0.16296296296296298
6 0.8794270833333333 0.4675925925925926 0.033854166666666664 0.17407407407407408
6 0.1015625 0.5509259259259259 0.04375 0.1925925925925926
2 0.8205729166666667 0.45416666666666666 0.1265625 0.18981481481481483
2 0.95234375 0.48009259259259257 0.09322916666666667 0.24166666666666667
0 0.21901041666666668 0.5314814814814814 0.0796875 0.16111111111111112