6 0.06744791666666666 0.6814814814814815 0.0359375 0.1962962962962963
6 0.08541666666666667 0.6398148148148148 0.03958333333333333 0.2074074074074074
6 0.09947916666666666 0.5486111111111112 0.035416666666666666 0.1175925925925926
6 0.2078125 0.48333333333333334 0.03333333333333333 0.14814814814814814
6 0.29583333333333334 0.5958333333333333 0.03958333333333333 0.2638888888888889
6 0.30755208333333334 0.4652777777777778 0.034895833333333334 0.20092592592592592
6 0.5026041666666666 0.9185185185185185 0.059375 0.15555555555555556
6 0.43645833333333334 0.9060185185185186 0.05 0.15462962962962962
6 0.8315104166666667 0.37175925925925923 0.03177083333333333 0.12314814814814815
6 0.9239583333333333 0.39444444444444443 0.03125 0.12037037037037036
6 0.3807291666666667 0.33194444444444443 0.025 0.1287037037037037
6 0.40703125 0.2439814814814815 0.022395833333333334 0.07685185185185185
2 0.47604166666666664 0.31296296296296294 0.15833333333333333 0.20185185185185187
0 0.2955729166666667 0.6240740740740741 0.10989583333333333 0.15
0 0.09010416666666667 0.6787037037037037 0.11354166666666667 0.12037037037037036