6 0.7794270833333333 0.3597222222222222 0.030729166666666665 0.14166666666666666
6 0.41432291666666665 0.2814814814814815 0.016145833333333335 0.1111111111111111
6 0.4466145833333333 0.2462962962962963 0.027604166666666666 0.14074074074074075
6 0.22317708333333333 0.48842592592592593 0.06302083333333333 0.18611111111111112
6 0.20416666666666666 0.5296296296296297 0.026041666666666668 0.17222222222222222
6 0.09453125 0.5736111111111111 0.04635416666666667 0.20833333333333334
6 0.22994791666666667 0.4111111111111111 0.033854166666666664 0.07777777777777778
6 0.309375 0.5708333333333333 0.0375 0.22685185185185186
6 0.42135416666666664 0.6643518518518519 0.059375 0.24351851851851852
6 0.46067708333333335 0.6657407407407407 0.05260416666666667 0.19444444444444445
0 0.43463541666666666 0.6967592592592593 0.14010416666666667 0.19166666666666668
0 0.30963541666666666 0.6087962962962963 0.0984375 0.1638888888888889
0 0.06302083333333333 0.4722222222222222 0.03125 0.11296296296296296
0 0.23098958333333333 0.5569444444444445 0.03177083333333333 0.09166666666666666