6 0.9091145833333333 0.3912037037037037 0.028645833333333332 0.1175925925925926
6 0.8361979166666667 0.375 0.0234375 0.12962962962962962
6 0.37916666666666665 0.6097222222222223 0.051041666666666666 0.20092592592592592
6 0.34765625 0.6328703703703704 0.0453125 0.23425925925925925
6 0.2591145833333333 0.524537037037037 0.024479166666666666 0.2175925925925926
6 0.08567708333333333 0.6347222222222222 0.0359375 0.21574074074074073
6 0.08385416666666666 0.5236111111111111 0.036458333333333336 0.08611111111111111
6 0.025 0.524537037037037 0.023958333333333335 0.10462962962962963
6 0.04375 0.65 0.036458333333333336 0.19074074074074074
6 0.37083333333333335 0.33796296296296297 0.022916666666666665 0.11481481481481481
2 0.4713541666666667 0.3074074074074074 0.16041666666666668 0.19444444444444445
0 0.3609375 0.6833333333333333 0.11145833333333334 0.15925925925925927
0 0.11354166666666667 0.6884259259259259 0.05625 0.10462962962962963