6 0.8072916666666666 0.38981481481481484 0.08854166666666667 0.23148148148148148
6 0.7411458333333333 0.5953703703703703 0.0875 0.5351851851851852
6 0.6940104166666666 0.5282407407407408 0.0796875 0.44722222222222224
6 0.41953125 0.6083333333333333 0.11302083333333333 0.6092592592592593
6 0.3606770833333333 0.5541666666666667 0.0796875 0.49907407407407406
6 0.3033854166666667 0.625 0.11927083333333334 0.5722222222222222
6 0.025260416666666667 0.538425925925926 0.0484375 0.29907407407407405
0 0.2 0.6759259259259259 0.19270833333333334 0.5740740740740741
0 0.8486979166666667 0.6435185185185185 0.1609375 0.4351851851851852
0 0.7020833333333333 0.5694444444444444 0.08645833333333333 0.31296296296296294
2 0.12578125 0.4527777777777778 0.10364583333333334 0.1925925925925926