6 0.20182291666666666 0.48055555555555557 0.033854166666666664 0.14444444444444443
6 0.3033854166666667 0.8148148148148148 0.04635416666666667 0.2574074074074074
6 0.35520833333333335 0.6819444444444445 0.052083333333333336 0.2324074074074074
6 0.3859375 0.35694444444444445 0.029166666666666667 0.16574074074074074
6 0.3463541666666667 0.35324074074074074 0.020833333333333332 0.15092592592592594
6 0.5388020833333333 0.37407407407407406 0.0265625 0.14074074074074075
6 0.5638020833333334 0.30324074074074076 0.022395833333333334 0.15092592592592594
2 0.6169270833333333 0.6 0.24947916666666667 0.3037037037037037
2 0.6088541666666667 0.36157407407407405 0.109375 0.15462962962962962
2 0.46510416666666665 0.3226851851851852 0.13645833333333332 0.16018518518518518
0 0.21796875 0.5481481481481482 0.049479166666666664 0.0962962962962963
0 0.3690104166666667 0.7379629629629629 0.1203125 0.17222222222222222