0 0.356504 0.602742 0.126563 0.180556
0 0.198041 0.788221 0.097656 0.226389
0 0.114749 0.713146 0.053125 0.123611
0 0.271086 0.594494 0.051562 0.113889
0 0.582057 0.250036 0.079687 0.083333
6 0.356624 0.581967 0.055469 0.216667
6 0.25059 0.534115 0.046094 0.2125
6 0.200352 0.770818 0.061719 0.191667
6 0.096947 0.618962 0.06875 0.176389
6 0.394046 0.351804 0.035156 0.181944
6 0.775567 0.34366 0.027344 0.126389
2 0.611447 0.354972 0.119531 0.197222
2 0.96067 0.508974 0.076563 0.211111
0 0.034375 0.745833 0.048437 0.119444
6 0.026172 0.496528 0.035156 0.159722