6 0.88125 0.4912037037037037 0.03958333333333333 0.18981481481481483
6 0.9174479166666667 0.3587962962962963 0.0359375 0.14351851851851852
6 0.7369791666666666 0.3726851851851852 0.022916666666666665 0.16018518518518518
6 0.30807291666666664 0.5685185185185185 0.058854166666666666 0.2351851851851852
6 0.21302083333333333 0.5555555555555556 0.03958333333333333 0.2222222222222222
6 0.24739583333333334 0.4759259259259259 0.03854166666666667 0.10740740740740741
6 0.296875 0.8476851851851852 0.0625 0.22314814814814815
6 0.259375 0.9032407407407408 0.09895833333333333 0.18055555555555555
2 0.8145833333333333 0.4666666666666667 0.12083333333333333 0.22407407407407406
0 0.265625 0.6314814814814815 0.053125 0.17037037037037037
0 0.25364583333333335 0.9347222222222222 0.15 0.1175925925925926