6 0.8380208333333333 0.5583333333333333 0.175 0.6833333333333333
6 0.7390625 0.5037037037037037 0.10833333333333334 0.4740740740740741
6 0.66171875 0.43333333333333335 0.0640625 0.26666666666666666
6 0.6434895833333333 0.5930555555555556 0.08697916666666666 0.5175925925925926
6 0.40390625 0.6074074074074074 0.11927083333333334 0.6240740740740741
6 0.278125 0.5912037037037037 0.234375 0.7231481481481481
6 0.34010416666666665 0.3814814814814815 0.08125 0.25555555555555554
6 0.16484375 0.4601851851851852 0.0359375 0.19814814814814816
0 0.846875 0.6768518518518518 0.18020833333333333 0.6092592592592593
0 0.24010416666666667 0.6967592592592593 0.19479166666666667 0.5768518518518518
0 0.74375 0.5717592592592593 0.13958333333333334 0.3861111111111111