6 0.8015625 0.5060185185185185 0.11354166666666667 0.46944444444444444
6 0.7122395833333334 0.5763888888888888 0.1078125 0.5435185185185185
6 0.7049479166666667 0.5407407407407407 0.10885416666666667 0.42962962962962964
6 0.40546875 0.5138888888888888 0.10677083333333333 0.44074074074074077
6 0.35390625 0.5606481481481481 0.1015625 0.49907407407407406
6 0.29583333333333334 0.6277777777777778 0.15104166666666666 0.6333333333333333
6 0.22447916666666667 0.4537037037037037 0.052083333333333336 0.19444444444444445
6 0.049479166666666664 0.525 0.08645833333333333 0.362962962962963
6 0.15833333333333333 0.4949074074074074 0.040625 0.18611111111111112
0 0.83671875 0.6458333333333334 0.18489583333333334 0.44722222222222224
0 0.4049479166666667 0.5791666666666667 0.08489583333333334 0.33611111111111114
0 0.19244791666666666 0.6791666666666667 0.15989583333333332 0.5675925925925925