2 0.9622395833333334 0.5060185185185185 0.0734375 0.21203703703703702
2 0.5817708333333333 0.3990740740740741 0.146875 0.19074074074074074
0 0.3255208333333333 0.5944444444444444 0.10625 0.1962962962962963
0 0.22864583333333333 0.5518518518518518 0.08125 0.17592592592592593
0 0.08802083333333334 0.6689814814814815 0.059375 0.14351851851851852
6 0.0453125 0.649074074074074 0.034375 0.21851851851851853
6 0.090625 0.6023148148148149 0.057291666666666664 0.18981481481481483
6 0.21432291666666667 0.5152777777777777 0.0421875 0.17685185185185184
6 0.31197916666666664 0.5791666666666667 0.057291666666666664 0.2324074074074074
6 0.5497395833333333 0.2671296296296296 0.0234375 0.10833333333333334
6 0.7348958333333333 0.38055555555555554 0.026041666666666668 0.1648148148148148