6 0.7994791666666666 0.5333333333333333 0.153125 0.5407407407407407
6 0.6489583333333333 0.5800925925925926 0.06666666666666667 0.600925925925926
6 0.7059895833333333 0.5916666666666667 0.08489583333333334 0.5740740740740741
6 0.43854166666666666 0.5791666666666667 0.08958333333333333 0.5509259259259259
6 0.4010416666666667 0.4791666666666667 0.06875 0.3453703703703704
6 0.3346354166666667 0.5560185185185185 0.13177083333333334 0.49537037037037035
6 0.10078125 0.6064814814814815 0.10677083333333333 0.5648148148148148
6 0.25833333333333336 0.4625 0.04583333333333333 0.17685185185185184
6 0.21119791666666668 0.4449074074074074 0.0328125 0.17685185185185184
0 0.22083333333333333 0.6361111111111111 0.20520833333333333 0.5666666666666667
0 0.30859375 0.6129629629629629 0.11510416666666666 0.39444444444444443
0 0.39947916666666666 0.5847222222222223 0.07708333333333334 0.29907407407407405
0 0.8536458333333333 0.6449074074074074 0.196875 0.4101851851851852