6 0.784375 0.5032407407407408 0.040625 0.18796296296296297
6 0.7046875 0.49953703703703706 0.041666666666666664 0.18611111111111112
6 0.6236979166666666 0.4449074074074074 0.0359375 0.14537037037037037
6 0.4549479166666667 0.5236111111111111 0.0390625 0.20277777777777778
6 0.37265625 0.337037037037037 0.0234375 0.13518518518518519
6 0.20885416666666667 0.5138888888888888 0.04791666666666667 0.13518518518518519
6 0.08619791666666667 0.5694444444444444 0.044270833333333336 0.12037037037037036
6 0.2635416666666667 0.5120370370370371 0.04375 0.2074074074074074
2 0.6049479166666667 0.38425925925925924 0.1203125 0.1814814814814815
2 0.48359375 0.32175925925925924 0.1328125 0.16944444444444445
2 0.8125 0.4703703703703704 0.09895833333333333 0.1962962962962963
2 0.95625 0.5541666666666667 0.08541666666666667 0.2861111111111111
0 0.24322916666666666 0.5819444444444445 0.05520833333333333 0.11574074074074074
0 0.06744791666666666 0.6449074074074074 0.1046875 0.1527777777777778