6 0.07838541666666667 0.5027777777777778 0.04739583333333333 0.2351851851851852
6 0.19921875 0.6555555555555556 0.2203125 0.65
6 0.37578125 0.5782407407407407 0.07760416666666667 0.5175925925925926
6 0.32473958333333336 0.5342592592592592 0.1078125 0.45555555555555555
6 0.4265625 0.5171296296296296 0.078125 0.43425925925925923
6 0.6783854166666666 0.5648148148148148 0.1046875 0.512962962962963
6 0.7580729166666667 0.5277777777777778 0.09947916666666666 0.49074074074074076
0 0.79296875 0.625 0.21822916666666667 0.38333333333333336
0 0.63359375 0.586574074074074 0.043229166666666666 0.30833333333333335
0 0.42578125 0.5888888888888889 0.0828125 0.3425925925925926
0 0.2950520833333333 0.6273148148148148 0.1203125 0.42314814814814816
0 0.16223958333333333 0.7240740740740741 0.18177083333333333 0.5481481481481482