6 0.7734375 0.4078703703703704 0.03333333333333333 0.1638888888888889
6 0.7473958333333334 0.3925925925925926 0.020833333333333332 0.15925925925925927
6 0.4119791666666667 0.2810185185185185 0.022916666666666665 0.1287037037037037
6 0.44895833333333335 0.6546296296296297 0.05416666666666667 0.2111111111111111
6 0.4153645833333333 0.6578703703703703 0.0609375 0.2564814814814815
6 0.31484375 0.5717592592592593 0.034895833333333334 0.225
6 0.19973958333333333 0.4861111111111111 0.030729166666666665 0.15555555555555556
6 0.19947916666666668 0.40925925925925927 0.034375 0.12222222222222222
0 0.4200520833333333 0.6787037037037037 0.13489583333333333 0.2111111111111111
0 0.31197916666666664 0.6148148148148148 0.096875 0.17222222222222222
0 0.06432291666666666 0.4777777777777778 0.03802083333333333 0.1037037037037037