6 0.12213541666666666 0.6273148148148148 0.0671875 0.2175925925925926
6 0.05546875 0.6083333333333333 0.0453125 0.22037037037037038
6 0.22760416666666666 0.5055555555555555 0.04583333333333333 0.17037037037037037
6 0.19869791666666667 0.475462962962963 0.0390625 0.14722222222222223
6 0.32421875 0.5791666666666667 0.05572916666666667 0.21388888888888888
6 0.41848958333333336 0.2814814814814815 0.022395833333333334 0.10740740740740741
6 0.73125 0.42268518518518516 0.022916666666666665 0.15092592592592594
6 0.79609375 0.48194444444444445 0.04114583333333333 0.2064814814814815
2 0.81640625 0.43842592592592594 0.0953125 0.1935185185185185
2 0.9598958333333333 0.5074074074074074 0.078125 0.23148148148148148
2 0.5908854166666667 0.39814814814814814 0.1203125 0.2
0 0.05546875 0.6138888888888889 0.0953125 0.0962962962962963
0 0.14817708333333332 0.6810185185185185 0.13385416666666666 0.1287037037037037
0 0.3294270833333333 0.6111111111111112 0.0890625 0.15555555555555556
0 0.22109375 0.55 0.08072916666666667 0.13333333333333333