6 0.15703125 0.4722222222222222 0.0328125 0.1925925925925926
6 0.13072916666666667 0.46574074074074073 0.029166666666666667 0.18333333333333332
6 0.375 0.5717592592592593 0.10104166666666667 0.5138888888888888
6 0.31536458333333334 0.4898148148148148 0.059895833333333336 0.30925925925925923
6 0.4427083333333333 0.537962962962963 0.08854166666666667 0.43703703703703706
6 0.5567708333333333 0.5958333333333333 0.128125 0.7842592592592592
6 0.6861979166666666 0.6046296296296296 0.09947916666666666 0.4740740740740741
6 0.9450520833333333 0.5550925925925926 0.09010416666666667 0.5453703703703704
0 0.2903645833333333 0.6712962962962963 0.15885416666666666 0.37962962962962965
0 0.5294270833333333 0.7092592592592593 0.3223958333333333 0.5648148148148148
0 0.90234375 0.625 0.17864583333333334 0.5203703703703704
0 0.721875 0.4625 0.06145833333333333 0.10648148148148148