6 0.071875 0.6481481481481481 0.04895833333333333 0.22037037037037038
6 0.090625 0.575 0.029166666666666667 0.14444444444444443
6 0.34401041666666665 0.5259259259259259 0.0421875 0.22407407407407406
6 0.4140625 0.31666666666666665 0.020833333333333332 0.13333333333333333
6 0.7276041666666667 0.4685185185185185 0.03333333333333333 0.19444444444444445
6 0.87578125 0.5148148148148148 0.033854166666666664 0.2037037037037037
6 0.2643229166666667 0.5125 0.03802083333333333 0.19907407407407407
2 0.9557291666666666 0.5592592592592592 0.08645833333333333 0.2833333333333333
2 0.8122395833333333 0.4861111111111111 0.09635416666666667 0.23333333333333334
2 0.6028645833333334 0.3902777777777778 0.12447916666666667 0.18611111111111112
2 0.48515625 0.32685185185185184 0.1296875 0.16296296296296298
0 0.26614583333333336 0.7574074074074074 0.15625 0.1685185185185185
0 0.06848958333333334 0.6476851851851851 0.10260416666666666 0.13796296296296295
0 0.25052083333333336 0.575 0.059375 0.0962962962962963