6 0.6989583333333333 0.8532407407407407 0.084375 0.19907407407407407
6 0.48515625 0.6620370370370371 0.06197916666666667 0.18333333333333332
6 0.5403645833333334 0.3699074074074074 0.027604166666666666 0.1398148148148148
6 0.828125 0.35138888888888886 0.034375 0.1287037037037037
6 0.40572916666666664 0.30092592592592593 0.025 0.11666666666666667
6 0.2638020833333333 0.5273148148148148 0.049479166666666664 0.21388888888888888
2 0.6080729166666666 0.3675925925925926 0.1296875 0.18703703703703703
2 0.46536458333333336 0.32592592592592595 0.1359375 0.17037037037037037
0 0.684375 0.9009259259259259 0.171875 0.18518518518518517
0 0.48802083333333335 0.7268518518518519 0.13854166666666667 0.15555555555555556
0 0.23567708333333334 0.5583333333333333 0.059895833333333336 0.1111111111111111