6 0.23932291666666666 0.5199074074074074 0.0734375 0.4675925925925926
6 0.4375 0.5847222222222223 0.07083333333333333 0.5824074074074074
6 0.37734375 0.4486111111111111 0.11822916666666666 0.30092592592592593
6 0.11536458333333334 0.4898148148148148 0.0484375 0.26296296296296295
6 0.058333333333333334 0.49074074074074076 0.053125 0.2462962962962963
6 0.6994791666666667 0.5606481481481481 0.07916666666666666 0.4861111111111111
6 0.7580729166666667 0.39814814814814814 0.049479166666666664 0.20555555555555555
6 0.8643229166666667 0.524537037037037 0.07447916666666667 0.5416666666666666
0 0.36171875 0.5837962962962963 0.0953125 0.35833333333333334
0 0.8052083333333333 0.6060185185185185 0.171875 0.4564814814814815
0 0.7458333333333333 0.5486111111111112 0.07395833333333333 0.32314814814814813