6 0.07317708333333334 0.5083333333333333 0.0609375 0.2388888888888889
6 0.15989583333333332 0.47638888888888886 0.05625 0.19166666666666668
6 0.29401041666666666 0.3912037037037037 0.11197916666666667 0.20092592592592592
6 0.3854166666666667 0.4185185185185185 0.09166666666666666 0.19444444444444445
6 0.47552083333333334 0.5898148148148148 0.18958333333333333 0.8037037037037037
6 0.6223958333333334 0.6152777777777778 0.13645833333333332 0.7490740740740741
6 0.7205729166666667 0.5601851851851852 0.08489583333333334 0.5351851851851852
6 0.8184895833333333 0.5203703703703704 0.11927083333333334 0.5592592592592592
0 0.8526041666666667 0.6152777777777778 0.234375 0.44722222222222224
0 0.39010416666666664 0.7703703703703704 0.634375 0.4425925925925926
0 0.28932291666666665 0.55 0.14947916666666666 0.22037037037037038