6 0.9447916666666667 0.5314814814814814 0.08958333333333333 0.4537037037037037
6 0.8221354166666667 0.4078703703703704 0.10052083333333334 0.27314814814814814
6 0.7427083333333333 0.6055555555555555 0.12604166666666666 0.6981481481481482
6 0.64609375 0.43657407407407406 0.10052083333333334 0.23796296296296296
6 0.63203125 0.3921296296296296 0.05572916666666667 0.20277777777777778
6 0.3033854166666667 0.6402777777777777 0.12864583333333332 0.6342592592592593
6 0.36796875 0.5949074074074074 0.09322916666666667 0.5675925925925925
6 0.415625 0.5222222222222223 0.08125 0.43703703703703706
6 0.22734375 0.44722222222222224 0.0390625 0.17777777777777778
6 0.05755208333333333 0.5958333333333333 0.10989583333333333 0.6175925925925926
0 0.8463541666666666 0.6763888888888889 0.08854166666666667 0.3472222222222222
0 0.3731770833333333 0.5875 0.16927083333333334 0.3972222222222222
0 0.6817708333333333 0.7703703703703704 0.2552083333333333 0.4425925925925926
0 0.20182291666666666 0.6731481481481482 0.17447916666666666 0.5888888888888889