6 0.5065104166666666 0.2574074074074074 0.021354166666666667 0.1111111111111111
6 0.7322916666666667 0.3902777777777778 0.01875 0.13425925925925927
6 0.47109375 0.6662037037037037 0.06510416666666667 0.22685185185185186
6 0.309375 0.6055555555555555 0.04895833333333333 0.24074074074074073
6 0.20651041666666667 0.7245370370370371 0.0703125 0.23796296296296296
6 0.23177083333333334 0.4925925925925926 0.041666666666666664 0.13333333333333333
6 0.09322916666666667 0.6087962962962963 0.04583333333333333 0.18055555555555555
2 0.81484375 0.45694444444444443 0.09427083333333333 0.175
2 0.9572916666666667 0.5194444444444445 0.08333333333333333 0.2037037037037037
0 0.47161458333333334 0.7291666666666666 0.1421875 0.18981481481481483
0 0.31979166666666664 0.6361111111111111 0.1125 0.14814814814814814
0 0.23880208333333333 0.5509259259259259 0.0796875 0.10555555555555556
0 0.11744791666666667 0.6907407407407408 0.0703125 0.12222222222222222