6 0.18723958333333332 0.6972222222222222 0.0515625 0.1537037037037037
6 0.14036458333333332 0.6731481481481482 0.0484375 0.15185185185185185
6 0.09166666666666666 0.6305555555555555 0.040625 0.22407407407407406
6 0.2265625 0.5023148148148148 0.03125 0.1527777777777778
6 0.30911458333333336 0.5893518518518519 0.050520833333333334 0.21203703703703702
6 0.47630208333333335 0.6902777777777778 0.07447916666666667 0.2361111111111111
6 0.73515625 0.387037037037037 0.030729166666666665 0.12777777777777777
6 0.9080729166666667 0.8888888888888888 0.08072916666666667 0.20555555555555555
2 0.95859375 0.5027777777777778 0.08072916666666667 0.18333333333333332
2 0.47369791666666666 0.29953703703703705 0.1609375 0.18796296296296297
0 0.09244791666666667 0.6527777777777778 0.09322916666666667 0.07222222222222222
0 0.15598958333333332 0.7810185185185186 0.1296875 0.125
0 0.31744791666666666 0.6305555555555555 0.10989583333333333 0.16296296296296298
0 0.4830729166666667 0.7282407407407407 0.13489583333333333 0.1638888888888889
0 0.8934895833333333 0.9273148148148148 0.17864583333333334 0.09351851851851851