6 0.36015625 0.7342592592592593 0.0515625 0.27037037037037037
6 0.7401041666666667 0.5736111111111111 0.05625 0.22870370370370371
6 0.7830729166666667 0.5064814814814815 0.05260416666666667 0.2074074074074074
6 0.9505208333333334 0.5773148148148148 0.051041666666666666 0.19722222222222222
6 0.7223958333333333 0.4689814814814815 0.030208333333333334 0.16018518518518518
6 0.153125 0.6662037037037037 0.059375 0.2490740740740741
6 0.10104166666666667 0.5703703703703704 0.04479166666666667 0.20185185185185187
6 0.03463541666666667 0.6129629629629629 0.06197916666666667 0.22037037037037038
2 0.8244791666666667 0.4634259259259259 0.15520833333333334 0.19722222222222222
0 0.059895833333333336 0.6351851851851852 0.071875 0.1425925925925926
0 0.16744791666666667 0.7199074074074074 0.10260416666666666 0.13796296296296295
0 0.3567708333333333 0.750462962962963 0.153125 0.1935185185185185