6 0.7388020833333333 0.5342592592592592 0.11302083333333333 0.5444444444444444
6 0.6768229166666667 0.5967592592592592 0.10677083333333333 0.5731481481481482
6 0.6244791666666667 0.4962962962962963 0.059375 0.3888888888888889
6 0.3294270833333333 0.6023148148148149 0.14114583333333333 0.6268518518518519
6 0.17369791666666667 0.6032407407407407 0.13072916666666667 0.5583333333333333
6 0.21953125 0.5055555555555555 0.05572916666666667 0.2814814814814815
6 0.3932291666666667 0.5717592592592593 0.071875 0.4564814814814815
6 0.40260416666666665 0.48518518518518516 0.08958333333333333 0.4111111111111111
0 0.7643229166666666 0.6018518518518519 0.15885416666666666 0.5
0 0.2838541666666667 0.7148148148148148 0.11145833333333334 0.3888888888888889
0 0.41796875 0.5851851851851851 0.04114583333333333 0.3537037037037037
2 0.8606770833333334 0.4625 0.14947916666666666 0.24722222222222223