6 0.14661458333333333 0.4740740740740741 0.0828125 0.30185185185185187
6 0.378125 0.44814814814814813 0.121875 0.3351851851851852
6 0.44375 0.4736111111111111 0.075 0.33425925925925926
6 0.6393229166666666 0.6754629629629629 0.18177083333333333 0.625
6 0.8546875 0.5453703703703704 0.13020833333333334 0.5611111111111111
6 0.77421875 0.5203703703703704 0.12135416666666667 0.45925925925925926
6 0.7098958333333333 0.43194444444444446 0.13854166666666667 0.24166666666666667
0 0.10338541666666666 0.6425925925925926 0.1546875 0.4444444444444444
0 0.27265625 0.6370370370370371 0.14114583333333333 0.5481481481481482
0 0.5401041666666667 0.750462962962963 0.37604166666666666 0.4601851851851852
0 0.796875 0.6143518518518518 0.15416666666666667 0.44907407407407407
6 0.8348958333333333 0.33055555555555555 0.32395833333333335 0.6462962962962963