6 0.1328125 0.6152777777777778 0.11354166666666667 0.5694444444444444
6 0.23125 0.47453703703703703 0.036458333333333336 0.18796296296296297
6 0.3299479166666667 0.5523148148148148 0.13489583333333333 0.49537037037037035
6 0.38984375 0.4685185185185185 0.07447916666666667 0.31666666666666665
6 0.434375 0.5981481481481481 0.09166666666666666 0.5611111111111111
6 0.64765625 0.575925925925926 0.09010416666666667 0.5740740740740741
6 0.7015625 0.5782407407407407 0.071875 0.5083333333333333
6 0.80390625 0.5407407407407407 0.1515625 0.5388888888888889
0 0.8330729166666667 0.6166666666666667 0.23072916666666668 0.4666666666666667
0 0.22161458333333334 0.6458333333333334 0.2140625 0.5342592592592592
0 0.3177083333333333 0.600925925925926 0.13229166666666667 0.3888888888888889
0 0.3997395833333333 0.5893518518518519 0.07447916666666667 0.3472222222222222