6 0.31875 0.5574074074074075 0.0375 0.24814814814814815
6 0.25104166666666666 0.5472222222222223 0.04583333333333333 0.2074074074074074
6 0.21484375 0.49722222222222223 0.0328125 0.15
6 0.096875 0.6296296296296297 0.03854166666666667 0.22777777777777777
6 0.7544270833333333 0.3962962962962963 0.0265625 0.1574074074074074
6 0.7361979166666667 0.3888888888888889 0.021354166666666667 0.14444444444444443
6 0.41640625 0.26481481481481484 0.016145833333333335 0.0962962962962963
2 0.82109375 0.44722222222222224 0.0984375 0.1814814814814815
2 0.475 0.32685185185185184 0.13125 0.16296296296296298
0 0.33151041666666664 0.6194444444444445 0.10260416666666666 0.12407407407407407
0 0.10833333333333334 0.6754629629629629 0.11875 0.15648148148148147