6 0.054427083333333334 0.5365740740740741 0.07552083333333333 0.29907407407407405
6 0.13385416666666666 0.6226851851851852 0.08333333333333333 0.5712962962962963
6 0.2721354166666667 0.44583333333333336 0.06302083333333333 0.18796296296296297
6 0.3296875 0.5314814814814814 0.10625 0.4666666666666667
6 0.3809895833333333 0.5935185185185186 0.10052083333333334 0.5740740740740741
6 0.4192708333333333 0.5208333333333334 0.084375 0.4324074074074074
6 0.68046875 0.5212962962962963 0.11302083333333333 0.4388888888888889
6 0.61953125 0.41064814814814815 0.033854166666666664 0.1787037037037037
6 0.7546875 0.5782407407407407 0.09166666666666666 0.5342592592592592
6 0.8356770833333333 0.475462962962963 0.12864583333333332 0.43425925925925923
0 0.23177083333333334 0.6282407407407408 0.17291666666666666 0.49537037037037035
0 0.31171875 0.5925925925925926 0.10677083333333333 0.362962962962963
0 0.44088541666666664 0.575 0.058854166666666666 0.3314814814814815
0 0.8677083333333333 0.6097222222222223 0.16041666666666668 0.475
0 0.67265625 0.5717592592592593 0.1109375 0.35648148148148145
2 0.21041666666666667 0.4675925925925926 0.07708333333333334 0.17037037037037037