6 0.92421875 0.3263888888888889 0.030729166666666665 0.1175925925925926
6 0.79140625 0.36435185185185187 0.028645833333333332 0.15092592592592594
6 0.73671875 0.37453703703703706 0.024479166666666666 0.1527777777777778
6 0.4942708333333333 0.26990740740740743 0.020833333333333332 0.11574074074074074
6 0.41484375 0.27361111111111114 0.021354166666666667 0.12314814814814815
6 0.22604166666666667 0.4930555555555556 0.04375 0.17685185185185184
6 0.22057291666666667 0.7490740740740741 0.05677083333333333 0.23148148148148148
6 0.1796875 0.7041666666666667 0.05625 0.23796296296296296
6 0.03125 0.649074074074074 0.053125 0.2740740740740741
0 0.078125 0.6717592592592593 0.0625 0.14166666666666666
0 0.19557291666666668 0.736574074074074 0.14427083333333332 0.16203703703703703
0 0.2265625 0.5430555555555555 0.09583333333333334 0.15462962962962962