6 0.07734375 0.6537037037037037 0.0671875 0.21851851851851853
6 0.10494791666666667 0.5884259259259259 0.050520833333333334 0.1527777777777778
6 0.24166666666666667 0.5277777777777778 0.03229166666666667 0.2074074074074074
6 0.23671875 0.45046296296296295 0.03177083333333333 0.0824074074074074
6 0.19270833333333334 0.4703703703703704 0.03333333333333333 0.08703703703703704
6 0.7932291666666667 0.3106481481481482 0.01875 0.06574074074074074
6 0.9291666666666667 0.500462962962963 0.022916666666666665 0.18425925925925926
2 0.96796875 0.4962962962962963 0.06197916666666667 0.1962962962962963
2 0.8083333333333333 0.45925925925925926 0.10833333333333334 0.20185185185185187
2 0.46796875 0.32175925925925924 0.12447916666666667 0.20092592592592592
0 0.090625 0.6916666666666667 0.1 0.12962962962962962