0 0.540625 0.879167 0.192188 0.236111
0 0.127344 0.752083 0.101562 0.223611
0 0.230859 0.527083 0.075781 0.176389
0 0.053906 0.640278 0.04375 0.127778
6 0.527344 0.849306 0.051562 0.290278
6 0.625391 0.697222 0.061719 0.283333
6 0.496875 0.689583 0.05 0.156944
6 0.446875 0.730556 0.06875 0.291667
6 0.114063 0.702083 0.059375 0.193056
6 0.096484 0.55625 0.047656 0.134722
6 0.23125 0.509028 0.05625 0.204167
6 0.532422 0.249306 0.036719 0.131944
6 0.732813 0.3875 0.029687 0.175
6 0.644922 0.290278 0.027344 0.141667
6 0.782031 0.335417 0.023438 0.120833