6 0.97734375 0.5814814814814815 0.043229166666666666 0.1962962962962963
6 0.7361979166666667 0.4083333333333333 0.030729166666666665 0.14629629629629629
6 0.425 0.6962962962962963 0.07083333333333333 0.22962962962962963
6 0.37083333333333335 0.7527777777777778 0.06770833333333333 0.2388888888888889
6 0.39427083333333335 0.6578703703703703 0.07395833333333333 0.262037037037037
6 0.5328125 0.2689814814814815 0.023958333333333335 0.11388888888888889
6 0.19791666666666666 0.4546296296296296 0.03125 0.11851851851851852
6 0.03671875 0.36527777777777776 0.034895833333333334 0.10092592592592593
6 0.10520833333333333 0.5888888888888889 0.04791666666666667 0.17222222222222222
6 0.03619791666666667 0.6393518518518518 0.05572916666666667 0.20277777777777778
2 0.965625 0.5259259259259259 0.06666666666666667 0.2037037037037037
2 0.5986979166666667 0.375 0.12552083333333333 0.18518518518518517
0 0.07369791666666667 0.6569444444444444 0.0515625 0.09351851851851851
0 0.2203125 0.5509259259259259 0.042708333333333334 0.09259259259259259
0 0.43385416666666665 0.7212962962962963 0.09583333333333334 0.1259259259259259