6 0.090625 0.4930555555555556 0.057291666666666664 0.24166666666666667
6 0.22265625 0.6175925925925926 0.2265625 0.7481481481481481
6 0.434375 0.6273148148148148 0.14583333333333334 0.6638888888888889
6 0.33697916666666666 0.5157407407407407 0.103125 0.43703703703703706
6 0.66796875 0.5787037037037037 0.08489583333333334 0.5370370370370371
6 0.7369791666666666 0.5060185185185185 0.0625 0.42685185185185187
6 0.8408854166666667 0.5263888888888889 0.20677083333333332 0.6287037037037037
0 0.19921875 0.7175925925925926 0.2234375 0.5351851851851852
0 0.33307291666666666 0.6458333333333334 0.10885416666666667 0.39537037037037037
0 0.8489583333333334 0.6435185185185185 0.190625 0.5166666666666667
6 0.8432291666666667 0.30925925925925923 0.31145833333333334 0.5962962962962963