6 0.7200520833333334 0.5578703703703703 0.10260416666666666 0.5064814814814815
6 0.7682291666666666 0.425 0.08020833333333334 0.3037037037037037
6 0.3924479166666667 0.575 0.12864583333333332 0.524074074074074
6 0.31197916666666664 0.525 0.08125 0.4148148148148148
6 0.14036458333333332 0.6476851851851851 0.22135416666666666 0.675
6 0.42473958333333334 0.5171296296296296 0.07447916666666667 0.4305555555555556
0 0.29192708333333334 0.6643518518518519 0.1390625 0.39351851851851855
0 0.11796875 0.7319444444444444 0.21302083333333333 0.5027777777777778
0 0.43385416666666665 0.5819444444444445 0.0625 0.32314814814814813
0 0.63203125 0.6046296296296296 0.05572916666666667 0.29074074074074074
0 0.8234375 0.6032407407407407 0.15 0.4009259259259259