6 0.029427083333333333 0.6138888888888889 0.0578125 0.65
6 0.10260416666666666 0.6152777777777778 0.10625 0.5953703703703703
6 0.2877604166666667 0.6101851851851852 0.10677083333333333 0.6074074074074074
6 0.346875 0.5685185185185185 0.10833333333333334 0.4981481481481482
6 0.4088541666666667 0.5115740740740741 0.10729166666666666 0.4546296296296296
6 0.44296875 0.49722222222222223 0.0734375 0.37777777777777777
6 0.6177083333333333 0.43333333333333335 0.03854166666666667 0.21851851851851853
6 0.6690104166666667 0.524537037037037 0.0765625 0.44537037037037036
6 0.7341145833333333 0.5782407407407407 0.1265625 0.5472222222222223
6 0.8278645833333333 0.42777777777777776 0.1265625 0.3296296296296296
0 0.8515625 0.6194444444444445 0.1875 0.4777777777777778
0 0.6755208333333333 0.5638888888888889 0.134375 0.34074074074074073
0 0.40963541666666664 0.5879629629629629 0.0984375 0.337037037037037
0 0.18984375 0.649074074074074 0.1296875 0.5592592592592592