6 0.47239583333333335 0.3726851851851852 0.029166666666666667 0.16018518518518518
6 0.6145833333333334 0.6481481481481481 0.041666666666666664 0.22407407407407406
6 0.69609375 0.6087962962962963 0.050520833333333334 0.2064814814814815
6 0.28671875 0.7754629629629629 0.07552083333333333 0.2657407407407407
6 0.12682291666666667 0.6194444444444445 0.05364583333333333 0.19444444444444445
6 0.2078125 0.4861111111111111 0.035416666666666666 0.14629629629629629
6 0.05677083333333333 0.625 0.03958333333333333 0.2351851851851852
6 0.8828125 0.2865740740740741 0.016666666666666666 0.11018518518518519
6 0.9005208333333333 0.2986111111111111 0.023958333333333335 0.11944444444444445
2 0.48802083333333335 0.3106481481481482 0.159375 0.1398148148148148
2 0.46458333333333335 0.17962962962962964 0.13541666666666666 0.10925925925925926
0 0.29348958333333336 0.8106481481481481 0.1671875 0.22685185185185186
0 0.07291666666666667 0.6675925925925926 0.09375 0.10185185185185185
0 0.21875 0.5421296296296296 0.090625 0.12685185185185185