6 0.8119791666666667 0.5393518518518519 0.13333333333333333 0.5305555555555556
6 0.728125 0.5694444444444444 0.10833333333333334 0.5444444444444444
6 0.6765625 0.5347222222222222 0.06770833333333333 0.5175925925925926
6 0.17734375 0.5935185185185186 0.09010416666666667 0.587037037037037
6 0.28229166666666666 0.6175925925925926 0.203125 0.6259259259259259
6 0.37395833333333334 0.5694444444444444 0.115625 0.5481481481481482
6 0.44140625 0.5092592592592593 0.08072916666666667 0.3574074074074074
0 0.8184895833333333 0.6425925925925926 0.1484375 0.4185185185185185
0 0.44505208333333335 0.6023148148148149 0.09010416666666667 0.31203703703703706
0 0.26067708333333334 0.7180555555555556 0.1609375 0.5305555555555556
6 0.8450520833333334 0.30092592592592593 0.3015625 0.5962962962962963