6 0.73203125 0.39166666666666666 0.0171875 0.13518518518518519
6 0.47552083333333334 0.6754629629629629 0.06354166666666666 0.20462962962962963
6 0.5372395833333333 0.24953703703703703 0.0234375 0.12314814814814815
6 0.409375 0.22453703703703703 0.021875 0.08425925925925926
6 0.31692708333333336 0.6097222222222223 0.0515625 0.23981481481481481
6 0.23411458333333332 0.5162037037037037 0.033854166666666664 0.175
6 0.24661458333333333 0.7222222222222222 0.034895833333333334 0.21296296296296297
6 0.20234375 0.7486111111111111 0.04635416666666667 0.27685185185185185
6 0.08854166666666667 0.6185185185185185 0.052083333333333336 0.22592592592592592
2 0.43333333333333335 0.41435185185185186 0.165625 0.23796296296296296
2 0.9536458333333333 0.5222222222222223 0.090625 0.1962962962962963
0 0.4739583333333333 0.7273148148148149 0.15729166666666666 0.19166666666666668
0 0.32109375 0.6282407407407408 0.1078125 0.1675925925925926
0 0.21510416666666668 0.7837962962962963 0.15416666666666667 0.1287037037037037
0 0.096875 0.6675925925925926 0.084375 0.12037037037037036