2 0.6130208333333333 0.3587962962962963 0.140625 0.20092592592592592
2 0.83359375 0.45740740740740743 0.11510416666666666 0.24444444444444444
0 0.28984375 0.575462962962963 0.09947916666666666 0.20092592592592592
0 0.18359375 0.7037037037037037 0.10677083333333333 0.1574074074074074
0 0.07005208333333333 0.674537037037037 0.06614583333333333 0.15092592592592594
6 0.7276041666666667 0.4351851851851852 0.034375 0.1648148148148148
6 0.7403645833333333 0.3365740740740741 0.022395833333333334 0.14907407407407408
6 0.2765625 0.5416666666666666 0.046875 0.21851851851851853
6 0.15520833333333334 0.6652777777777777 0.052083333333333336 0.2212962962962963
6 0.05859375 0.6259259259259259 0.050520833333333334 0.23333333333333334
6 0.09296875 0.5564814814814815 0.0359375 0.18518518518518517
6 0.20182291666666666 0.5287037037037037 0.033854166666666664 0.1962962962962963