6 0.7723958333333333 0.4787037037037037 0.046875 0.1925925925925926
6 0.7276041666666667 0.4634259259259259 0.041666666666666664 0.1527777777777778
6 0.73671875 0.3912037037037037 0.024479166666666666 0.1361111111111111
6 0.7575520833333333 0.37777777777777777 0.021354166666666667 0.13333333333333333
6 0.2877604166666667 0.3662037037037037 0.0265625 0.14537037037037037
6 0.41822916666666665 0.2875 0.025 0.14166666666666666
6 0.22864583333333333 0.4888888888888889 0.04479166666666667 0.14629629629629629
6 0.13828125 0.7185185185185186 0.05260416666666667 0.21851851851851853
6 0.11510416666666666 0.5912037037037037 0.04895833333333333 0.1824074074074074
2 0.8145833333333333 0.44212962962962965 0.08854166666666667 0.18796296296296297
2 0.6091145833333333 0.3625 0.11302083333333333 0.18981481481481483
2 0.48880208333333336 0.30648148148148147 0.11510416666666666 0.1537037037037037
0 0.23359375 0.5550925925925926 0.09010416666666667 0.11388888888888889
0 0.16276041666666666 0.7856481481481481 0.1015625 0.18055555555555555