6 0.31614583333333335 0.4361111111111111 0.06145833333333333 0.23333333333333334
6 0.375 0.5699074074074074 0.11145833333333334 0.5305555555555556
6 0.15572916666666667 0.47314814814814815 0.03333333333333333 0.19814814814814816
6 0.4395833333333333 0.5638888888888889 0.08541666666666667 0.48148148148148145
6 0.55859375 0.5800925925925926 0.13697916666666668 0.7972222222222223
6 0.70234375 0.575 0.0734375 0.55
6 0.94375 0.5555555555555556 0.09270833333333334 0.55
0 0.9049479166666666 0.6226851851851852 0.1765625 0.5101851851851852
0 0.5153645833333333 0.700462962962963 0.30052083333333335 0.575
0 0.28958333333333336 0.6689814814814815 0.16041666666666668 0.3712962962962963
2 0.07083333333333333 0.49953703703703706 0.14166666666666666 0.2324074074074074