6 0.14140625 0.47129629629629627 0.03177083333333333 0.17777777777777778
6 0.21041666666666667 0.5805555555555556 0.08541666666666667 0.5259259259259259
6 0.3919270833333333 0.55 0.10052083333333334 0.5222222222222223
6 0.4283854166666667 0.5879629629629629 0.1203125 0.575925925925926
6 0.696875 0.5625 0.08125 0.5212962962962963
6 0.7388020833333333 0.41759259259259257 0.06614583333333333 0.21851851851851853
6 0.8151041666666666 0.41203703703703703 0.08958333333333333 0.35555555555555557
6 0.9104166666666667 0.47129629629629627 0.11458333333333333 0.3648148148148148
0 0.2716145833333333 0.6782407407407407 0.1703125 0.5564814814814815
0 0.79765625 0.5912037037037037 0.16822916666666668 0.4824074074074074
0 0.91640625 0.5814814814814815 0.1171875 0.3351851851851852