6 0.73984375 0.3814814814814815 0.03802083333333333 0.13703703703703704
6 0.6109375 0.5986111111111111 0.05625 0.2101851851851852
6 0.340625 0.6884259259259259 0.0625 0.2657407407407407
6 0.27369791666666665 0.5398148148148149 0.04114583333333333 0.24814814814814815
6 0.23072916666666668 0.5333333333333333 0.05416666666666667 0.18888888888888888
6 0.24401041666666667 0.28888888888888886 0.024479166666666666 0.1259259259259259
6 0.3697916666666667 0.38101851851851853 0.028125 0.1527777777777778
6 0.39114583333333336 0.3837962962962963 0.027083333333333334 0.16018518518518518
6 0.5755208333333334 0.2439814814814815 0.01875 0.10277777777777777
2 0.9559895833333333 0.6013888888888889 0.0796875 0.16574074074074074
2 0.8088541666666667 0.4393518518518518 0.103125 0.175
2 0.6078125 0.3574074074074074 0.115625 0.17222222222222222
2 0.29401041666666666 0.2828703703703704 0.06822916666666666 0.1527777777777778
0 0.35703125 0.7083333333333334 0.1171875 0.18333333333333332