6 0.4078125 0.5717592592592593 0.08541666666666667 0.5398148148148149
6 0.3296875 0.5356481481481481 0.109375 0.4583333333333333
6 0.46119791666666665 0.5018518518518519 0.0671875 0.3907407407407407
6 0.1859375 0.4791666666666667 0.028125 0.16203703703703703
6 0.23255208333333333 0.48194444444444445 0.030729166666666665 0.17685185185185184
6 0.0234375 0.5027777777777778 0.034375 0.22777777777777777
6 0.6322916666666667 0.4546296296296296 0.04791666666666667 0.17962962962962964
0 0.29661458333333335 0.6555555555555556 0.13697916666666668 0.4111111111111111
0 0.43385416666666665 0.6069444444444444 0.1125 0.3731481481481482
2 0.7080729166666667 0.45231481481481484 0.1140625 0.16574074074074074
2 0.12760416666666666 0.46064814814814814 0.09895833333333333 0.18981481481481483