6 0.8315104166666667 0.4023148148148148 0.11510416666666666 0.2712962962962963
6 0.7424479166666667 0.5740740740740741 0.11302083333333333 0.5222222222222223
6 0.6791666666666667 0.5185185185185185 0.11666666666666667 0.44074074074074077
6 0.6213541666666667 0.46064814814814814 0.052083333333333336 0.27314814814814814
6 0.4140625 0.5189814814814815 0.09895833333333333 0.4212962962962963
6 0.4395833333333333 0.5041666666666667 0.07708333333333334 0.36018518518518516
6 0.2875 0.6125 0.12291666666666666 0.5916666666666667
6 0.34427083333333336 0.5509259259259259 0.103125 0.5055555555555555
6 0.15078125 0.6041666666666666 0.15260416666666668 0.575
0 0.18515625 0.65 0.13489583333333333 0.5648148148148148
0 0.41848958333333336 0.5851851851851851 0.1015625 0.3648148148148148
0 0.33984375 0.5935185185185186 0.06510416666666667 0.3592592592592593
0 0.865625 0.6064814814814815 0.1625 0.4703703703703704
0 0.66640625 0.5518518518518518 0.08385416666666666 0.29444444444444445