6 0.05755208333333333 0.5675925925925925 0.09635416666666667 0.5703703703703704
6 0.17994791666666668 0.5300925925925926 0.11614583333333334 0.3509259259259259
6 0.29270833333333335 0.5388888888888889 0.15520833333333334 0.45740740740740743
6 0.42630208333333336 0.5875 0.11197916666666667 0.5898148148148148
6 0.70625 0.5694444444444444 0.09583333333333334 0.5222222222222223
6 0.89921875 0.5662037037037037 0.08802083333333334 0.5546296296296296
6 0.95 0.5236111111111111 0.07916666666666666 0.5731481481481482
0 0.8255208333333334 0.6337962962962963 0.16770833333333332 0.5361111111111111
0 0.29713541666666665 0.6513888888888889 0.17135416666666667 0.41944444444444445
0 0.17760416666666667 0.575 0.08645833333333333 0.26666666666666666
6 0.8536458333333333 0.33796296296296297 0.2864583333333333 0.6481481481481481