6 0.20364583333333333 0.663425925925926 0.19270833333333334 0.6564814814814814
6 0.11536458333333334 0.4625 0.03802083333333333 0.17685185185185184
6 0.31744791666666666 0.42962962962962964 0.06822916666666666 0.25
6 0.38984375 0.5814814814814815 0.1234375 0.4981481481481482
6 0.6609375 0.5583333333333333 0.11770833333333333 0.512962962962963
6 0.7591145833333334 0.5282407407407408 0.10052083333333334 0.5083333333333333
0 0.80234375 0.625462962962963 0.19114583333333332 0.4064814814814815
0 0.63203125 0.6129629629629629 0.059895833333333336 0.32592592592592595
0 0.30625 0.6328703703703704 0.11666666666666667 0.43425925925925923
0 0.1859375 0.7157407407407408 0.184375 0.5425925925925926
0 0.43046875 0.5884259259259259 0.06614583333333333 0.33611111111111114