6 0.82890625 0.5064814814814815 0.13489583333333333 0.5833333333333334
6 0.6166666666666667 0.6185185185185185 0.14375 0.75
6 0.46901041666666665 0.5879629629629629 0.1578125 0.7907407407407407
6 0.3263020833333333 0.39814814814814814 0.16197916666666667 0.20925925925925926
6 0.4239583333333333 0.3768518518518518 0.053125 0.13333333333333333
6 0.07265625 0.5115740740740741 0.07864583333333333 0.22314814814814815
6 0.2109375 0.4759259259259259 0.04479166666666667 0.1814814814814815
0 0.3927083333333333 0.7810185185185186 0.6322916666666667 0.41759259259259257
0 0.28359375 0.5194444444444445 0.14322916666666666 0.21666666666666667
0 0.84921875 0.6458333333333334 0.22239583333333332 0.3787037037037037
2 0.7265625 0.4398148148148148 0.07291666666666667 0.17407407407407408