6 0.80234375 0.5074074074074074 0.09635416666666667 0.4722222222222222
6 0.72578125 0.4134259259259259 0.0765625 0.20462962962962963
6 0.6890625 0.5648148148148148 0.09375 0.5037037037037037
6 0.63125 0.44027777777777777 0.036458333333333336 0.15462962962962962
6 0.40963541666666664 0.5074074074074074 0.09427083333333333 0.42777777777777776
6 0.3106770833333333 0.625 0.15052083333333333 0.65
6 0.36640625 0.6041666666666666 0.10364583333333334 0.600925925925926
6 0.05963541666666667 0.4708333333333333 0.0484375 0.1287037037037037
0 0.178125 0.6777777777777778 0.16041666666666668 0.5944444444444444
0 0.41901041666666666 0.5902777777777778 0.07239583333333334 0.3527777777777778
0 0.8515625 0.6467592592592593 0.15833333333333333 0.41574074074074074
0 0.74453125 0.6347222222222222 0.09010416666666667 0.33055555555555555
2 0.17317708333333334 0.47962962962962963 0.17135416666666667 0.2074074074074074