6 0.5692708333333333 0.6791666666666667 0.06354166666666666 0.22685185185185186
6 0.74765625 0.3699074074074074 0.030729166666666665 0.12685185185185185
6 0.396875 0.3226851851851852 0.026041666666666668 0.14722222222222223
6 0.3265625 0.5884259259259259 0.042708333333333334 0.22685185185185186
6 0.2546875 0.5837962962962963 0.042708333333333334 0.2101851851851852
6 0.22447916666666667 0.5027777777777778 0.046875 0.14814814814814814
6 0.09791666666666667 0.5763888888888888 0.04791666666666667 0.17685185185185184
2 0.9546875 0.5611111111111111 0.08541666666666667 0.2814814814814815
2 0.6161458333333333 0.3675925925925926 0.11041666666666666 0.17407407407407408
0 0.33307291666666666 0.6212962962962963 0.10989583333333333 0.15925925925925927
0 0.02890625 0.6148148148148148 0.04114583333333333 0.12037037037037036