6 0.2908854166666667 0.5611111111111111 0.0546875 0.24259259259259258
6 0.10494791666666667 0.5694444444444444 0.0296875 0.17777777777777778
6 0.6361979166666667 0.43194444444444446 0.03802083333333333 0.14537037037037037
6 0.63203125 0.3861111111111111 0.0296875 0.15555555555555556
6 0.73046875 0.46296296296296297 0.0421875 0.17037037037037037
6 0.7591145833333334 0.4976851851851852 0.0421875 0.18611111111111112
6 0.9046875 0.43842592592592594 0.0375 0.1638888888888889
6 0.9684895833333333 0.41805555555555557 0.025520833333333333 0.11388888888888889
2 0.81796875 0.4546296296296296 0.10260416666666666 0.21851851851851853
2 0.5989583333333334 0.36157407407407405 0.11145833333333334 0.19907407407407407
2 0.95859375 0.3875 0.08072916666666667 0.1175925925925926
0 0.2916666666666667 0.600462962962963 0.1 0.15092592592592594