6 0.9247395833333333 0.5 0.024479166666666666 0.1814814814814815
6 0.80625 0.6467592592592593 0.07916666666666666 0.23981481481481481
6 0.4122395833333333 0.2875 0.0234375 0.11944444444444445
6 0.24479166666666666 0.5291666666666667 0.03854166666666667 0.2175925925925926
6 0.23645833333333333 0.44675925925925924 0.035416666666666666 0.07685185185185185
6 0.1921875 0.48657407407407405 0.030208333333333334 0.1287037037037037
6 0.09869791666666666 0.5745370370370371 0.0421875 0.14351851851851852
6 0.07265625 0.6481481481481481 0.06197916666666667 0.22962962962962963
2 0.4908854166666667 0.29305555555555557 0.1484375 0.2101851851851852
2 0.81484375 0.45416666666666666 0.1015625 0.225
2 0.9708333333333333 0.48657407407407405 0.05625 0.1935185185185185
0 0.09088541666666666 0.6958333333333333 0.09635416666666667 0.13240740740740742