6 0.31744791666666666 0.600925925925926 0.0390625 0.24444444444444444
6 0.4627604166666667 0.6939814814814815 0.05572916666666667 0.2638888888888889
6 0.6578125 0.8217592592592593 0.06458333333333334 0.287962962962963
6 0.63359375 0.5712962962962963 0.0359375 0.21666666666666667
6 0.6609375 0.5226851851851851 0.034375 0.19722222222222222
6 0.7713541666666667 0.3611111111111111 0.029166666666666667 0.11851851851851852
6 0.50625 0.25601851851851853 0.023958333333333335 0.10462962962962963
6 0.24114583333333334 0.5180555555555556 0.035416666666666666 0.19537037037037036
6 0.19869791666666667 0.48518518518518516 0.025520833333333333 0.10925925925925926
6 0.05677083333333333 0.45046296296296295 0.028125 0.18425925925925926
2 0.8140625 0.46111111111111114 0.09270833333333334 0.18703703703703703
2 0.9591145833333333 0.5138888888888888 0.0796875 0.1925925925925926
0 0.6484375 0.825925925925926 0.17916666666666667 0.20925925925925926
0 0.4671875 0.7148148148148148 0.13645833333333332 0.1925925925925926
0 0.32317708333333334 0.637962962962963 0.1109375 0.16111111111111112