6 0.8463541666666666 0.5398148148148149 0.03854166666666667 0.21296296296296297
6 0.37526041666666665 0.3333333333333333 0.025520833333333333 0.1425925925925926
6 0.340625 0.6129629629629629 0.09895833333333333 0.22407407407407406
6 0.3145833333333333 0.5990740740740741 0.05416666666666667 0.21851851851851853
6 0.21458333333333332 0.5564814814814815 0.04479166666666667 0.19074074074074074
6 0.22786458333333334 0.4699074074074074 0.04010416666666667 0.14351851851851852
6 0.05651041666666667 0.6509259259259259 0.050520833333333334 0.21851851851851853
6 0.06875 0.48518518518518516 0.019791666666666666 0.1259259259259259
2 0.4825520833333333 0.3162037037037037 0.13072916666666667 0.1638888888888889
2 0.6015625 0.3861111111111111 0.125 0.18518518518518517
2 0.80859375 0.47685185185185186 0.0984375 0.18703703703703703
2 0.9518229166666666 0.5574074074074075 0.0828125 0.29814814814814816
0 0.07447916666666667 0.6833333333333333 0.09375 0.15925925925925927
0 0.34921875 0.6731481481481482 0.049479166666666664 0.09074074074074075