6 0.07786458333333333 0.6449074074074074 0.043229166666666666 0.22314814814814815
6 0.2375 0.4722222222222222 0.034375 0.1537037037037037
6 0.31197916666666664 0.5268518518518519 0.03229166666666667 0.17037037037037037
6 0.3484375 0.6444444444444445 0.05520833333333333 0.24074074074074073
6 0.3734375 0.6226851851851852 0.057291666666666664 0.19166666666666668
6 0.7325520833333333 0.39490740740740743 0.018229166666666668 0.13796296296296295
6 0.7528645833333333 0.4787037037037037 0.0421875 0.18703703703703703
6 0.7611979166666667 0.35324074074074074 0.0171875 0.09351851851851851
2 0.48203125 0.33055555555555555 0.13697916666666668 0.16666666666666666
2 0.6033854166666667 0.3888888888888889 0.1234375 0.18333333333333332
2 0.81484375 0.4708333333333333 0.1046875 0.19907407407407407
2 0.95546875 0.5550925925925926 0.08697916666666666 0.28425925925925927
0 0.23958333333333334 0.5837962962962963 0.05520833333333333 0.12685185185185185
0 0.35885416666666664 0.6731481481481482 0.13645833333333332 0.17037037037037037
0 0.09713541666666667 0.700462962962963 0.08802083333333334 0.13240740740740742
0 0.022395833333333334 0.5550925925925926 0.03958333333333333 0.13055555555555556