6 0.08515625 0.5115740740740741 0.0390625 0.24537037037037038
6 0.17421875 0.4898148148148148 0.0515625 0.20185185185185187
6 0.2986979166666667 0.5486111111111112 0.1390625 0.5194444444444445
6 0.4088541666666667 0.5888888888888889 0.0875 0.48703703703703705
6 0.40078125 0.525 0.11197916666666667 0.43703703703703706
6 0.74765625 0.5745370370370371 0.1203125 0.5194444444444445
6 0.8169270833333333 0.5319444444444444 0.11614583333333334 0.5398148148148149
6 0.6630208333333333 0.44166666666666665 0.023958333333333335 0.17407407407407408
0 0.28489583333333335 0.6351851851851852 0.14791666666666667 0.4425925925925926
0 0.8736979166666666 0.6287037037037037 0.19010416666666666 0.42962962962962964
0 0.94765625 0.5412037037037037 0.10260416666666666 0.31574074074074077