6 0.096875 0.575 0.04479166666666667 0.16666666666666666
6 0.21354166666666666 0.5027777777777778 0.046875 0.16666666666666666
6 0.2557291666666667 0.5898148148148148 0.04479166666666667 0.21851851851851853
6 0.32838541666666665 0.5879629629629629 0.06197916666666667 0.21296296296296297
6 0.41041666666666665 0.7148148148148148 0.04895833333333333 0.23148148148148148
6 0.39505208333333336 0.3162037037037037 0.028645833333333332 0.13240740740740742
6 0.7359375 0.33796296296296297 0.017708333333333333 0.12407407407407407
2 0.953125 0.5685185185185185 0.09166666666666666 0.26666666666666666
2 0.615625 0.36944444444444446 0.109375 0.18333333333333332
0 0.33203125 0.6208333333333333 0.11197916666666667 0.14907407407407408
0 0.02421875 0.5944444444444444 0.043229166666666666 0.15185185185185185