2 0.826563 0.453472 0.148438 0.226389
2 0.959375 0.505556 0.08125 0.225
2 0.598828 0.383333 0.114844 0.244444
0 0.311328 0.207639 0.053906 0.073611
0 0.395312 0.559028 0.114063 0.1625
0 0.225781 0.711111 0.145313 0.155556
0 0.30625 0.603472 0.051562 0.118056
0 0.230469 0.55625 0.042188 0.098611
0 0.078906 0.657639 0.060938 0.1125
6 0.737109 0.371528 0.033594 0.156944
6 0.564844 0.576389 0.059375 0.241667
6 0.457031 0.563889 0.053125 0.230556
6 0.398438 0.528472 0.04375 0.223611
6 0.326562 0.493056 0.04375 0.202778
6 0.257812 0.670139 0.05 0.243056
6 0.266797 0.535417 0.052344 0.1375
6 0.043359 0.621528 0.061719 0.229167
6 0.088281 0.546528 0.064062 0.1875
6 0.209375 0.476389 0.059375 0.144444