6 0.7390625 0.3902777777777778 0.025 0.16018518518518518
6 0.7736979166666667 0.38796296296296295 0.028645833333333332 0.14629629629629629
6 0.26796875 0.7518518518518519 0.0734375 0.27037037037037037
6 0.26979166666666665 0.5300925925925926 0.040625 0.1935185185185185
6 0.23723958333333334 0.49398148148148147 0.043229166666666666 0.1824074074074074
6 0.06640625 0.675 0.0546875 0.24074074074074073
6 0.09192708333333334 0.5574074074074075 0.034895833333333334 0.17962962962962964
6 0.39869791666666665 0.34814814814814815 0.0296875 0.18333333333333332
6 0.3692708333333333 0.3138888888888889 0.022916666666666665 0.12407407407407407
2 0.9635416666666666 0.5268518518518519 0.07083333333333333 0.21296296296296297
2 0.5026041666666666 0.324537037037037 0.13958333333333334 0.18981481481481483
0 0.2786458333333333 0.7865740740740741 0.14583333333333334 0.19166666666666668
0 0.22317708333333333 0.5398148148148149 0.058854166666666666 0.11296296296296296
0 0.08489583333333334 0.6865740740740741 0.096875 0.13055555555555556