6 0.9520833333333333 0.4046296296296296 0.026041666666666668 0.12222222222222222
6 0.9096354166666667 0.3925925925925926 0.022395833333333334 0.12407407407407407
6 0.41770833333333335 0.28379629629629627 0.028125 0.11574074074074074
6 0.25885416666666666 0.5763888888888888 0.05416666666666667 0.21203703703703702
6 0.22447916666666667 0.45925925925925926 0.046875 0.1388888888888889
6 0.09036458333333333 0.6925925925925925 0.0609375 0.21851851851851853
6 0.065625 0.5513888888888889 0.046875 0.10277777777777777
6 0.025 0.6208333333333333 0.04583333333333333 0.2101851851851852
2 0.6052083333333333 0.37175925925925923 0.11770833333333333 0.16574074074074074
2 0.9463541666666667 0.6615740740740741 0.10520833333333333 0.2861111111111111
0 0.11770833333333333 0.7615740740740741 0.05 0.125
0 0.28619791666666666 0.6263888888888889 0.05677083333333333 0.11203703703703703