6 0.8135416666666667 0.6129629629629629 0.215625 0.7148148148148148
6 0.8703125 0.4125 0.046875 0.15092592592592594
6 0.734375 0.3421296296296296 0.07395833333333333 0.09351851851851851
6 0.6713541666666667 0.5731481481481482 0.09166666666666666 0.4888888888888889
6 0.39088541666666665 0.5907407407407408 0.09947916666666666 0.5740740740740741
6 0.30364583333333334 0.5504629629629629 0.121875 0.47129629629629627
6 0.18567708333333333 0.537962962962963 0.0953125 0.4185185185185185
6 0.035416666666666666 0.49537037037037035 0.046875 0.25925925925925924
0 0.8192708333333333 0.6814814814814815 0.2 0.6203703703703703
0 0.284375 0.6481481481481481 0.14166666666666666 0.512962962962963
6 0.840625 0.337037037037037 0.31666666666666665 0.662962962962963