6 0.5265625 0.3763888888888889 0.03229166666666667 0.14351851851851852
6 0.49609375 0.25833333333333336 0.021354166666666667 0.11851851851851852
6 0.33541666666666664 0.5902777777777778 0.059375 0.2324074074074074
6 0.22630208333333332 0.5101851851851852 0.030729166666666665 0.1814814814814815
6 0.07630208333333334 0.6361111111111111 0.0421875 0.2222222222222222
6 0.11145833333333334 0.5638888888888889 0.027083333333333334 0.1537037037037037
2 0.6161458333333333 0.37824074074074077 0.10208333333333333 0.1787037037037037
2 0.95546875 0.5657407407407408 0.0859375 0.3148148148148148
0 0.3359375 0.6175925925925926 0.11145833333333334 0.17592592592592593
0 0.23489583333333333 0.5523148148148148 0.078125 0.13796296296296295
0 0.08255208333333333 0.6731481481481482 0.09947916666666666 0.1648148148148148