6 0.2125 0.49722222222222223 0.04583333333333333 0.14629629629629629
6 0.07760416666666667 0.6337962962962963 0.046875 0.262037037037037
6 0.4783854166666667 0.6699074074074074 0.07135416666666666 0.2212962962962963
6 0.4828125 0.24722222222222223 0.016666666666666666 0.10555555555555556
6 0.5049479166666667 0.22546296296296298 0.021354166666666667 0.12129629629629629
6 0.5729166666666666 0.2310185185185185 0.0375 0.11574074074074074
6 0.8221354166666667 0.36064814814814816 0.025520833333333333 0.12685185185185185
2 0.9645833333333333 0.49537037037037035 0.06875 0.22407407407407406
0 0.4825520833333333 0.7064814814814815 0.15677083333333333 0.19444444444444445
0 0.22942708333333334 0.5574074074074075 0.07239583333333334 0.13148148148148148
0 0.08255208333333333 0.663425925925926 0.09635416666666667 0.17685185185185184