2 0.8341145833333333 0.4587962962962963 0.11614583333333334 0.20092592592592592
0 0.24140625 0.7134259259259259 0.1421875 0.17314814814814813
0 0.06536458333333334 0.6680555555555555 0.09739583333333333 0.17685185185185184
0 0.42578125 0.34675925925925927 0.0609375 0.13240740740740742
6 0.1171875 0.6212962962962963 0.05625 0.24259259259259258
6 0.240625 0.7069444444444445 0.08333333333333333 0.28055555555555556
6 0.07734375 0.6074074074074074 0.0453125 0.17962962962962964
6 0.04921875 0.6277777777777778 0.043229166666666666 0.25555555555555554
6 0.47682291666666665 0.29212962962962963 0.028645833333333332 0.14537037037037037
6 0.5458333333333333 0.29305555555555557 0.034375 0.14351851851851852
6 0.40963541666666664 0.3125 0.03697916666666667 0.13055555555555556