6 0.5520833333333334 0.28425925925925927 0.029166666666666667 0.1259259259259259
6 0.26067708333333334 0.33935185185185185 0.027604166666666666 0.13055555555555556
6 0.17708333333333334 0.6578703703703703 0.05416666666666667 0.2657407407407407
6 0.09609375 0.5967592592592592 0.04739583333333333 0.18425925925925926
6 0.06536458333333334 0.6601851851851852 0.0546875 0.24074074074074073
6 0.22109375 0.4842592592592593 0.0421875 0.1037037037037037
6 0.6338541666666667 0.449537037037037 0.026041666666666668 0.15092592592592594
2 0.9557291666666666 0.48333333333333334 0.08645833333333333 0.24074074074074073
2 0.60234375 0.37916666666666665 0.11822916666666666 0.18981481481481483
2 0.4703125 0.325 0.12395833333333334 0.1814814814814815
0 0.10703125 0.7111111111111111 0.04010416666666667 0.08888888888888889
0 0.18645833333333334 0.7078703703703704 0.11145833333333334 0.16203703703703703