0 0.234445 0.579872 0.042188 0.120833
0 0.089929 0.67021 0.090625 0.173611
6 0.203514 0.49937 0.047656 0.148611
6 0.075751 0.634463 0.060156 0.216667
6 0.377638 0.330189 0.023438 0.130556
6 0.302925 0.65564 0.069531 0.25
0 0.313462 0.659972 0.104687 0.197222
2 0.477957 0.319334 0.121094 0.1875
2 0.825301 0.46729 0.110937 0.226389
2 0.966834 0.504447 0.075 0.2375
0 0.2087 0.800681 0.067969 0.163889
6 0.18556 0.749355 0.08125 0.281944
6 0.498437 0.345139 0.029687 0.165278
6 0.767969 0.403472 0.03125 0.168056