6 0.3033854166666667 0.6944444444444444 0.05677083333333333 0.2574074074074074
6 0.27395833333333336 0.5856481481481481 0.05416666666666667 0.21388888888888888
6 0.23046875 0.47962962962962963 0.033854166666666664 0.14629629629629629
6 0.37447916666666664 0.3347222222222222 0.026041666666666668 0.13425925925925927
6 0.6385416666666667 0.44583333333333336 0.035416666666666666 0.16574074074074074
6 0.7346354166666667 0.4425925925925926 0.03802083333333333 0.17222222222222222
6 0.8065104166666667 0.5300925925925926 0.043229166666666666 0.19537037037037036
2 0.48463541666666665 0.3263888888888889 0.1359375 0.1787037037037037
2 0.60390625 0.38333333333333336 0.1265625 0.1814814814814815
2 0.8078125 0.47638888888888886 0.11145833333333334 0.21388888888888888
2 0.9536458333333333 0.5597222222222222 0.08958333333333333 0.30092592592592593
0 0.32708333333333334 0.7351851851851852 0.13645833333333332 0.11481481481481481
0 0.22604166666666667 0.5601851851851852 0.051041666666666666 0.12037037037037036
0 0.025260416666666667 0.625462962962963 0.0453125 0.12685185185185185