6 0.5268229166666667 0.2212962962962963 0.021354166666666667 0.08703703703703704
6 0.39375 0.38796296296296295 0.029166666666666667 0.15555555555555556
6 0.37083333333333335 0.3861111111111111 0.026041666666666668 0.13703703703703704
6 0.24322916666666666 0.2851851851851852 0.016666666666666666 0.12407407407407407
6 0.23645833333333333 0.524537037037037 0.05416666666666667 0.2361111111111111
6 0.26119791666666664 0.5013888888888889 0.0453125 0.21574074074074073
6 0.44635416666666666 0.7384259259259259 0.07083333333333333 0.25833333333333336
6 0.7502604166666667 0.7787037037037037 0.0578125 0.2462962962962963
6 0.7388020833333333 0.37962962962962965 0.0359375 0.13703703703703704
2 0.29296875 0.2759259259259259 0.05572916666666667 0.14814814814814814
2 0.6057291666666667 0.3587962962962963 0.11875 0.16944444444444445
2 0.81328125 0.4449074074074074 0.09010416666666667 0.1935185185185185
2 0.96171875 0.7069444444444445 0.07447916666666667 0.17685185185185184
0 0.46171875 0.7768518518518519 0.15885416666666666 0.1685185185185185