0 0.248839 0.568054 0.091406 0.166667
0 0.184644 0.801949 0.089844 0.213889
0 0.086657 0.655037 0.08125 0.184722
6 0.182793 0.729181 0.057813 0.197222
6 0.084833 0.622982 0.046094 0.218056
6 0.263562 0.536811 0.046094 0.1625
6 0.921888 0.506792 0.032812 0.169444
6 0.794618 0.362581 0.03125 0.152778
2 0.965159 0.505437 0.075 0.216667
2 0.893796 0.74615 0.2125 0.304167
2 0.605078 0.350694 0.114844 0.184722
0 0.500781 0.235417 0.08125 0.081944
6 0.650391 0.390972 0.032031 0.129167
6 0.026172 0.654167 0.052344 0.205556