6 0.12135416666666667 0.475 0.026041666666666668 0.18333333333333332
6 0.225 0.5421296296296296 0.06770833333333333 0.4324074074074074
6 0.39791666666666664 0.6032407407407407 0.1125 0.5935185185185186
6 0.30859375 0.44583333333333336 0.07864583333333333 0.287962962962963
6 0.27317708333333335 0.5694444444444444 0.06510416666666667 0.5
6 0.4375 0.5652777777777778 0.07395833333333333 0.5435185185185185
6 0.684375 0.5824074074074074 0.08854166666666667 0.5259259259259259
6 0.6361979166666667 0.47638888888888886 0.05572916666666667 0.38796296296296295
6 0.7848958333333333 0.5347222222222222 0.11875 0.5212962962962963
0 0.79140625 0.6222222222222222 0.14427083333333332 0.45185185185185184
0 0.32083333333333336 0.6916666666666667 0.16354166666666667 0.5703703703703704