6 0.11588541666666667 0.575925925925926 0.10885416666666667 0.5388888888888889
6 0.2682291666666667 0.6106481481481482 0.19270833333333334 0.7101851851851851
6 0.4200520833333333 0.5791666666666667 0.0953125 0.5712962962962963
6 0.34401041666666665 0.5726851851851852 0.1140625 0.5287037037037037
6 0.6768229166666667 0.5162037037037037 0.1171875 0.4546296296296296
6 0.8669270833333333 0.5986111111111111 0.20572916666666666 0.7472222222222222
6 0.7630208333333334 0.42083333333333334 0.06458333333333334 0.2601851851851852
6 0.6380208333333334 0.39444444444444443 0.046875 0.17222222222222222
0 0.23645833333333333 0.7083333333333334 0.22395833333333334 0.575925925925926
0 0.8640625 0.6958333333333333 0.21458333333333332 0.5953703703703703
0 0.68984375 0.5912037037037037 0.1359375 0.30277777777777776