6 0.4244791666666667 0.5805555555555556 0.071875 0.5481481481481482
6 0.3671875 0.5694444444444444 0.09166666666666666 0.5351851851851852
6 0.6432291666666666 0.5037037037037037 0.08125 0.3814814814814815
6 0.7794270833333333 0.425462962962963 0.0578125 0.225
6 0.91796875 0.6023148148148149 0.1265625 0.7620370370370371
6 0.1484375 0.47129629629629627 0.03333333333333333 0.2074074074074074
6 0.1796875 0.47175925925925927 0.027083333333333334 0.21388888888888888
6 0.07526041666666666 0.49074074074074076 0.03697916666666667 0.21666666666666667
6 0.22395833333333334 0.46111111111111114 0.026041666666666668 0.13148148148148148
6 0.30182291666666666 0.4351851851851852 0.025520833333333333 0.1037037037037037
0 0.7291666666666666 0.7527777777777778 0.434375 0.48148148148148145
0 0.29348958333333336 0.6425925925925926 0.1671875 0.48148148148148145