6 0.065625 0.5569444444444445 0.04375 0.21388888888888888
6 0.21223958333333334 0.5509259259259259 0.044270833333333336 0.2
6 0.246875 0.47453703703703703 0.03125 0.13055555555555556
6 0.30442708333333335 0.5833333333333334 0.059895833333333336 0.22777777777777777
6 0.3268229166666667 0.7847222222222222 0.0640625 0.2175925925925926
6 0.23489583333333333 0.8902777777777777 0.06875 0.18981481481481483
6 0.7359375 0.3731481481481482 0.021875 0.15
6 0.8864583333333333 0.4842592592592593 0.04791666666666667 0.15925925925925927
6 0.9052083333333333 0.3675925925925926 0.029166666666666667 0.12222222222222222
6 0.9244791666666666 0.31342592592592594 0.030208333333333334 0.11574074074074074
2 0.81328125 0.4671296296296296 0.1109375 0.21574074074074073
0 0.26223958333333336 0.6324074074074074 0.04635416666666667 0.1685185185185185
0 0.23671875 0.924074074074074 0.14114583333333333 0.11851851851851852