6 0.7575520833333333 0.38472222222222224 0.03177083333333333 0.1398148148148148
6 0.23359375 0.8379629629629629 0.059895833333333336 0.29814814814814816
6 0.3015625 0.8458333333333333 0.07291666666666667 0.28425925925925927
6 0.36822916666666666 0.7351851851851852 0.06458333333333334 0.21666666666666667
6 0.40182291666666664 0.6152777777777778 0.0671875 0.21203703703703702
6 0.22734375 0.5027777777777778 0.04739583333333333 0.16111111111111112
6 0.20859375 0.4898148148148148 0.03697916666666667 0.13148148148148148
6 0.19270833333333334 0.48518518518518516 0.03333333333333333 0.1388888888888889
6 0.10026041666666667 0.5625 0.04114583333333333 0.18981481481481483
6 0.06692708333333333 0.6282407407407408 0.0578125 0.23796296296296296
2 0.9596354166666666 0.525 0.07239583333333334 0.1925925925925926
0 0.08151041666666667 0.6597222222222222 0.1015625 0.1787037037037037
0 0.22109375 0.5643518518518519 0.0671875 0.10462962962962963
0 0.37265625 0.8064814814814815 0.15260416666666668 0.16111111111111112
0 0.40859375 0.662962962962963 0.12760416666666666 0.1685185185185185