6 0.07369791666666667 0.6805555555555556 0.05677083333333333 0.21666666666666667
6 0.09869791666666666 0.5768518518518518 0.04114583333333333 0.17407407407407408
6 0.29609375 0.5592592592592592 0.044270833333333336 0.17407407407407408
6 0.31666666666666665 0.586574074074074 0.05625 0.23425925925925925
6 0.4817708333333333 0.2800925925925926 0.026041666666666668 0.11388888888888889
6 0.7505208333333333 0.3351851851851852 0.019791666666666666 0.13518518518518519
6 0.9252604166666667 0.5430555555555555 0.0390625 0.17685185185185184
2 0.5768229166666666 0.2986111111111111 0.14947916666666666 0.14537037037037037
2 0.9627604166666667 0.5125 0.07239583333333334 0.19907407407407407
0 0.07421875 0.6925925925925925 0.07552083333333333 0.21481481481481482
0 0.30494791666666665 0.6037037037037037 0.10364583333333334 0.1962962962962963