6 0.10208333333333333 0.5662037037037037 0.0375 0.20462962962962963
6 0.31953125 0.5824074074074074 0.06927083333333334 0.2111111111111111
6 0.029427083333333333 0.3912037037037037 0.03697916666666667 0.10092592592592593
6 0.5213541666666667 0.21481481481481482 0.03125 0.10925925925925926
6 0.5854166666666667 0.21898148148148147 0.01875 0.10092592592592593
6 0.63046875 0.2101851851851852 0.024479166666666666 0.10925925925925926
6 0.7559895833333333 0.26296296296296295 0.021354166666666667 0.11296296296296296
6 0.7721354166666666 0.2689814814814815 0.0234375 0.1175925925925926
6 0.7307291666666667 0.4615740740740741 0.034375 0.19166666666666668
2 0.8234375 0.475462962962963 0.11666666666666667 0.23425925925925925
0 0.3294270833333333 0.6189814814814815 0.09635416666666667 0.18796296296296297
0 0.025 0.44583333333333336 0.03333333333333333 0.08796296296296297