6 0.8138020833333334 0.5398148148148149 0.13697916666666668 0.5462962962962963
6 0.7166666666666667 0.5726851851851852 0.08854166666666667 0.525
6 0.6924479166666667 0.5398148148148149 0.0859375 0.5074074074074074
6 0.4427083333333333 0.5268518518518519 0.08854166666666667 0.3925925925925926
6 0.37265625 0.5791666666666667 0.10989583333333333 0.537962962962963
6 0.278125 0.6162037037037037 0.215625 0.6194444444444445
6 0.17083333333333334 0.5837962962962963 0.07083333333333333 0.5898148148148148
6 0.031510416666666666 0.5023148148148148 0.0546875 0.287962962962963
0 0.2375 0.7208333333333333 0.175 0.5194444444444445
0 0.4440104166666667 0.5800925925925926 0.0859375 0.2898148148148148
0 0.8174479166666667 0.6402777777777777 0.1453125 0.4027777777777778
6 0.8479166666666667 0.29814814814814816 0.30104166666666665 0.5851851851851851