6 0.696875 0.8592592592592593 0.07708333333333334 0.23148148148148148
6 0.646875 0.8444444444444444 0.084375 0.2462962962962963
6 0.5375 0.7092592592592593 0.06770833333333333 0.2074074074074074
6 0.5963541666666666 0.5888888888888889 0.04479166666666667 0.2111111111111111
6 0.6950520833333333 0.55 0.0515625 0.2037037037037037
6 0.7348958333333333 0.3902777777777778 0.026041666666666668 0.13240740740740742
6 0.7588541666666667 0.40324074074074073 0.029166666666666667 0.17685185185185184
6 0.33489583333333334 0.6162037037037037 0.06666666666666667 0.23055555555555557
6 0.2877604166666667 0.5027777777777778 0.030729166666666665 0.21481481481481482
6 0.23854166666666668 0.45925925925925926 0.06875 0.14444444444444443
6 0.25729166666666664 0.6087962962962963 0.04895833333333333 0.23796296296296296
6 0.20598958333333334 0.49398148148148147 0.028645833333333332 0.12314814814814815
6 0.24479166666666666 0.29259259259259257 0.023958333333333335 0.13333333333333333
6 0.35104166666666664 0.35462962962962963 0.028125 0.13148148148148148
2 0.953125 0.5 0.09166666666666666 0.2074074074074074
2 0.8119791666666667 0.4439814814814815 0.08645833333333333 0.19722222222222222
2 0.6114583333333333 0.3578703703703704 0.10729166666666666 0.18981481481481483
2 0.2911458333333333 0.2777777777777778 0.057291666666666664 0.14814814814814814
0 0.6375 0.9032407407407408 0.17916666666666667 0.18055555555555555
0 0.5346354166666667 0.7587962962962963 0.15260416666666668 0.16574074074074074
0 0.33671875 0.6995370370370371 0.0546875 0.1361111111111111
0 0.2859375 0.6361111111111111 0.052083333333333336 0.10555555555555556