6 0.13151041666666666 0.5421296296296296 0.0953125 0.5101851851851852
6 0.19296875 0.5125 0.06302083333333333 0.33796296296296297
6 0.29713541666666665 0.5421296296296296 0.14322916666666666 0.462037037037037
6 0.43854166666666666 0.5768518518518518 0.09479166666666666 0.5685185185185185
6 0.7033854166666667 0.5745370370370371 0.09635416666666667 0.5027777777777778
6 0.8947916666666667 0.5680555555555555 0.09583333333333334 0.5453703703703704
6 0.9528645833333333 0.5259259259259259 0.07864583333333333 0.5611111111111111
0 0.8182291666666667 0.6217592592592592 0.14791666666666667 0.549074074074074
0 0.29973958333333334 0.6564814814814814 0.18072916666666666 0.46111111111111114
0 0.1890625 0.5745370370370371 0.0875 0.2101851851851852
6 0.8505208333333333 0.3347222222222222 0.296875 0.637962962962963