6 0.12291666666666666 0.6337962962962963 0.09375 0.5861111111111111
6 0.3375 0.5615740740740741 0.1125 0.49722222222222223
6 0.453125 0.6041666666666666 0.08958333333333333 0.5472222222222223
6 0.39427083333333335 0.44166666666666665 0.07708333333333334 0.28703703703703703
6 0.6776041666666667 0.575925925925926 0.13854166666666667 0.6055555555555555
6 0.8098958333333334 0.5375 0.16979166666666667 0.5453703703703704
6 0.6565104166666667 0.38055555555555554 0.0421875 0.13148148148148148
0 0.21458333333333332 0.6393518518518518 0.19791666666666666 0.5268518518518519
0 0.31276041666666665 0.625462962962963 0.11927083333333334 0.4324074074074074
0 0.8565104166666667 0.6152777777777778 0.18802083333333333 0.46944444444444444
0 0.6877604166666667 0.5879629629629629 0.15260416666666668 0.3148148148148148