6 0.90703125 0.5282407407407408 0.0859375 0.6305555555555555
6 0.7200520833333334 0.5842592592592593 0.0921875 0.5351851851851852
6 0.4315104166666667 0.5777777777777777 0.09739583333333333 0.512962962962963
6 0.36796875 0.5175925925925926 0.07239583333333334 0.4759259259259259
6 0.29713541666666665 0.4685185185185185 0.0265625 0.15925925925925927
6 0.26223958333333336 0.4652777777777778 0.030729166666666665 0.18796296296296297
6 0.17916666666666667 0.4587962962962963 0.026041666666666668 0.18796296296296297
6 0.06979166666666667 0.49953703703703706 0.030208333333333334 0.24722222222222223
0 0.82734375 0.6439814814814815 0.14739583333333334 0.5527777777777778
0 0.34375 0.6458333333333334 0.109375 0.41203703703703703
2 0.12630208333333334 0.4615740740740741 0.09947916666666666 0.20462962962962963