2 0.463672 0.315972 0.132031 0.159722
2 0.55625 0.452778 0.125 0.261111
2 0.796875 0.441667 0.10625 0.191667
6 0.896484 0.429861 0.030469 0.1375
6 0.926172 0.511111 0.038281 0.175
6 0.951953 0.409028 0.030469 0.109722
6 0.898047 0.320139 0.022656 0.104167
6 0.864844 0.288889 0.021875 0.116667
6 0.395312 0.322222 0.025 0.147222
6 0.711719 0.56875 0.057813 0.254167
6 0.825781 0.500694 0.046875 0.201389
6 0.733203 0.429861 0.036719 0.118056
6 0.316797 0.604167 0.055469 0.233333
6 0.292969 0.475694 0.059375 0.193056
6 0.221484 0.504167 0.055469 0.186111
6 0.126953 0.709722 0.058594 0.244444
6 0.083984 0.621528 0.052344 0.215278
0 0.322656 0.638889 0.126563 0.186111
0 0.262109 0.2375 0.064844 0.086111
0 0.311328 0.214583 0.053906 0.068056
0 0.219922 0.534722 0.089844 0.169444
0 0.141016 0.735417 0.117969 0.156944
0 0.068359 0.620833 0.042969 0.111111