6 0.0421875 0.5254629629629629 0.053125 0.2953703703703704
6 0.125 0.6078703703703704 0.08229166666666667 0.5768518518518518
6 0.18307291666666667 0.48842592592592593 0.050520833333333334 0.21574074074074073
6 0.2830729166666667 0.6129629629629629 0.1078125 0.6092592592592593
6 0.346875 0.5583333333333333 0.10416666666666667 0.5092592592592593
6 0.4153645833333333 0.5212962962962963 0.09739583333333333 0.4222222222222222
6 0.44479166666666664 0.5027777777777778 0.07083333333333333 0.362962962962963
6 0.6747395833333333 0.5333333333333333 0.1015625 0.45925925925925926
6 0.7565104166666666 0.5740740740740741 0.09427083333333333 0.5481481481481482
6 0.8322916666666667 0.5138888888888888 0.13229166666666667 0.4925925925925926
0 0.8640625 0.6129629629629629 0.16041666666666668 0.46111111111111114
0 0.6674479166666667 0.5625 0.09739583333333333 0.3212962962962963
0 0.41432291666666665 0.587037037037037 0.0953125 0.3425925925925926
0 0.18671875 0.6444444444444445 0.14427083333333332 0.5370370370370371
0 0.3333333333333333 0.6046296296296296 0.04479166666666667 0.3907407407407407