2 0.586719 0.354861 0.154687 0.226389
2 0.782031 0.313889 0.123438 0.144444
2 0.828516 0.442361 0.102344 0.220833
2 0.9625 0.523611 0.075 0.227778
6 0.466016 0.435417 0.044531 0.198611
6 0.603125 0.438194 0.039062 0.198611
6 0.769922 0.465278 0.024219 0.202778
6 0.751172 0.444444 0.017969 0.172222
6 0.225 0.461111 0.05625 0.216667
6 0.202734 0.525 0.041406 0.208333
6 0.091016 0.532639 0.041406 0.165278
6 0.075 0.623611 0.060938 0.233333
0 0.087891 0.64375 0.083594 0.168056
0 0.307031 0.220833 0.04375 0.075