6 0.7583333333333333 0.42685185185185187 0.03333333333333333 0.14814814814814814
6 0.65078125 0.5351851851851852 0.043229166666666666 0.16111111111111112
6 0.5838541666666667 0.22037037037037038 0.016666666666666666 0.1111111111111111
6 0.6348958333333333 0.21481481481481482 0.03125 0.10925925925925926
6 0.7544270833333333 0.26435185185185184 0.0203125 0.10462962962962963
6 0.7721354166666666 0.2726851851851852 0.021354166666666667 0.10648148148148148
6 0.3924479166666667 0.7518518518518519 0.059895833333333336 0.24444444444444444
6 0.34036458333333336 0.7662037037037037 0.0703125 0.23425925925925925
6 0.23359375 0.5412037037037037 0.03802083333333333 0.21574074074074073
6 0.08880208333333334 0.587037037037037 0.043229166666666666 0.2074074074074074
2 0.8203125 0.4777777777777778 0.11875 0.2111111111111111
0 0.34375 0.8162037037037037 0.18229166666666666 0.16018518518518518
0 0.23463541666666668 0.5652777777777778 0.10052083333333334 0.15462962962962962