6 0.5981770833333333 0.5990740740740741 0.059895833333333336 0.23148148148148148
6 0.30078125 0.4722222222222222 0.03697916666666667 0.18888888888888888
6 0.22578125 0.48564814814814816 0.0421875 0.175
6 0.17291666666666666 0.6481481481481481 0.0375 0.24259259259259258
6 0.30416666666666664 0.8490740740740741 0.06354166666666666 0.16296296296296298
6 0.72578125 0.3902777777777778 0.030729166666666665 0.15833333333333333
4 0.5723958333333333 0.2375 0.26145833333333335 0.30462962962962964
2 0.9622395833333334 0.5268518518518519 0.0734375 0.20185185185185187
0 0.5526041666666667 0.7615740740740741 0.16458333333333333 0.1935185185185185
0 0.22552083333333334 0.5333333333333333 0.08333333333333333 0.16666666666666666
0 0.42734375 0.18888888888888888 0.050520833333333334 0.06111111111111111