0 0.19812 0.788599 0.097656 0.226389
0 0.11785 0.73618 0.053125 0.123611
0 0.271139 0.594647 0.051562 0.113889
6 0.250822 0.533984 0.046094 0.2125
6 0.200404 0.770891 0.061719 0.191667
6 0.630042 0.40221 0.027344 0.126389
2 0.611088 0.354747 0.119531 0.197222
0 0.395266 0.702616 0.148438 0.166667
0 0.31621 0.595784 0.049219 0.116667
6 0.357236 0.551968 0.050781 0.170833
6 0.399389 0.653318 0.046875 0.251389
0 0.028306 0.729366 0.049219 0.1375
6 0.193764 0.491529 0.0375 0.133333
6 0.093316 0.632037 0.051562 0.2125
6 0.733225 0.38726 0.035937 0.136111
2 0.9 0.741667 0.2 0.4
2 0.961328 0.490278 0.077344 0.166667