6 0.0359375 0.6351851851851852 0.0375 0.23333333333333334
6 0.07916666666666666 0.6 0.04791666666666667 0.19814814814814816
6 0.48203125 0.35648148148148145 0.0234375 0.15185185185185185
6 0.51328125 0.32916666666666666 0.024479166666666666 0.14722222222222223
6 0.7346354166666667 0.3851851851851852 0.0234375 0.1574074074074074
6 0.7619791666666667 0.35555555555555557 0.030208333333333334 0.15925925925925927
2 0.965625 0.49398148148148147 0.06666666666666667 0.20462962962962963
2 0.8278645833333333 0.43287037037037035 0.1046875 0.18796296296296297
2 0.4981770833333333 0.3162037037037037 0.16510416666666666 0.14722222222222223
0 0.27005208333333336 0.9106481481481481 0.14322916666666666 0.1527777777777778
0 0.07317708333333334 0.6685185185185185 0.04114583333333333 0.12222222222222222