6 0.21432291666666667 0.48518518518518516 0.049479166666666664 0.14814814814814814
6 0.10651041666666666 0.5601851851851852 0.04114583333333333 0.17222222222222222
6 0.42734375 0.6805555555555556 0.07864583333333333 0.22962962962962963
6 0.56328125 0.5736111111111111 0.030729166666666665 0.1935185185185185
6 0.5940104166666667 0.6064814814814815 0.0453125 0.22037037037037038
6 0.7817708333333333 0.6333333333333333 0.04583333333333333 0.2074074074074074
6 0.6229166666666667 0.39490740740740743 0.030208333333333334 0.14166666666666666
6 0.8796875 0.30416666666666664 0.028125 0.1361111111111111
6 0.9013020833333333 0.2949074074074074 0.021354166666666667 0.10462962962962963
2 0.465625 0.17731481481481481 0.13958333333333334 0.1398148148148148
0 0.43697916666666664 0.725462962962963 0.14375 0.22314814814814815
0 0.21822916666666667 0.5375 0.06458333333333334 0.1527777777777778