6 0.14166666666666666 0.47129629629629627 0.03229166666666667 0.17777777777777778
6 0.20703125 0.5930555555555556 0.07135416666666666 0.5435185185185185
6 0.39505208333333336 0.5476851851851852 0.1015625 0.5138888888888888
6 0.42630208333333336 0.5856481481481481 0.12760416666666666 0.5675925925925925
6 0.6953125 0.5648148148148148 0.09895833333333333 0.5222222222222223
6 0.73828125 0.41203703703703703 0.06614583333333333 0.2388888888888889
6 0.8114583333333333 0.42083333333333334 0.09479166666666666 0.33796296296296297
6 0.9049479166666666 0.4722222222222222 0.11197916666666667 0.36666666666666664
0 0.2760416666666667 0.687037037037037 0.1625 0.587037037037037
0 0.796875 0.5921296296296297 0.17708333333333334 0.4898148148148148
0 0.91484375 0.5847222222222223 0.1171875 0.33055555555555555