6 0.11770833333333333 0.6574074074074074 0.05520833333333333 0.21851851851851853
6 0.09453125 0.5541666666666667 0.0359375 0.15462962962962962
6 0.2942708333333333 0.5370370370370371 0.057291666666666664 0.18518518518518517
6 0.4088541666666667 0.33101851851851855 0.027083333333333334 0.17685185185185184
6 0.7424479166666667 0.3990740740740741 0.028645833333333332 0.1685185185185185
6 0.7309895833333333 0.37962962962962965 0.016145833333333335 0.15
6 0.7692708333333333 0.5060185185185185 0.034375 0.15833333333333333
6 0.87421875 0.45694444444444443 0.04739583333333333 0.18425925925925926
2 0.8145833333333333 0.4425925925925926 0.07708333333333334 0.19814814814814816
2 0.48880208333333336 0.31157407407407406 0.1265625 0.15462962962962962
2 0.6104166666666667 0.35462962962962963 0.128125 0.17407407407407408
0 0.12630208333333334 0.6875 0.11510416666666666 0.13796296296296295
0 0.30130208333333336 0.5967592592592592 0.1015625 0.14907407407407408