6 0.7049479166666667 0.5300925925925926 0.06927083333333334 0.6083333333333333
6 0.6546875 0.5824074074074074 0.06770833333333333 0.5444444444444444
6 0.4002604166666667 0.575 0.09010416666666667 0.5370370370370371
6 0.33697916666666666 0.5319444444444444 0.11041666666666666 0.4305555555555556
6 0.25833333333333336 0.4898148148148148 0.04375 0.24444444444444444
6 0.16328125 0.4930555555555556 0.028645833333333332 0.18611111111111112
6 0.022135416666666668 0.5013888888888889 0.04010416666666667 0.23796296296296296
6 0.23020833333333332 0.475 0.03854166666666667 0.19444444444444445
0 0.32395833333333335 0.6305555555555555 0.12708333333333333 0.44814814814814813
0 0.846875 0.6361111111111111 0.21145833333333333 0.5111111111111111
6 0.8466145833333333 0.3314814814814815 0.30052083333333335 0.6518518518518519