6 0.7528645833333333 0.40555555555555556 0.034895833333333334 0.17592592592592593
6 0.6033854166666667 0.7888888888888889 0.05572916666666667 0.2759259259259259
6 0.44921875 0.6620370370370371 0.05677083333333333 0.24444444444444444
6 0.34661458333333334 0.5949074074074074 0.04635416666666667 0.18796296296296297
6 0.31588541666666664 0.6055555555555555 0.04739583333333333 0.24444444444444444
6 0.25286458333333334 0.5060185185185185 0.0359375 0.2064814814814815
6 0.22395833333333334 0.5476851851851852 0.040625 0.2064814814814815
2 0.81640625 0.4513888888888889 0.12239583333333333 0.19907407407407407
0 0.6015625 0.7870370370370371 0.153125 0.20925925925925926
0 0.45989583333333334 0.6935185185185185 0.11145833333333334 0.2074074074074074
0 0.33203125 0.6282407407407408 0.11510416666666666 0.19907407407407407