6 0.855469 0.368056 0.026563 0.141667
6 0.945703 0.379861 0.041406 0.154167
6 0.9875 0.418056 0.025 0.152778
6 0.532422 0.255556 0.025781 0.141667
6 0.485156 0.203472 0.028125 0.095833
6 0.407031 0.226389 0.025 0.130556
6 0.168359 0.781944 0.072656 0.275
6 0.142578 0.597222 0.046094 0.186111
6 0.071875 0.614583 0.05 0.2625
6 0.088672 0.546528 0.039844 0.168056
0 0.490625 0.232639 0.0625 0.073611
0 0.185937 0.818056 0.11875 0.25
0 0.082813 0.659028 0.085938 0.193056
0 0.05625 0.447917 0.035937 0.123611