6 0.81171875 0.4842592592592593 0.1296875 0.45740740740740743
6 0.7190104166666667 0.5717592592592593 0.0921875 0.5527777777777778
6 0.6921875 0.5300925925925926 0.08645833333333333 0.4601851851851852
6 0.29348958333333336 0.625 0.1390625 0.6296296296296297
6 0.36223958333333334 0.5550925925925926 0.08072916666666667 0.49722222222222223
6 0.409375 0.5069444444444444 0.10416666666666667 0.44537037037037036
6 0.153125 0.48009259259259257 0.03125 0.1638888888888889
6 0.22890625 0.42453703703703705 0.050520833333333334 0.175
0 0.8520833333333333 0.6513888888888889 0.16041666666666668 0.44907407407407407
0 0.19401041666666666 0.6819444444444445 0.15260416666666668 0.5712962962962963
0 0.4127604166666667 0.5962962962962963 0.08489583333333334 0.3537037037037037