6 0.08671875 0.5537037037037037 0.043229166666666666 0.13333333333333333
6 0.12421875 0.6939814814814815 0.09114583333333333 0.23796296296296296
6 0.23307291666666666 0.47453703703703703 0.04010416666666667 0.16574074074074074
6 0.2677083333333333 0.7453703703703703 0.06145833333333333 0.2796296296296296
6 0.3033854166666667 0.6370370370370371 0.08385416666666666 0.1685185185185185
6 0.5223958333333333 0.2671296296296296 0.019791666666666666 0.12685185185185185
6 0.7307291666666667 0.4685185185185185 0.029166666666666667 0.1814814814814815
6 0.7973958333333333 0.5333333333333333 0.03958333333333333 0.20185185185185187
2 0.8221354166666667 0.4351851851851852 0.1109375 0.1574074074074074
0 0.29635416666666664 0.7476851851851852 0.14375 0.13055555555555556
0 0.15833333333333333 0.7319444444444444 0.075 0.11388888888888889
0 0.04010416666666667 0.6185185185185185 0.06875 0.1648148148148148