6 0.9223958333333333 0.5472222222222223 0.034375 0.15925925925925927
6 0.83203125 0.5319444444444444 0.03697916666666667 0.18981481481481483
6 0.8606770833333334 0.3680555555555556 0.0203125 0.11574074074074074
6 0.49947916666666664 0.38287037037037036 0.036458333333333336 0.14907407407407408
6 0.6510416666666666 0.3902777777777778 0.021875 0.13796296296296295
6 0.10260416666666666 0.6361111111111111 0.04479166666666667 0.18333333333333332
6 0.12942708333333333 0.600925925925926 0.0484375 0.17962962962962964
6 0.07994791666666666 0.6425925925925926 0.0359375 0.20555555555555555
2 0.46041666666666664 0.31296296296296294 0.13020833333333334 0.16666666666666666
2 0.9661458333333334 0.5125 0.065625 0.20833333333333334
0 0.09244791666666667 0.6625 0.0765625 0.1527777777777778