6 0.12916666666666668 0.6171296296296296 0.08854166666666667 0.5787037037037037
6 0.34036458333333336 0.5555555555555556 0.1203125 0.4981481481481482
6 0.45208333333333334 0.5652777777777778 0.08125 0.5268518518518519
6 0.6669270833333333 0.5333333333333333 0.08697916666666666 0.45925925925925926
6 0.6158854166666666 0.4310185185185185 0.0421875 0.22314814814814815
6 0.7510416666666667 0.575 0.10625 0.5333333333333333
6 0.8346354166666666 0.4625 0.14427083333333332 0.41759259259259257
0 0.22395833333333334 0.6564814814814814 0.19895833333333332 0.5648148148148148
0 0.31328125 0.6074074074074074 0.12552083333333333 0.40555555555555556
0 0.403125 0.5976851851851852 0.07395833333333333 0.33796296296296297
0 0.66796875 0.5722222222222222 0.09947916666666666 0.34074074074074073
0 0.85859375 0.6055555555555555 0.1796875 0.4759259259259259