6 0.9580729166666667 0.6143518518518518 0.08177083333333333 0.6731481481481482
6 0.72578125 0.5912037037037037 0.17447916666666666 0.6972222222222222
6 0.82890625 0.5370370370370371 0.11302083333333333 0.5351851851851852
6 0.87265625 0.4842592592592593 0.05364583333333333 0.3074074074074074
6 0.66171875 0.4078703703703704 0.05364583333333333 0.16018518518518518
6 0.40598958333333335 0.5180555555555556 0.10052083333333334 0.42314814814814816
6 0.34296875 0.5564814814814815 0.11197916666666667 0.5
6 0.28932291666666665 0.6375 0.14427083333333332 0.6268518518518519
6 0.06015625 0.5962962962962963 0.09739583333333333 0.6240740740740741
6 0.20677083333333332 0.44537037037037036 0.034375 0.18518518518518517
0 0.85 0.6203703703703703 0.125 0.4759259259259259
0 0.6916666666666667 0.7398148148148148 0.21770833333333334 0.5166666666666667
0 0.19817708333333334 0.6851851851851852 0.1859375 0.5314814814814814
0 0.4015625 0.600925925925926 0.08854166666666667 0.40555555555555556