6 0.096875 0.5351851851851852 0.03125 0.07407407407407407
6 0.09557291666666666 0.6731481481481482 0.04114583333333333 0.27037037037037037
6 0.20963541666666666 0.7430555555555556 0.06197916666666667 0.275
6 0.2546875 0.5217592592592593 0.058333333333333334 0.21203703703703702
6 0.32317708333333334 0.6018518518518519 0.05364583333333333 0.22962962962962963
6 0.3997395833333333 0.3509259259259259 0.03802083333333333 0.1685185185185185
6 0.37734375 0.3300925925925926 0.018229166666666668 0.1398148148148148
6 0.4114583333333333 0.27685185185185185 0.026041666666666668 0.06851851851851852
6 0.76015625 0.387037037037037 0.030729166666666665 0.1574074074074074
6 0.73359375 0.2902777777777778 0.0140625 0.10648148148148148
2 0.81953125 0.46574074074074073 0.10364583333333334 0.20555555555555555
2 0.47317708333333336 0.32592592592592595 0.13489583333333333 0.17037037037037037
0 0.33177083333333335 0.6351851851851852 0.09895833333333333 0.1685185185185185
0 0.23072916666666668 0.5583333333333333 0.07708333333333334 0.1425925925925926
0 0.23411458333333332 0.7592592592592593 0.13489583333333333 0.12037037037037036
0 0.0890625 0.6958333333333333 0.121875 0.13240740740740742