6 0.9669270833333333 0.41898148148148145 0.028645833333333332 0.11944444444444445
6 0.7526041666666666 0.3458333333333333 0.03125 0.1527777777777778
6 0.7658854166666667 0.5018518518518519 0.05572916666666667 0.17777777777777778
6 0.725 0.4699074074074074 0.03333333333333333 0.16203703703703703
6 0.7268229166666667 0.362962962962963 0.022395833333333334 0.07777777777777778
6 0.4200520833333333 0.2875 0.018229166666666668 0.11574074074074074
6 0.27708333333333335 0.5574074074074075 0.06354166666666666 0.24074074074074073
6 0.07630208333333334 0.6375 0.0359375 0.21574074074074073
6 0.10026041666666667 0.5791666666666667 0.0453125 0.16574074074074074
2 0.8158854166666667 0.4513888888888889 0.10364583333333334 0.2064814814814815
0 0.28541666666666665 0.6023148148148149 0.1 0.16018518518518518
0 0.07994791666666666 0.6726851851851852 0.10364583333333334 0.1527777777777778