6 0.73671875 0.3837962962962963 0.0265625 0.1287037037037037
6 0.5901041666666667 0.7310185185185185 0.075 0.21203703703703702
6 0.3104166666666667 0.5967592592592592 0.06041666666666667 0.22314814814814815
6 0.5153645833333333 0.3685185185185185 0.027604166666666666 0.13703703703703704
6 0.22057291666666667 0.4962962962962963 0.03697916666666667 0.1388888888888889
6 0.08854166666666667 0.6162037037037037 0.03958333333333333 0.22314814814814815
6 0.18619791666666666 0.700925925925926 0.044270833333333336 0.18333333333333332
6 0.14296875 0.6699074074074074 0.04739583333333333 0.14166666666666666
2 0.47682291666666665 0.31342592592592594 0.14635416666666667 0.18981481481481483
2 0.9541666666666667 0.5060185185185185 0.08333333333333333 0.19537037037037036
0 0.5856770833333333 0.7935185185185185 0.16197916666666667 0.17962962962962964
0 0.31979166666666664 0.6222222222222222 0.10520833333333333 0.15925925925925927
0 0.24375 0.5833333333333334 0.042708333333333334 0.1
0 0.15963541666666667 0.7638888888888888 0.1296875 0.15555555555555556
0 0.08671875 0.6564814814814814 0.0796875 0.07222222222222222