6 0.9528645833333333 0.5638888888888889 0.05677083333333333 0.2
6 0.9203125 0.5171296296296296 0.040625 0.18981481481481483
6 0.7739583333333333 0.4810185185185185 0.05 0.2101851851851852
6 0.7421875 0.4439814814814815 0.034375 0.175
6 0.7309895833333333 0.3824074074074074 0.030729166666666665 0.16111111111111112
6 0.41041666666666665 0.3106481481481482 0.023958333333333335 0.12129629629629629
6 0.0890625 0.6013888888888889 0.04375 0.2712962962962963
2 0.4828125 0.31296296296296294 0.13229166666666667 0.16666666666666666
2 0.8130208333333333 0.42777777777777776 0.08333333333333333 0.2037037037037037
2 0.9520833333333333 0.5009259259259259 0.08229166666666667 0.2222222222222222
0 0.08984375 0.663425925925926 0.10572916666666667 0.18611111111111112