6 0.23619791666666667 0.5361111111111111 0.0453125 0.2074074074074074
6 0.14114583333333333 0.649537037037037 0.051041666666666666 0.20092592592592592
6 0.11119791666666666 0.6643518518518519 0.0421875 0.21944444444444444
6 0.05963541666666667 0.5893518518518519 0.04114583333333333 0.17314814814814813
6 0.027083333333333334 0.6217592592592592 0.05416666666666667 0.21203703703703702
6 0.4934895833333333 0.26481481481481484 0.0265625 0.14074074074074075
6 0.52578125 0.2671296296296296 0.022395833333333334 0.1175925925925926
6 0.9536458333333333 0.4097222222222222 0.036458333333333336 0.1287037037037037
2 0.9609375 0.6712962962962963 0.07604166666666666 0.2833333333333333
0 0.14036458333333332 0.7125 0.10677083333333333 0.14351851851851852
0 0.04973958333333333 0.6476851851851851 0.043229166666666666 0.08981481481481482
0 0.26328125 0.5861111111111111 0.04114583333333333 0.12222222222222222