0 0.285156 0.732639 0.15625 0.204167
0 0.317578 0.627083 0.127344 0.176389
0 0.224219 0.5375 0.079687 0.152778
0 0.084375 0.677083 0.126563 0.115278
6 0.283984 0.7 0.055469 0.244444
6 0.301562 0.546528 0.06875 0.154167
6 0.217187 0.5 0.03125 0.194444
6 0.163672 0.611806 0.064844 0.256944
6 0.106641 0.563889 0.047656 0.172222
6 0.056641 0.625694 0.075781 0.215278
6 0.064062 0.4375 0.039062 0.172222
6 0.494922 0.203472 0.025781 0.098611
6 0.417578 0.171528 0.028906 0.095833
6 0.724219 0.495139 0.042188 0.1875
6 0.788672 0.478472 0.033594 0.193056
6 0.886328 0.38125 0.025781 0.140278
6 0.858594 0.345833 0.028125 0.119444
2 0.966406 0.5 0.067188 0.244444
2 0.824219 0.436111 0.1 0.222222
6 0.825781 0.288889 0.039062 0.113889