6 0.8815104166666666 0.4930555555555556 0.0328125 0.19907407407407407
6 0.22942708333333334 0.47314814814814815 0.03697916666666667 0.1425925925925926
6 0.20963541666666666 0.524074074074074 0.0328125 0.10925925925925926
6 0.07447916666666667 0.5550925925925926 0.03229166666666667 0.11388888888888889
6 0.11692708333333333 0.6824074074074075 0.04114583333333333 0.23148148148148148
6 0.37552083333333336 0.33564814814814814 0.03333333333333333 0.14166666666666666
2 0.9565104166666667 0.5662037037037037 0.08489583333333334 0.30092592592592593
2 0.8122395833333333 0.48055555555555557 0.11614583333333334 0.21851851851851853
2 0.603125 0.38287037037037036 0.13229166666666667 0.18425925925925926
2 0.4869791666666667 0.33240740740740743 0.12916666666666668 0.16666666666666666
0 0.3729166666666667 0.6898148148148148 0.11666666666666667 0.15925925925925927
0 0.12369791666666667 0.7101851851851851 0.10677083333333333 0.1648148148148148