2 0.9166666666666666 0.5560185185185185 0.16458333333333333 0.2861111111111111
2 0.36770833333333336 0.34629629629629627 0.18229166666666666 0.2074074074074074
2 0.16380208333333332 0.1787037037037037 0.07760416666666667 0.08888888888888889
6 0.4440104166666667 0.17685185185185184 0.022395833333333334 0.08518518518518518
6 0.42890625 0.17731481481481481 0.019270833333333334 0.0824074074074074
6 0.6682291666666667 0.1962962962962963 0.034375 0.09444444444444444
6 0.6403645833333333 0.20787037037037037 0.025520833333333333 0.10833333333333334
6 0.8565104166666667 0.1787037037037037 0.0296875 0.12962962962962962
3 0.76328125 0.0763888888888889 0.0921875 0.14166666666666666
0 0.6486979166666667 0.2550925925925926 0.05572916666666667 0.08611111111111111
0 0.8596354166666667 0.22824074074074074 0.030729166666666665 0.09166666666666666
0 0.43385416666666665 0.21481481481481482 0.04479166666666667 0.05185185185185185