2 0.06380208333333333 0.3902777777777778 0.11822916666666666 0.14537037037037037
2 0.9153645833333334 0.5662037037037037 0.1671875 0.287962962962963
2 0.571875 0.07037037037037037 0.09791666666666667 0.10925925925925926
2 0.5096354166666667 0.07268518518518519 0.0734375 0.09537037037037037
6 0.9213541666666667 0.924537037037037 0.08958333333333333 0.13055555555555556
6 0.27395833333333336 0.6523148148148148 0.06979166666666667 0.23796296296296296
6 0.3770833333333333 0.29305555555555557 0.040625 0.12685185185185185
6 0.48203125 0.29768518518518516 0.0390625 0.1398148148148148
0 0.4328125 0.06851851851851852 0.03229166666666667 0.025925925925925925
0 0.3768229166666667 0.32731481481481484 0.05572916666666667 0.11574074074074074
0 0.48385416666666664 0.33564814814814814 0.059375 0.125