2 0.046875 0.6407407407407407 0.09166666666666666 0.23148148148148148
2 0.24947916666666667 0.3680555555555556 0.2125 0.25092592592592594
2 0.05182291666666667 0.25277777777777777 0.09114583333333333 0.10185185185185185
2 0.4010416666666667 0.049074074074074076 0.07604166666666666 0.08333333333333333
2 0.9130208333333333 0.5550925925925926 0.171875 0.28425925925925927
2 0.64375 0.04537037037037037 0.06145833333333333 0.07962962962962963
6 0.42734375 0.45185185185185184 0.043229166666666666 0.14629629629629629
6 0.01875 0.8902777777777777 0.035416666666666666 0.20277777777777778
0 0.428125 0.5194444444444445 0.07916666666666666 0.14629629629629629
0 0.024479166666666666 0.9342592592592592 0.04895833333333333 0.12037037037037036
1 0.4947916666666667 0.2833333333333333 0.10416666666666667 0.19814814814814816