2 0.9166666666666666 0.5583333333333333 0.16458333333333333 0.2814814814814815
2 0.5177083333333333 0.1125 0.10208333333333333 0.09166666666666666
6 0.809375 0.24953703703703703 0.035416666666666666 0.15833333333333333
6 0.23671875 0.32037037037037036 0.028645833333333332 0.10740740740740741
6 0.21276041666666667 0.325 0.030729166666666665 0.10740740740740741
6 0.2390625 0.5194444444444445 0.0375 0.1425925925925926
6 0.22317708333333333 0.5412037037037037 0.033854166666666664 0.15462962962962962
6 0.19479166666666667 0.5518518518518518 0.046875 0.1814814814814815
3 0.5033854166666667 0.2449074074074074 0.1515625 0.22314814814814815
0 0.20364583333333333 0.612037037037037 0.109375 0.15185185185185185
0 0.22057291666666667 0.38287037037037036 0.0609375 0.0787037037037037
0 0.8119791666666667 0.30185185185185187 0.04479166666666667 0.11296296296296296