2 0.970312 0.508333 0.089062 0.327778
2 0.222266 0.871528 0.447656 0.2875
2 0.970312 0.508333 0.089062 0.327778
2 0.970312 0.508333 0.089062 0.327778
2 0.970312 0.508333 0.089062 0.327778
2 0.970312 0.508333 0.089062 0.327778
2 0.970312 0.508333 0.089062 0.327778
2 0.970312 0.508333 0.089062 0.327778
2 0.970312 0.508333 0.089062 0.327778
2 0.970312 0.508333 0.089062 0.327778
2 0.970312 0.508333 0.089062 0.327778
2 0.625391 0.361805 0.292969 0.320833
2 0.902734 0.085417 0.152344 0.190278
2 0.382812 0.297222 0.33125 0.3