2 0.9166666666666666 0.5615740740740741 0.16458333333333333 0.2712962962962963
2 0.4578125 0.2847222222222222 0.15520833333333334 0.19166666666666668
2 0.23984375 0.36435185185185187 0.1640625 0.18611111111111112
2 0.05390625 0.5592592592592592 0.10572916666666667 0.1925925925925926
2 0.2674479166666667 0.11527777777777778 0.07135416666666666 0.08055555555555556
2 0.6161458333333333 0.03888888888888889 0.07083333333333333 0.05925925925925926
6 0.5247395833333334 0.08518518518518518 0.021354166666666667 0.07222222222222222
6 0.42265625 0.1884259259259259 0.018229166666666668 0.05648148148148148
1 0.6765625 0.16666666666666666 0.08229166666666667 0.14444444444444443
1 0.21276041666666667 0.5972222222222222 0.1890625 0.36666666666666664
0 0.5260416666666666 0.11481481481481481 0.034375 0.05925925925925926