2 0.4828125 0.13564814814814816 0.09895833333333333 0.09166666666666666
2 0.9166666666666666 0.5592592592592592 0.16458333333333333 0.2796296296296296
6 0.12994791666666666 0.6023148148148149 0.0484375 0.1638888888888889
6 0.10807291666666667 0.6296296296296297 0.03802083333333333 0.1574074074074074
6 0.07708333333333334 0.6425925925925926 0.053125 0.18703703703703703
6 0.19348958333333333 0.35 0.028645833333333332 0.11851851851851852
6 0.16901041666666666 0.3509259259259259 0.030729166666666665 0.1111111111111111
6 0.7984375 0.26157407407407407 0.034375 0.15833333333333333
0 0.8036458333333333 0.3138888888888889 0.04895833333333333 0.13703703703703704
0 0.09270833333333334 0.7074074074074074 0.115625 0.15925925925925927
0 0.17734375 0.40555555555555556 0.07239583333333334 0.09814814814814815
3 0.43671875 0.2833333333333333 0.16510416666666666 0.24259259259259258