2 0.970312 0.508333 0.089062 0.327778
2 0.209766 0.874305 0.447656 0.2875
2 0.970312 0.508333 0.089062 0.327778
2 0.970312 0.508333 0.089062 0.327778
2 0.970312 0.508333 0.089062 0.327778
2 0.970312 0.508333 0.089062 0.327778
2 0.970312 0.508333 0.089062 0.327778
2 0.970312 0.508333 0.089062 0.327778
2 0.970312 0.508333 0.089062 0.327778
2 0.970312 0.508333 0.089062 0.327778
2 0.970312 0.508333 0.089062 0.327778
2 0.970312 0.508333 0.089062 0.327778
2 0.970312 0.508333 0.089062 0.327778
2 0.970312 0.508333 0.089062 0.327778
2 0.608594 0.338194 0.282813 0.315278
2 0.176172 0.384028 0.342969 0.381944
2 0.767969 0.115972 0.192188 0.231944