2 0.18932291666666667 0.48657407407407405 0.21614583333333334 0.2601851851851852
2 0.03177083333333333 0.5111111111111111 0.059375 0.17037037037037037
2 0.9143229166666667 0.5564814814814815 0.16927083333333334 0.2851851851851852
2 0.48541666666666666 0.09953703703703703 0.0875 0.08981481481481482
2 0.07447916666666667 0.21805555555555556 0.08020833333333334 0.09351851851851851
6 0.3307291666666667 0.27361111111111114 0.029166666666666667 0.10462962962962963
6 0.36432291666666666 0.1763888888888889 0.0234375 0.08055555555555556
6 0.378125 0.16064814814814815 0.026041666666666668 0.08055555555555556
1 0.5296875 0.2796296296296296 0.10208333333333333 0.18333333333333332
0 0.33567708333333335 0.30648148148148147 0.04739583333333333 0.0962962962962963
0 0.37213541666666666 0.20277777777777778 0.043229166666666666 0.07222222222222222