2 0.9151041666666667 0.5574074074074075 0.16770833333333332 0.2833333333333333
2 0.665625 0.12638888888888888 0.1125 0.11574074074074074
2 0.23932291666666666 0.27685185185185185 0.12447916666666667 0.17222222222222222
2 0.22942708333333334 0.1685185185185185 0.09010416666666667 0.08703703703703704
2 0.09713541666666667 0.20694444444444443 0.08072916666666667 0.10277777777777777
2 0.023177083333333334 0.26805555555555555 0.044270833333333336 0.08611111111111111
2 0.8359375 0.03009259259259259 0.084375 0.05092592592592592
6 0.5377604166666666 0.09351851851851851 0.0140625 0.07222222222222222
0 0.5390625 0.125 0.03229166666666667 0.07407407407407407
0 0.71171875 0.03287037037037037 0.0203125 0.04351851851851852
1 0.40260416666666665 0.3194444444444444 0.10520833333333333 0.1962962962962963