2 0.9161458333333333 0.5662037037037037 0.165625 0.28055555555555556
2 0.49765625 0.09212962962962963 0.0828125 0.09537037037037037
2 0.09166666666666666 0.2101851851851852 0.08125 0.0962962962962963
2 0.042708333333333334 0.5018518518518519 0.07708333333333334 0.2037037037037037
2 0.2125 0.4777777777777778 0.20625 0.25925925925925924
6 0.34010416666666665 0.2638888888888889 0.03125 0.10185185185185185
6 0.37604166666666666 0.1726851851851852 0.022916666666666665 0.09166666666666666
6 0.3932291666666667 0.15925925925925927 0.017708333333333333 0.09814814814814815
0 0.34088541666666666 0.30092592592592593 0.050520833333333334 0.09444444444444444
0 0.38255208333333335 0.19814814814814816 0.0359375 0.05555555555555555
1 0.5411458333333333 0.2689814814814815 0.09375 0.1787037037037037