2 0.9151041666666667 0.5694444444444444 0.16770833333333332 0.2851851851851852
2 0.359375 0.29259259259259257 0.15416666666666667 0.17222222222222222
2 0.10338541666666666 0.5069444444444444 0.18697916666666667 0.22685185185185186
2 0.1234375 0.2101851851851852 0.09375 0.1037037037037037
2 0.35260416666666666 0.2212962962962963 0.11666666666666667 0.1259259259259259
2 0.5046875 0.10694444444444444 0.084375 0.08981481481481482
2 0.7760416666666666 0.05648148148148148 0.08125 0.08148148148148149
2 0.86484375 0.04351851851851852 0.07760416666666667 0.06296296296296296
0 0.5453125 0.2601851851851852 0.05416666666666667 0.11296296296296296
6 0.53515625 0.22268518518518518 0.0203125 0.08981481481481482
6 0.5515625 0.21574074074074073 0.019791666666666666 0.10185185185185185