2 0.18619791666666666 0.48657407407407405 0.2171875 0.2601851851851852
2 0.9166666666666666 0.5606481481481481 0.16458333333333333 0.28055555555555556
2 0.6369791666666667 0.05185185185185185 0.06875 0.07592592592592592
6 0.37578125 0.22592592592592592 0.028645833333333332 0.1
6 0.35598958333333336 0.23333333333333334 0.025520833333333333 0.09814814814814815
6 0.5479166666666667 0.2824074074074074 0.029166666666666667 0.11296296296296296
6 0.5361979166666667 0.3023148148148148 0.0234375 0.11388888888888889
6 0.5182291666666666 0.3125 0.034375 0.13055555555555556
6 0.8427083333333333 0.19814814814814816 0.03125 0.12777777777777777
0 0.36276041666666664 0.2712962962962963 0.049479166666666664 0.08703703703703704
0 0.5236979166666667 0.35648148148148145 0.0671875 0.11296296296296296
0 0.8455729166666667 0.25833333333333336 0.03177083333333333 0.08703703703703704
3 0.6872395833333333 0.12083333333333333 0.1109375 0.175