2 0.08098958333333334 0.4166666666666667 0.14947916666666666 0.18518518518518517
2 0.47161458333333334 0.15555555555555556 0.10572916666666667 0.10555555555555556
2 0.9151041666666667 0.5513888888888889 0.16770833333333332 0.262037037037037
6 0.471875 0.6935185185185185 0.06666666666666667 0.2462962962962963
6 0.465625 0.23425925925925925 0.025 0.10555555555555556
6 0.48072916666666665 0.2337962962962963 0.019791666666666666 0.09166666666666666
6 0.740625 0.060648148148148145 0.027083333333333334 0.07314814814814814
0 0.48541666666666666 0.7962962962962963 0.06145833333333333 0.19814814814814816
0 0.46770833333333334 0.28055555555555556 0.05416666666666667 0.08703703703703704
0 0.7427083333333333 0.09675925925925925 0.029166666666666667 0.06018518518518518
3 0.2752604166666667 0.11296296296296296 0.08385416666666666 0.11666666666666667