2 0.27890625 0.11435185185185186 0.07447916666666667 0.0824074074074074
2 0.49635416666666665 0.22268518518518518 0.14479166666666668 0.14166666666666666
2 0.4278645833333333 0.12222222222222222 0.0828125 0.09814814814814815
2 0.9140625 0.5666666666666667 0.16979166666666667 0.26851851851851855
0 0.16119791666666666 0.49398148148148147 0.0828125 0.1398148148148148
0 0.3536458333333333 0.39861111111111114 0.075 0.1287037037037037
0 0.684375 0.13287037037037036 0.03854166666666667 0.04537037037037037
6 0.6828125 0.10694444444444444 0.016666666666666666 0.06759259259259259
6 0.3528645833333333 0.35138888888888886 0.03802083333333333 0.1287037037037037
6 0.17473958333333334 0.4425925925925926 0.0265625 0.14629629629629629
6 0.14869791666666668 0.4449074074074074 0.028645833333333332 0.1287037037037037
1 0.6919270833333333 0.21944444444444444 0.0828125 0.17037037037037037
1 0.7963541666666667 0.06157407407407407 0.05520833333333333 0.10462962962962963
1 0.12760416666666666 0.3861111111111111 0.103125 0.19444444444444445