2 0.970312 0.508333 0.089062 0.327778
2 0.222266 0.871528 0.447656 0.2875
2 0.970312 0.508333 0.089062 0.327778
2 0.970312 0.508333 0.089062 0.327778
2 0.970312 0.508333 0.089062 0.327778
2 0.970312 0.508333 0.089062 0.327778
2 0.970312 0.508333 0.089062 0.327778
2 0.970312 0.508333 0.089062 0.327778
2 0.970312 0.508333 0.089062 0.327778
2 0.970312 0.508333 0.089062 0.327778
2 0.970312 0.508333 0.089062 0.327778
2 0.970312 0.508333 0.089062 0.327778
2 0.970312 0.508333 0.089062 0.327778
2 0.970312 0.508333 0.089062 0.327778
2 0.413281 0.005556 0.207813 0.211111