2 0.9161458333333333 0.5648148148148148 0.1625 0.29074074074074074
2 0.21380208333333334 0.32685185185185184 0.15260416666666668 0.16296296296296298
2 0.5080729166666667 0.08796296296296297 0.08489583333333334 0.09074074074074075
0 0.61484375 0.8888888888888888 0.14739583333333334 0.20555555555555555
0 0.5669270833333333 0.2111111111111111 0.043229166666666666 0.08888888888888889
0 0.14765625 0.4962962962962963 0.08177083333333333 0.12777777777777777
6 0.5885416666666666 0.7953703703703704 0.04895833333333333 0.30925925925925923
6 0.56875 0.18194444444444444 0.019791666666666666 0.10092592592592593
6 0.16223958333333333 0.4337962962962963 0.0265625 0.125
6 0.14192708333333334 0.4361111111111111 0.033854166666666664 0.12777777777777777
6 0.3625 0.09259259259259259 0.014583333333333334 0.04814814814814815