2 0.37109375 0.15648148148148147 0.11302083333333333 0.1425925925925926
2 0.46536458333333336 0.1625 0.10364583333333334 0.13055555555555556
2 0.6091145833333333 0.1699074074074074 0.11510416666666666 0.13796296296296295
2 0.9161458333333333 0.5574074074074075 0.165625 0.2796296296296296
2 0.65 0.04537037037037037 0.07395833333333333 0.08888888888888889
6 0.28958333333333336 0.27037037037037037 0.022916666666666665 0.08518518518518518
6 0.8171875 0.10555555555555556 0.027083333333333334 0.07777777777777778
0 0.29453125 0.31805555555555554 0.0578125 0.08055555555555556
0 0.821875 0.15462962962962962 0.041666666666666664 0.07592592592592592
1 0.23619791666666667 0.4722222222222222 0.13489583333333333 0.24814814814814815
1 0.05182291666666667 0.5138888888888888 0.0953125 0.21851851851851853