2 0.5682291666666667 0.1087962962962963 0.090625 0.10648148148148148
2 0.440625 0.040740740740740744 0.059375 0.05925925925925926
2 0.8166666666666667 0.03425925925925926 0.07604166666666666 0.05925925925925926
6 0.32838541666666665 0.7328703703703704 0.0609375 0.27314814814814814
6 0.5348958333333333 0.24537037037037038 0.028125 0.07407407407407407
6 0.14895833333333333 0.26481481481481484 0.0125 0.0962962962962963
6 0.16223958333333333 0.2796296296296296 0.016145833333333335 0.08703703703703704
0 0.14739583333333334 0.3106481481481482 0.05625 0.08796296296296297
0 0.53984375 0.31203703703703706 0.033854166666666664 0.09444444444444444
1 0.23541666666666666 0.7 0.15625 0.35555555555555557
1 0.6200520833333333 0.19398148148148148 0.0828125 0.1675925925925926
1 0.6596354166666667 0.12175925925925926 0.07239583333333334 0.13425925925925927