2 0.052083333333333336 0.375 0.10208333333333333 0.1814814814814815
2 0.26458333333333334 0.11666666666666667 0.065625 0.07037037037037037
2 0.3416666666666667 0.2967592592592593 0.165625 0.17314814814814813
2 0.41692708333333334 0.16111111111111112 0.09427083333333333 0.1111111111111111
2 0.48932291666666666 0.28194444444444444 0.1421875 0.16574074074074074
2 0.4361979166666667 0.043055555555555555 0.0578125 0.0712962962962963
2 0.66875 0.11203703703703703 0.12083333333333333 0.13518518518518519
2 0.9166666666666666 0.5583333333333333 0.16458333333333333 0.2814814814814815
0 0.5549479166666667 0.45046296296296295 0.07447916666666667 0.15648148148148147
0 0.6729166666666667 0.2847222222222222 0.05 0.10092592592592593
6 0.6700520833333333 0.24305555555555555 0.03177083333333333 0.1175925925925926
6 0.5752604166666667 0.3680555555555556 0.0296875 0.14166666666666666
6 0.5494791666666666 0.40370370370370373 0.03854166666666667 0.18518518518518517
1 0.7893229166666667 0.08194444444444444 0.06302083333333333 0.1287037037037037