2 0.9161458333333333 0.5638888888888889 0.165625 0.28888888888888886
2 0.05 0.5736111111111111 0.09895833333333333 0.20277777777777778
2 0.47291666666666665 0.16898148148148148 0.10833333333333334 0.12685185185185185
2 0.4283854166666667 0.04953703703703704 0.0703125 0.07685185185185185
2 0.6239583333333333 0.04212962962962963 0.07604166666666666 0.06574074074074074
6 0.29270833333333335 0.5148148148148148 0.058333333333333334 0.1648148148148148
6 0.3078125 0.22916666666666666 0.019791666666666666 0.08981481481481482
6 0.28984375 0.23703703703703705 0.0234375 0.09814814814814815
6 0.5859375 0.16157407407407406 0.021875 0.08981481481481482
0 0.5861979166666667 0.20694444444444443 0.04635416666666667 0.09351851851851851
0 0.29791666666666666 0.5736111111111111 0.0875 0.14166666666666666
0 0.29713541666666665 0.2662037037037037 0.05677083333333333 0.07685185185185185