2 0.745174 0.376253 0.025781 0.052778
2 0.764882 0.438256 0.028906 0.073611
2 0.212275 0.440223 0.057031 0.056944
1 0.596615 0.914432 0.069531 0.218056
2 0.302356 0.403834 0.051562 0.055556
1 0.663861 0.802333 0.04375 0.1875
2 0.519355 0.439666 0.039844 0.063889
1 0.656805 0.489197 0.01875 0.073611
3 0.572824 0.394981 0.029687 0.072222
1 0.547172 0.820652 0.071875 0.172222
3 0.307773 0.608304 0.086719 0.097222
3 0.402001 0.540776 0.090625 0.111111
3 0.61259 0.416922 0.03125 0.055556
0 0.216578 0.712105 0.033594 0.070833
2 0.577895 0.469366 0.042188 0.058333
3 0.269031 0.73837 0.085938 0.176389
2 0.087892 0.814911 0.159375 0.209722
0 0.174601 0.829775 0.047656 0.102778
4 0.469245 0.451619 0.075781 0.161111
4 0.098047 0.5875 0.257031 0.272222
5 0.374219 0.763194 0.3 0.415278
1 0.564453 0.571528 0.041406 0.118056