1 0.720316 0.410687 0.044531 0.084722
5 0.883128 0.664971 0.219531 0.381944
2 0.464503 0.270228 0.034375 0.066667
5 0.593898 0.286984 0.049219 0.088889
3 0.537083 0.396599 0.027344 0.055556
5 0.352761 0.391898 0.082813 0.219444
1 0.643155 0.470997 0.035156 0.084722
1 0.728821 0.496753 0.051562 0.109722
0 0.58649 0.41796 0.020312 0.043056
3 0.407349 0.895653 0.113281 0.1625
1 0.24015 0.919609 0.11875 0.120833
1 0.415129 0.68892 0.074219 0.1875
1 0.338607 0.674052 0.075781 0.198611
5 0.625666 0.684608 0.170312 0.438889
2 0.533266 0.486931 0.029687 0.106944
5 0.370408 0.250683 0.047656 0.083333
5 0.42577 0.261806 0.038281 0.091667
5 0.413392 0.445823 0.096094 0.276389
5 0.217666 0.582046 0.203125 0.548611
5 0.066272 0.716682 0.115625 0.4875
1 0.623828 0.373611 0.022656 0.047222
2 0.520312 0.334722 0.029687 0.080556
1 0.539062 0.265278 0.015625 0.041667