2 0.742651 0.380445 0.025781 0.052778
2 0.765091 0.445452 0.028906 0.073611
1 0.687828 0.457143 0.028125 0.05
2 0.16328 0.503611 0.065625 0.091667
2 0.21447 0.448366 0.059375 0.070833
1 0.66199 0.818817 0.057813 0.1875
2 0.296711 0.412119 0.049219 0.047222
2 0.57633 0.385997 0.025 0.040278
1 0.641856 0.633929 0.036719 0.098611
1 0.596637 0.58721 0.039844 0.127778
2 0.50253 0.471386 0.045313 0.05
1 0.577688 0.447588 0.020312 0.056944
5 0.580681 0.300687 0.053125 0.079167
5 0.674445 0.381435 0.0375 0.095833
5 0.238408 0.834025 0.317969 0.3625
1 0.630767 0.413578 0.021875 0.055556
3 0.542626 0.405663 0.032812 0.0625
5 0.306759 0.593499 0.23125 0.363889
5 0.478986 0.625618 0.158594 0.286111
0 0.048047 0.670139 0.052344 0.081944
0 0.128906 0.601389 0.0375 0.058333