2 0.744921 0.384012 0.025781 0.052778
2 0.76692 0.448665 0.028906 0.073611
1 0.690165 0.460124 0.028125 0.05
2 0.159983 0.508892 0.065625 0.091667
2 0.209263 0.44762 0.059375 0.070833
1 0.663196 0.827949 0.057813 0.1875
2 0.299127 0.401712 0.049219 0.047222
2 0.578618 0.389163 0.025 0.040278
1 0.643827 0.636543 0.036719 0.098611
1 0.599622 0.589265 0.039844 0.127778
2 0.505644 0.47448 0.045313 0.05
1 0.577387 0.436589 0.020312 0.056944
5 0.583158 0.304138 0.053125 0.079167
1 0.029387 0.567635 0.053125 0.125
2 0.519491 0.382449 0.030469 0.045833
5 0.675475 0.377824 0.0375 0.095833
5 0.243275 0.835932 0.317969 0.3625
1 0.643361 0.404567 0.021875 0.055556
3 0.545634 0.408801 0.032812 0.0625
1 0.143508 0.622245 0.078906 0.120833
5 0.310556 0.595693 0.23125 0.363889
5 0.482067 0.627368 0.158594 0.286111