2 0.75438 0.377172 0.025781 0.052778
2 0.776584 0.442781 0.028906 0.073611
1 0.693794 0.508065 0.028125 0.05
2 0.1711 0.49901 0.065625 0.091667
1 0.099164 0.547656 0.033594 0.084722
2 0.218326 0.440973 0.059375 0.070833
2 0.495159 0.483082 0.033594 0.070833
1 0.669343 0.805725 0.057813 0.1875
1 0.506578 0.792254 0.067969 0.173611
2 0.316401 0.419199 0.049219 0.047222
5 0.423719 0.484363 0.158594 0.240278
2 0.303147 0.535523 0.08125 0.088889
5 0.556591 0.500536 0.085938 0.183333
5 0.480999 0.348747 0.076563 0.097222
3 0.595848 0.362473 0.025781 0.059722
2 0.628273 0.352603 0.025 0.040278
3 0.217689 0.715956 0.135156 0.180556
5 0.360351 0.782688 0.196875 0.469444
1 0.656038 0.531984 0.036719 0.098611
1 0.622437 0.535344 0.039844 0.127778
3 0.069922 0.8 0.163281 0.333333