5 0.172791 0.309099 0.097656 0.118056
5 0.657953 0.305637 0.077344 0.15
5 0.345842 0.251422 0.101562 0.233333
1 0.712693 0.356091 0.035156 0.073611
5 0.905417 0.751091 0.2625 0.455556
5 0.557073 0.212104 0.033594 0.084722
1 0.61493 0.352627 0.027344 0.058333
5 0.200401 0.40452 0.151562 0.197222
3 0.418025 0.251464 0.032031 0.043056
1 0.419313 0.289635 0.035156 0.079167
2 0.456707 0.29854 0.033594 0.086111
2 0.431045 0.38429 0.020312 0.098611
1 0.792124 0.840434 0.085938 0.226389
5 0.431995 0.18515 0.035937 0.101389
3 0.171058 0.653368 0.248437 0.484722
5 0.540194 0.306954 0.047656 0.151389
2 0.50647 0.221688 0.017969 0.05
1 0.752287 0.506427 0.047656 0.080556
5 0.315126 0.775228 0.288281 0.402778
5 0.366483 0.457438 0.134375 0.279167
5 0.058984 0.550694 0.141406 0.356944