6 0.415261 0.92168 0.040625 0.183333
0 0.119986 0.882511 0.058594 0.141667
3 0.538929 0.525269 0.092188 0.1375
1 0.847875 0.483133 0.067188 0.152778
1 0.896063 0.504505 0.073437 0.125
0 0.280041 0.530052 0.046094 0.115278
0 0.680919 0.453879 0.035937 0.051389
6 0.49097 0.89799 0.046094 0.191667
1 0.045791 0.319928 0.039062 0.066667
1 0.047291 0.262116 0.020312 0.056944
2 0.89375 0.859273 0.114063 0.188889
2 0.733861 0.647244 0.170312 0.286111
3 0.229864 0.311701 0.042188 0.094444
5 0.242002 0.224521 0.083594 0.102778
2 0.886166 0.718384 0.113281 0.175
0 0.762526 0.54169 0.051562 0.080556
1 0.345703 0.9375 0.114844 0.25
3 0.291406 0.3125 0.08125 0.130556
2 0.451953 0.399306 0.083594 0.109722