2 0.73953 0.39749 0.025781 0.052778
2 0.758827 0.459654 0.028906 0.073611
2 0.157578 0.510357 0.065625 0.091667
2 0.210693 0.455841 0.059375 0.070833
2 0.285803 0.421846 0.049219 0.047222
2 0.255079 0.646592 0.053906 0.068056
1 0.482293 0.378832 0.03125 0.0625
2 0.383254 0.56804 0.060156 0.068056
5 0.351977 0.739782 0.232031 0.388889
2 0.348617 0.506683 0.061719 0.088889
5 0.605631 0.504598 0.089844 0.184722
1 0.655638 0.83698 0.051562 0.191667
1 0.608328 0.741766 0.082031 0.166667
1 0.560833 0.669002 0.072656 0.173611
1 0.506951 0.537902 0.047656 0.109722
0 0.430406 0.425953 0.017188 0.043056
0 0.387049 0.433552 0.014844 0.044444
0 0.413144 0.426567 0.015625 0.027778
0 0.286494 0.52037 0.021094 0.051389
3 0.464029 0.488217 0.059375 0.093056
2 0.534555 0.416735 0.042969 0.041667
2 0.512743 0.448607 0.039844 0.05
5 0.107031 0.744444 0.234375 0.411111