2 0.755536 0.476148 0.023438 0.086111
2 0.738797 0.417197 0.023438 0.059722
1 0.585495 0.925108 0.063281 0.120833
2 0.205096 0.484209 0.055469 0.052778
2 0.289809 0.442287 0.05 0.055556
1 0.668802 0.574789 0.039844 0.080556
2 0.154328 0.541508 0.082031 0.081944
1 0.68895 0.476853 0.032031 0.084722
1 0.217595 0.514538 0.05 0.113889
4 0.637769 0.381479 0.029687 0.052778
4 0.626868 0.348948 0.025 0.068056
1 0.637778 0.528765 0.032031 0.108333
3 0.484023 0.49697 0.057813 0.116667
1 0.682437 0.374665 0.01875 0.036111
1 0.479085 0.732785 0.055469 0.165278
3 0.054688 0.886111 0.109375 0.138889