2 0.748809 0.481676 0.023438 0.086111
2 0.732166 0.420423 0.023438 0.059722
2 0.200182 0.47647 0.055469 0.052778
2 0.285353 0.443296 0.05 0.055556
2 0.143315 0.537688 0.082031 0.081944
1 0.582471 0.95422 0.085938 0.179167
1 0.652464 0.858007 0.060156 0.163889
4 0.536756 0.424733 0.059375 0.105556
2 0.635885 0.399029 0.026563 0.051389
1 0.647136 0.713219 0.041406 0.118056
1 0.382009 0.428619 0.024219 0.059722
2 0.509402 0.544277 0.033594 0.081944
4 0.322762 0.644519 0.121875 0.226389
5 0.566987 0.557986 0.077344 0.181944
1 0.661405 0.385485 0.01875 0.051389
0 0.432039 0.654958 0.029687 0.075
0 0.215189 0.641494 0.041406 0.073611
2 0.586328 0.411806 0.030469 0.045833