1 0.544648 0.60951 0.047656 0.109722
1 0.513434 0.906386 0.065625 0.095833
1 0.551511 0.777523 0.055469 0.120833
1 0.600188 0.8883 0.063281 0.123611
1 0.663288 0.808053 0.042188 0.148611
1 0.654351 0.492828 0.028125 0.101389
1 0.496892 0.361278 0.024219 0.033333
2 0.556695 0.507481 0.05625 0.088889
2 0.506239 0.432954 0.050781 0.084722
2 0.759916 0.424141 0.023438 0.086111
2 0.745153 0.380434 0.023438 0.059722
1 0.680272 0.373561 0.020312 0.043056
3 0.289027 0.628693 0.097656 0.1125
3 0.395351 0.546944 0.105469 0.134722
4 0.457071 0.453795 0.067969 0.151389
3 0.556673 0.416292 0.039062 0.093056
3 0.590002 0.438049 0.038281 0.072222
4 0.236312 0.50319 0.21875 0.244444
5 0.329475 0.784007 0.31875 0.408333
0 0.099395 0.932985 0.069531 0.1
0 0.198091 0.73771 0.021875 0.081944
2 0.0625 0.846528 0.175 0.201389
3 0.109766 0.549306 0.078906 0.201389