2 0.772913 0.425638 0.023438 0.086111
2 0.75251 0.357381 0.023438 0.059722
1 0.647857 0.618802 0.033594 0.104167
1 0.557908 0.783765 0.059375 0.159722
1 0.586969 0.886281 0.063281 0.120833
2 0.55618 0.445587 0.041406 0.058333
2 0.639992 0.344796 0.023438 0.040278
1 0.606133 0.457711 0.025781 0.063889
1 0.651029 0.429514 0.028125 0.070833
0 0.060619 0.523668 0.038281 0.058333
2 0.387979 0.540235 0.079687 0.1125
1 0.584005 0.640154 0.047656 0.119444
2 0.16494 0.482997 0.077344 0.075
3 0.48278 0.461596 0.047656 0.084722
2 0.214648 0.430439 0.055469 0.052778
4 0.585034 0.301915 0.045313 0.077778
2 0.297386 0.401471 0.05 0.055556
4 0.230867 0.634749 0.185156 0.293056
0 0.438281 0.813194 0.04375 0.106944
0 0.376172 0.69375 0.042969 0.084722
3 0.288672 0.663194 0.114844 0.159722
3 0.276953 0.842361 0.146094 0.2125
3 0.037891 0.847222 0.099219 0.180556
5 0.420703 0.385417 0.113281 0.143056