5 0.993363 0.490292 0.186719 0.266667
0 0.180792 0.839539 0.064062 0.133333
6 0.320097 0.89828 0.032812 0.175
6 0.215673 0.776877 0.027344 0.163889
1 0.07571 0.629824 0.0625 0.148611
1 0.218477 0.672535 0.08125 0.163889
0 0.024689 0.619888 0.034375 0.081944
5 0.106085 0.209009 0.078906 0.148611
3 0.446104 0.397411 0.069531 0.104167
0 0.515897 0.409937 0.015625 0.048611
1 0.369999 0.339804 0.035156 0.070833
1 0.313123 0.301367 0.028125 0.072222
5 0.446195 0.263819 0.085938 0.166667
0 0.094427 0.44997 0.016406 0.047222
1 0.080263 0.391051 0.033594 0.093056
5 0.312336 0.609915 0.253125 0.375
5 0.71849 0.510507 0.334375 0.420833
5 0.233736 0.21282 0.079687 0.120833
1 0.338206 0.269442 0.026563 0.055556
2 0.716406 0.911111 0.214062 0.172222
3 0.487109 0.565278 0.141406 0.236111