5 0.370595 0.277798 0.070312 0.186111
5 0.259334 0.383617 0.138281 0.226389
5 0.640018 0.284714 0.05625 0.1375
2 0.448227 0.383267 0.05 0.094444
2 0.620345 0.95012 0.135156 0.298611
1 0.660982 0.628907 0.055469 0.148611
0 0.582031 0.618056 0.03125 0.094444
0 0.557031 0.535417 0.017188 0.070833
0 0.692969 0.891667 0.035937 0.125
0 0.221094 0.861806 0.035937 0.109722
5 0.713672 0.4125 0.085156 0.236111
2 0.388281 0.718056 0.09375 0.208333
5 0.079687 0.752778 0.159375 0.411111
2 0.576172 0.422222 0.050781 0.127778