3 0.424912 0.17417 0.023438 0.054167
1 0.400759 0.276992 0.024219 0.045833
2 0.531756 0.246705 0.025781 0.070833
3 0.597759 0.2994 0.032812 0.0875
2 0.451458 0.252397 0.035156 0.075
5 0.452683 0.210525 0.038281 0.102778
5 0.474258 0.153208 0.022656 0.080556
5 0.783298 0.854394 0.339844 0.523611
5 0.71502 0.407165 0.1125 0.194444
5 0.433382 0.404852 0.102344 0.345833
5 0.364567 0.309362 0.086719 0.158333
5 0.338599 0.257335 0.057813 0.111111
5 0.283467 0.306725 0.071094 0.116667
5 0.18041 0.335241 0.10625 0.127778
3 0.577439 0.532443 0.071094 0.151389
0 0.61253 0.418845 0.021875 0.052778
3 0.543736 0.199866 0.017188 0.045833
1 0.563371 0.208076 0.009375 0.043056
0 0.595091 0.34848 0.011719 0.045833
0 0.46744 0.568037 0.021875 0.063889
1 0.109317 0.929997 0.080469 0.101389
1 0.315798 0.546225 0.055469 0.091667
1 0.350134 0.427178 0.036719 0.102778
2 0.5625 0.341667 0.034375 0.075
2 0.542578 0.390278 0.046094 0.116667
5 0.199609 0.496528 0.242969 0.320833
5 0.284375 0.811111 0.307813 0.391667
5 0.042188 0.751389 0.153125 0.469444