2 0.748798 0.486727 0.023438 0.086111
2 0.732114 0.425511 0.023438 0.059722
2 0.20041 0.481893 0.055469 0.052778
2 0.284598 0.448434 0.05 0.055556
2 0.143364 0.543167 0.082031 0.081944
1 0.340476 0.444893 0.039844 0.076389
1 0.669059 0.51353 0.028125 0.056944
1 0.676417 0.474802 0.021094 0.055556
1 0.586554 0.961395 0.085938 0.179167
1 0.647756 0.861673 0.060156 0.163889
2 0.602552 0.439784 0.021875 0.045833
5 0.626187 0.442994 0.051562 0.108333
2 0.529789 0.408344 0.038281 0.0375
1 0.481345 0.628838 0.051562 0.123611
4 0.467953 0.510043 0.092188 0.169444
4 0.565687 0.407507 0.059375 0.105556
0 0.548828 0.484722 0.011719 0.036111