2 0.763862 0.482052 0.023438 0.086111
2 0.744471 0.41883 0.023438 0.059722
1 0.585989 0.953852 0.058594 0.172222
1 0.651231 0.861619 0.057031 0.181944
1 0.688601 0.481265 0.027344 0.075
2 0.208153 0.470372 0.057031 0.05
5 0.323017 0.437175 0.100781 0.108333
2 0.160327 0.531321 0.06875 0.077778
1 0.580016 0.518773 0.032031 0.075
1 0.490777 0.42001 0.023438 0.059722
1 0.435297 0.447875 0.032812 0.068056
3 0.380337 0.454023 0.045313 0.081944
5 0.557219 0.368208 0.057031 0.075
1 0.126237 0.599517 0.071875 0.126389
1 0.513501 0.821382 0.0625 0.169444
2 0.301172 0.748611 0.128906 0.172222
2 0.223047 0.7375 0.130469 0.175
2 0.404687 0.565972 0.065625 0.098611
2 0.467969 0.572222 0.082813 0.169444
2 0.414062 0.479167 0.05625 0.052778