2 0.748785 0.386099 0.025781 0.052778
2 0.768444 0.447982 0.028906 0.073611
0 0.059814 0.549851 0.04375 0.052778
2 0.164298 0.508623 0.071875 0.070833
2 0.214549 0.45562 0.057031 0.056944
5 0.555584 0.627608 0.125781 0.305556
1 0.594081 0.943622 0.069531 0.218056
2 0.296018 0.42369 0.051562 0.055556
2 0.378747 0.560152 0.057031 0.0625
1 0.665095 0.808895 0.04375 0.1875
1 0.405634 0.944277 0.0875 0.2875
2 0.287766 0.634409 0.074219 0.118056
1 0.674176 0.406252 0.022656 0.052778
1 0.694067 0.412212 0.020312 0.045833
4 0.606723 0.344481 0.030469 0.070833
2 0.293994 0.709195 0.11875 0.193056
3 0.420651 0.687918 0.09375 0.176389
3 0.159709 0.748948 0.151562 0.2625
3 0.476812 0.539397 0.060156 0.1
3 0.472433 0.483153 0.057813 0.0875
3 0.524736 0.442232 0.065625 0.1
5 0.52836 0.339529 0.057031 0.088889
0 0.259665 0.521356 0.025781 0.047222
0 0.353981 0.436945 0.015625 0.031944
0 0.165441 0.913292 0.057813 0.151389