6 0.229353 0.772511 0.040625 0.183333
0 0.19889 0.813048 0.061719 0.138889
6 0.03979 0.551154 0.028125 0.120833
1 0.152905 0.324402 0.057813 0.120833
1 0.099901 0.379953 0.042188 0.080556
2 1.0 0.784133 0.227344 0.315278
5 0.937223 0.457556 0.323438 0.383333
2 0.14904 0.239721 0.046094 0.081944
2 0.206153 0.284614 0.057031 0.084722
5 0.13251 0.186436 0.0625 0.116667
0 0.199066 0.449238 0.030469 0.093056
1 0.248181 0.93665 0.142188 0.123611
6 0.373414 0.893012 0.039844 0.195833
3 0.258411 0.327211 0.080469 0.151389
2 0.570271 0.421619 0.098438 0.170833
0 0.879882 0.68213 0.063281 0.091667
3 0.402589 0.334102 0.059375 0.098611
2 0.465335 0.347325 0.060156 0.088889
1 0.39191 0.624659 0.083594 0.1625
1 0.494353 0.624003 0.091406 0.2125
2 0.714933 0.607256 0.140625 0.1875
0 0.432241 0.524613 0.039844 0.086111