6 0.276548 0.767367 0.040625 0.183333
6 0.040014 0.553083 0.028125 0.120833
5 1.0 0.540097 0.323438 0.383333
6 0.403713 0.884516 0.039844 0.195833
3 0.489432 0.408945 0.059375 0.098611
1 0.107516 0.244995 0.029687 0.059722
2 0.696817 0.530016 0.121875 0.2125
2 0.601824 0.439582 0.067188 0.109722
2 0.138677 0.221471 0.025781 0.063889
3 0.173687 0.250673 0.051562 0.115278
1 0.252115 0.382641 0.055469 0.130556
1 0.212627 0.440456 0.06875 0.125
2 0.855468 0.727182 0.182031 0.205556
1 0.081093 0.33777 0.029687 0.073611
0 0.214562 0.835963 0.058594 0.141667
0 0.52644 0.314727 0.029687 0.063889
0 0.479669 0.322588 0.020312 0.0375
6 0.56277 0.728647 0.032031 0.166667