2 0.738605 0.546556 0.023438 0.086111
2 0.721609 0.486766 0.023438 0.059722
1 0.64062 0.925973 0.057813 0.166667
0 0.506755 0.645448 0.020312 0.070833
1 0.390767 0.496884 0.030469 0.048611
1 0.601122 0.769967 0.051562 0.125
1 0.601501 0.492313 0.020312 0.041667
0 0.660848 0.589268 0.010937 0.044444
2 0.13144 0.623866 0.071875 0.088889
1 0.633896 0.593077 0.028125 0.040278
2 0.183991 0.556692 0.047656 0.070833
5 0.514898 0.521467 0.089844 0.158333
1 0.201459 0.601346 0.039062 0.072222
2 0.46916 0.491023 0.035937 0.038889
1 0.666491 0.462264 0.019531 0.044444
1 0.686716 0.467453 0.017969 0.045833
1 0.618831 0.44555 0.013281 0.041667
3 0.642433 0.440232 0.01875 0.05
3 0.343665 0.554409 0.08125 0.143056
5 0.322883 0.538413 0.105469 0.133333
4 0.533892 0.418417 0.046094 0.070833
2 0.266016 0.527083 0.028906 0.056944
5 0.369141 0.634028 0.141406 0.2625
1 0.574219 0.577083 0.034375 0.093056