2 0.745868 0.387989 0.025781 0.052778
2 0.765385 0.449806 0.028906 0.073611
0 0.055719 0.550794 0.04375 0.052778
2 0.160435 0.509643 0.071875 0.070833
2 0.210707 0.456607 0.057031 0.056944
5 0.551289 0.616557 0.125781 0.305556
1 0.588364 0.946407 0.069531 0.218056
2 0.29271 0.424458 0.051562 0.055556
1 0.660639 0.830284 0.04375 0.1875
1 0.646142 0.44938 0.022656 0.052778
1 0.687124 0.430793 0.020312 0.045833
3 0.424625 0.586671 0.060156 0.1
3 0.430149 0.516616 0.057813 0.0875
3 0.493363 0.460262 0.065625 0.1
5 0.573805 0.304914 0.057031 0.088889
0 0.39899 0.421162 0.025781 0.047222
0 0.434915 0.39598 0.015625 0.031944
2 0.218006 0.786688 0.135937 0.247222
2 0.228097 0.67732 0.109375 0.154167
2 0.323378 0.61437 0.075 0.116667
0 0.34887 0.691424 0.024219 0.0625
3 0.299662 0.837269 0.135937 0.220833
0 0.452505 0.689394 0.029687 0.0875
4 0.584016 0.368754 0.047656 0.095833
1 0.676501 0.364401 0.025781 0.056944
3 0.064453 0.825 0.182031 0.25