5 0.881424 0.631198 0.222656 0.3875
1 0.713699 0.352815 0.044531 0.084722
3 0.590047 0.385056 0.04375 0.115278
3 0.510598 0.278095 0.021875 0.0625
2 0.519828 0.229391 0.028906 0.056944
4 0.565886 0.239378 0.047656 0.140278
0 0.61853 0.301164 0.019531 0.036111
5 0.505112 0.167889 0.029687 0.061111
5 0.316069 0.375548 0.141406 0.206944
5 0.43717 0.360668 0.085156 0.233333
5 0.446493 0.210181 0.048437 0.115278
5 0.382251 0.238586 0.065625 0.094444
5 0.329695 0.238029 0.061719 0.084722
5 0.279532 0.307019 0.091406 0.156944
5 0.17834 0.356488 0.100781 0.190278
3 0.099854 0.404202 0.060156 0.123611
2 0.427765 0.522434 0.0625 0.147222
0 0.372109 0.568845 0.019531 0.059722
0 0.417564 0.454911 0.023438 0.05
1 0.390234 0.650694 0.058594 0.198611
1 0.632812 0.456944 0.040625 0.113889
3 0.862109 0.799306 0.172656 0.354167
1 0.724609 0.495139 0.039844 0.120833
5 0.148828 0.735417 0.260156 0.523611
5 0.085156 0.596528 0.170312 0.223611
6 0.319922 0.930556 0.074219 0.133333
1 0.389062 0.422917 0.042188 0.054167