1 0.588002 0.922883 0.063281 0.120833
2 0.207595 0.482277 0.055469 0.052778
2 0.292449 0.439533 0.05 0.055556
1 0.665061 0.580642 0.039844 0.080556
2 0.157374 0.539703 0.082031 0.081944
1 0.683501 0.482044 0.032031 0.084722
3 0.544679 0.438688 0.038281 0.084722
1 0.189492 0.533726 0.05 0.113889
1 0.519595 0.67438 0.039844 0.115278
4 0.672998 0.346095 0.029687 0.052778
4 0.644077 0.342541 0.025 0.068056
2 0.15281 0.963476 0.175 0.215278
0 0.284835 0.90885 0.042188 0.094444
3 0.139399 0.795442 0.142969 0.141667
1 0.619879 0.56019 0.032031 0.108333