3 0.514032 0.410162 0.082031 0.148611
3 0.39511 0.300087 0.082813 0.158333
3 0.245954 0.222806 0.051562 0.088889
1 0.918366 0.392766 0.053906 0.120833
0 0.141575 0.796455 0.071094 0.151389
6 0.362751 0.753914 0.039844 0.198611
5 0.710936 0.771477 0.496875 0.448611
3 0.705252 0.518122 0.207031 0.276389
3 0.907169 0.740926 0.101562 0.211111
2 0.164796 0.331942 0.0875 0.104167
3 0.095455 0.353989 0.069531 0.138889
5 0.148474 0.205573 0.098438 0.155556
3 0.293153 0.250685 0.053125 0.091667
1 0.887019 0.430546 0.076563 0.116667
0 0.851172 0.530556 0.071094 0.1