6 0.226386 0.773849 0.040625 0.183333
6 0.036134 0.553606 0.029687 0.118056
1 0.066537 0.366627 0.038281 0.120833
6 0.367846 0.930328 0.033594 0.256944
0 0.186393 0.394523 0.024219 0.075
0 0.163508 0.304236 0.014062 0.059722
5 0.106206 0.25705 0.071875 0.155556
2 0.337011 0.291273 0.035937 0.055556
2 0.513929 0.418159 0.079687 0.1625
2 0.157521 0.271857 0.047656 0.081944
1 0.15836 0.493832 0.053906 0.097222
0 0.205502 0.815168 0.061719 0.138889
5 0.653617 0.355656 0.228125 0.251389
5 0.264251 0.338166 0.157031 0.230556
3 0.154873 0.218642 0.038281 0.073611
3 0.691737 0.48 0.09375 0.155556
2 0.366217 0.513881 0.127344 0.169444
2 0.991266 0.796864 0.214062 0.280556
0 0.400195 0.303085 0.023438 0.043056
1 0.906825 0.434523 0.046875 0.123611
1 0.965914 0.456569 0.066406 0.138889
2 0.677936 0.586504 0.141406 0.168056
2 0.571094 0.697917 0.14375 0.1875
1 0.61875 0.902778 0.13125 0.202778