2 0.75289 0.545982 0.023438 0.086111
2 0.73643 0.497183 0.023438 0.059722
1 0.697103 0.50853 0.027344 0.075
1 0.541503 0.522278 0.023438 0.043056
1 0.652132 0.939432 0.053906 0.186111
2 0.143132 0.623012 0.079687 0.108333
5 0.307121 0.538232 0.159375 0.166667
2 0.387109 0.57084 0.067188 0.077778
2 0.451155 0.51057 0.049219 0.05
1 0.477665 0.475189 0.021094 0.05
0 0.520722 0.63828 0.021875 0.052778
0 0.449009 0.748909 0.025781 0.059722
1 0.650362 0.455528 0.021875 0.041667
5 0.526845 0.455064 0.073437 0.1
2 0.194806 0.556219 0.045313 0.052778
0 0.069141 0.802083 0.053906 0.095833