2 0.773133 0.42258 0.023438 0.086111
2 0.752605 0.354652 0.023438 0.059722
1 0.655962 0.572811 0.033594 0.104167
1 0.594351 0.88765 0.063281 0.120833
2 0.594715 0.388635 0.023438 0.040278
1 0.635757 0.446828 0.028125 0.070833
0 0.054279 0.53017 0.038281 0.058333
2 0.215003 0.431483 0.055469 0.052778
4 0.611615 0.279802 0.045313 0.077778
2 0.297352 0.40175 0.05 0.055556
0 0.266377 0.841244 0.042969 0.084722
3 0.448063 0.507602 0.063281 0.077778
2 0.467305 0.559222 0.057813 0.1
1 0.55028 0.560883 0.034375 0.098611
3 0.149756 0.922443 0.191406 0.148611
1 0.586962 0.71494 0.048437 0.168056
2 0.152765 0.487368 0.067969 0.075
5 0.534785 0.323187 0.075781 0.108333
3 0.278334 0.498024 0.071094 0.113889
3 0.13679 0.816376 0.16875 0.272222
2 0.288514 0.618723 0.11875 0.180556
1 0.536159 0.71893 0.046094 0.168056