3 0.465399 0.37471 0.082031 0.148611
3 0.378002 0.302064 0.082813 0.158333
3 0.316746 0.251725 0.051562 0.088889
1 0.911129 0.381029 0.053906 0.120833
1 0.853057 0.367247 0.052344 0.130556
1 0.764557 0.364584 0.054688 0.105556
0 0.126021 0.762285 0.071094 0.151389
6 0.36072 0.748465 0.039844 0.198611
5 0.70576 0.778991 0.496875 0.448611
3 0.650921 0.463817 0.207031 0.276389
3 0.876069 0.710293 0.101562 0.211111
2 0.234085 0.402147 0.0875 0.104167
3 0.111112 0.399119 0.069531 0.138889
5 0.176904 0.245181 0.098438 0.155556
3 0.262006 0.225569 0.053125 0.091667