6 0.29779 0.764478 0.040625 0.183333
5 1.0 0.559053 0.323438 0.383333
6 0.457966 0.864526 0.039844 0.195833
0 0.200123 0.817083 0.058594 0.141667
0 0.572874 0.326025 0.029687 0.063889
0 0.544071 0.344874 0.020312 0.0375
6 0.540566 0.763278 0.032031 0.166667
2 0.885215 0.742605 0.198437 0.25
2 0.712211 0.532602 0.160938 0.261111
3 0.52814 0.440727 0.092188 0.1375
1 0.200783 0.321421 0.03125 0.101389
1 0.177021 0.381925 0.057031 0.109722
2 0.340233 0.242752 0.034375 0.076389
3 0.154687 0.220833 0.040625 0.080556