5 0.88326 0.630045 0.222656 0.3875
1 0.71462 0.373734 0.044531 0.084722
2 0.546821 0.324535 0.028906 0.056944
0 0.641984 0.38289 0.019531 0.036111
5 0.517502 0.247267 0.029687 0.061111
5 0.329822 0.266147 0.061719 0.084722
5 0.27928 0.334299 0.091406 0.156944
5 0.178728 0.384572 0.100781 0.190278
3 0.099774 0.433193 0.060156 0.123611
2 0.446494 0.45154 0.0625 0.147222
0 0.419708 0.455118 0.023438 0.05
1 0.388836 0.424685 0.04375 0.068056
3 0.527 0.422901 0.029687 0.094444
1 0.78385 0.671693 0.050781 0.170833
5 0.079148 0.740492 0.15 0.508333
3 0.413702 0.660591 0.089844 0.094444
0 0.510467 0.340202 0.01875 0.027778
5 0.216802 0.620788 0.204688 0.466667
5 0.445671 0.184842 0.033594 0.066667
5 0.446538 0.288645 0.059375 0.155556
5 0.398758 0.230512 0.039844 0.094444
5 0.36163 0.348052 0.092188 0.201389
0 0.434207 0.36133 0.015625 0.038889
3 0.71736 0.834943 0.116406 0.347222
4 0.608932 0.407647 0.085156 0.259722
3 0.345675 0.776025 0.11875 0.35
1 0.571094 0.272917 0.020312 0.048611