3 0.270368 0.303426 0.057813 0.098611
3 0.377662 0.24702 0.039844 0.084722
5 0.296668 0.244138 0.077344 0.130556
5 0.386916 0.182756 0.041406 0.105556
1 0.22011 0.298158 0.03125 0.070833
5 0.157149 0.31895 0.121094 0.126389
5 0.510251 0.155156 0.024219 0.065278
6 0.291125 0.558271 0.035937 0.141667
1 0.281234 0.622972 0.0875 0.151389
5 0.228648 0.465823 0.177344 0.322222
2 0.511826 0.242344 0.023438 0.073611
3 0.974177 0.783379 0.135156 0.315278
2 0.613529 0.424211 0.05 0.097222
3 0.536754 0.418047 0.052344 0.120833
3 0.519227 0.330882 0.035937 0.070833
4 0.550306 0.283201 0.045313 0.136111
5 0.095894 0.78527 0.191406 0.425
5 0.402044 0.435392 0.102344 0.345833
5 0.101613 0.491393 0.192188 0.252778
0 0.649007 0.826914 0.039844 0.147222
0 0.551792 0.662119 0.0375 0.116667
0 0.683185 0.462411 0.016406 0.061111
0 0.657542 0.417307 0.014844 0.065278
2 0.839897 0.837153 0.135156 0.261111
1 0.674609 0.700694 0.067969 0.218056
1 0.382422 0.86875 0.107031 0.256944
6 0.263672 0.902778 0.053906 0.155556