6 0.368874 0.731134 0.035156 0.176389
1 0.598514 0.293128 0.041406 0.084722
1 0.071325 0.359041 0.065625 0.148611
5 0.669953 0.783744 0.471094 0.463889
3 0.342893 0.268051 0.0625 0.130556
3 0.26991 0.230353 0.048437 0.094444
5 0.998811 0.470103 0.239063 0.359722
3 0.414984 0.339624 0.08125 0.152778
5 0.284959 0.350639 0.16875 0.245833
3 0.18971 0.54692 0.098438 0.2375
3 0.559688 0.405211 0.171094 0.230556
3 0.81531 0.638261 0.160938 0.258333
1 0.751172 0.390972 0.072656 0.123611
1 0.85 0.366667 0.051562 0.116667