1 0.637937 0.544605 0.028125 0.101389
2 0.756106 0.427486 0.023438 0.086111
2 0.741319 0.38357 0.023438 0.059722
1 0.665172 0.39827 0.020312 0.043056
0 0.047461 0.550355 0.042188 0.063889
2 0.154412 0.500321 0.065625 0.088889
3 0.537649 0.41639 0.034375 0.065278
0 0.615897 0.469722 0.01875 0.031944
4 0.448435 0.378704 0.107813 0.152778
2 0.206018 0.441841 0.055469 0.051389
4 0.417497 0.504033 0.0875 0.166667
3 0.514899 0.541794 0.058594 0.098611
3 0.483542 0.499698 0.063281 0.123611
2 0.645826 0.334946 0.019531 0.052778
3 0.562253 0.389937 0.024219 0.084722
1 0.673036 0.348395 0.017188 0.034722
3 0.334899 0.438293 0.086719 0.125
3 0.321504 0.612261 0.130469 0.180556
2 0.439512 0.688652 0.095312 0.145833
3 0.135168 0.746278 0.14375 0.194444
1 0.434375 0.833333 0.0875 0.202778
1 0.534766 0.866667 0.053906 0.122222
1 0.489453 0.903472 0.047656 0.129167
1 0.594141 0.889583 0.058594 0.131944
1 0.613281 0.722917 0.05 0.173611
1 0.656641 0.815972 0.052344 0.173611