3 0.497915 0.394045 0.082031 0.148611
3 0.391417 0.302393 0.082813 0.158333
3 0.24271 0.210807 0.051562 0.088889
1 0.916164 0.393578 0.053906 0.120833
0 0.137973 0.798771 0.071094 0.151389
6 0.359798 0.755489 0.039844 0.198611
5 0.708953 0.773824 0.496875 0.448611
3 0.696215 0.515219 0.207031 0.276389
3 0.910817 0.736944 0.101562 0.211111
2 0.179243 0.340699 0.0875 0.104167
3 0.091666 0.356013 0.069531 0.138889
5 0.162626 0.225782 0.098438 0.155556
3 0.289054 0.245859 0.053125 0.091667
1 0.869134 0.423096 0.076563 0.116667
0 0.840292 0.518374 0.042188 0.091667