0 0.199433 0.810326 0.064062 0.133333
6 0.361206 0.877413 0.045313 0.204167
6 0.043622 0.438305 0.025781 0.106944
3 0.19066 0.23816 0.064844 0.119444
5 0.205769 0.447095 0.182812 0.313889
1 0.101538 0.433691 0.047656 0.109722
1 0.076769 0.518382 0.051562 0.123611
6 0.226445 0.755158 0.040625 0.183333
5 0.361181 0.213621 0.1 0.148611
1 0.345907 0.462819 0.071094 0.102778
0 0.305207 0.396449 0.028125 0.077778
1 0.904488 0.425953 0.046094 0.109722
1 0.951452 0.43539 0.046094 0.130556
0 0.681336 0.783941 0.09375 0.155556
2 0.474949 0.560545 0.114844 0.152778
1 0.980722 0.744524 0.126563 0.216667
1 0.923198 0.633791 0.095312 0.147222
1 0.511475 0.680316 0.101562 0.201389
2 0.102474 0.868592 0.208594 0.225
1 0.361823 0.565101 0.071094 0.152778
5 0.601673 0.331433 0.163281 0.265278
5 0.512281 0.380305 0.203906 0.290278
1 0.959375 0.55 0.08125 0.172222
0 0.828516 0.93125 0.099219 0.134722
3 0.650781 0.900694 0.198437 0.215278
0 0.395703 0.706944 0.061719 0.127778