0 0.192809 0.772781 0.064062 0.133333
6 0.218244 0.761432 0.027344 0.163889
1 0.079698 0.532677 0.0625 0.148611
0 0.095858 0.332012 0.016406 0.047222
1 0.072181 0.314272 0.033594 0.093056
5 0.365035 0.287502 0.117188 0.152778
1 0.132604 0.519749 0.060156 0.147222
1 0.534606 0.444907 0.055469 0.111111
1 0.55119 0.405542 0.041406 0.102778
3 0.257102 0.305109 0.096094 0.170833
5 0.242466 0.471004 0.200781 0.338889
5 0.512065 0.280411 0.121094 0.184722
6 0.357332 0.885908 0.045313 0.204167
6 0.039208 0.446644 0.025781 0.106944
1 0.91309 0.43921 0.061719 0.141667
2 0.325956 0.447075 0.078906 0.143056
2 0.159929 0.896858 0.199219 0.165278
1 0.723247 0.546543 0.08125 0.155556
1 0.800414 0.453883 0.061719 0.145833
3 0.865566 0.701546 0.182031 0.258333
1 0.619531 0.8 0.117188 0.233333
1 0.579297 0.888194 0.135156 0.206944
2 0.864062 0.903472 0.264062 0.1875
0 0.471094 0.561111 0.042188 0.094444