3 0.330197 0.265514 0.051562 0.088889
1 0.91905 0.374064 0.053906 0.120833
0 0.141026 0.774157 0.071094 0.151389
3 0.407884 0.308051 0.06875 0.141667
3 0.497024 0.37977 0.10625 0.183333
1 0.044973 0.602889 0.052344 0.106944
1 0.857043 0.36484 0.038281 0.115278
0 0.70871 0.411007 0.036719 0.075
1 0.651062 0.343854 0.048437 0.105556
5 0.46921 0.221215 0.123438 0.1625
5 0.323678 0.190719 0.09375 0.102778
0 0.291667 0.388542 0.032031 0.075
0 0.229666 0.305576 0.011719 0.052778
0 0.345632 0.435537 0.034375 0.086111
5 0.678701 0.774051 0.471094 0.477778
3 0.181641 0.509722 0.094531 0.177778
3 0.805469 0.491667 0.14375 0.222222
3 0.664453 0.509028 0.142969 0.226389