5 0.948975 0.50216 0.186719 0.266667
1 0.100736 0.464874 0.044531 0.122222
0 0.166988 0.847712 0.064062 0.133333
6 0.280697 0.903659 0.032812 0.175
6 0.215838 0.789172 0.027344 0.163889
0 0.101967 0.545184 0.029687 0.098611
0 0.105311 0.363658 0.020312 0.063889
5 0.141197 0.258368 0.101562 0.175
3 0.32738 0.334844 0.045313 0.084722
1 0.06413 0.672406 0.0625 0.148611
1 0.613429 0.381824 0.045313 0.095833
5 0.412836 0.227297 0.09375 0.105556
1 0.316021 0.822641 0.08125 0.163889
3 0.859338 0.583183 0.145313 0.215278
5 0.470341 0.37244 0.167969 0.240278
3 0.719023 0.614288 0.13125 0.180556
1 0.582422 0.757639 0.049219 0.184722
5 0.408984 0.727083 0.332031 0.498611
0 0.023438 0.628472 0.034375 0.081944