1 0.723136 0.402416 0.044531 0.084722
5 0.891355 0.67813 0.219531 0.381944
1 0.742481 0.512075 0.051562 0.109722
1 0.64399 0.429086 0.022656 0.047222
5 0.636894 0.332469 0.057813 0.133333
5 0.261931 0.478144 0.142969 0.448611
5 0.387456 0.325578 0.073437 0.169444
5 0.450458 0.336737 0.070312 0.186111
3 0.531447 0.403353 0.029687 0.066667
1 0.401029 0.452232 0.04375 0.116667
1 0.428338 0.44538 0.042188 0.109722
3 0.430191 0.539629 0.070312 0.159722
1 0.874858 0.890359 0.091406 0.213889
2 0.567354 0.530633 0.064844 0.151389
5 0.266096 0.81449 0.3 0.343056
3 0.628125 0.838194 0.121875 0.290278
1 0.4 0.595833 0.051562 0.122222
1 0.366406 0.540278 0.051562 0.116667
5 0.087109 0.716667 0.200781 0.527778
1 0.565625 0.363194 0.028125 0.073611