2 0.745531 0.532949 0.023438 0.086111
2 0.728118 0.47311 0.023438 0.059722
1 0.650608 0.928577 0.057813 0.166667
5 0.454524 0.444879 0.071875 0.102778
1 0.669272 0.497765 0.017969 0.031944
1 0.595899 0.548285 0.025781 0.072222
0 0.407203 0.534029 0.016406 0.048611
0 0.471826 0.47616 0.011719 0.020833
5 0.610096 0.427237 0.047656 0.076389
5 0.645163 0.408101 0.035156 0.066667
4 0.299737 0.566992 0.153906 0.1875
2 0.141856 0.616946 0.085156 0.090278
1 0.675762 0.421572 0.024219 0.043056
2 0.197266 0.547222 0.063281 0.052778
0 0.589063 0.810417 0.020312 0.070833
0 0.538281 0.522222 0.017188 0.030556