2 0.754975 0.559249 0.023438 0.086111
2 0.735707 0.496478 0.023438 0.059722
1 0.69318 0.503798 0.027344 0.075
0 0.555609 0.581379 0.015625 0.058333
1 0.608096 0.44287 0.023438 0.043056
1 0.649221 0.930964 0.053906 0.186111
0 0.578023 0.527278 0.0125 0.043056
2 0.076627 0.908344 0.221094 0.184722
2 0.07533 0.895736 0.132812 0.173611
2 0.094922 0.761111 0.136719 0.119444
2 0.300391 0.611806 0.075781 0.0625
5 0.145703 0.595833 0.219531 0.236111
5 0.315625 0.494444 0.09375 0.116667
5 0.441016 0.486806 0.097656 0.131944