2 0.744582 0.533999 0.023438 0.086111
2 0.727193 0.474137 0.023438 0.059722
1 0.652783 0.918727 0.057813 0.166667
1 0.666017 0.509833 0.017969 0.031944
0 0.443006 0.511101 0.016406 0.048611
0 0.493524 0.463307 0.011719 0.020833
5 0.593499 0.443416 0.047656 0.076389
5 0.632585 0.418575 0.035156 0.066667
2 0.140868 0.61758 0.085156 0.090278
1 0.667033 0.436163 0.024219 0.043056
2 0.196276 0.547781 0.063281 0.052778
0 0.606883 0.742095 0.020312 0.070833
0 0.49267 0.563364 0.017188 0.030556
5 0.467946 0.445967 0.053125 0.076389
2 0.137106 0.747871 0.123438 0.130556
1 0.569922 0.598611 0.049219 0.091667
5 0.025781 0.727778 0.125 0.244444
4 0.364453 0.534722 0.111719 0.169444