2 0.738121 0.539751 0.023438 0.086111
2 0.721185 0.480081 0.023438 0.059722
1 0.650927 0.927221 0.057813 0.166667
1 0.656941 0.537799 0.017969 0.031944
1 0.639508 0.475175 0.024219 0.043056
0 0.633976 0.655998 0.020312 0.070833
1 0.35309 0.526872 0.030469 0.048611
2 0.273243 0.522183 0.049219 0.047222
5 0.526881 0.498009 0.057813 0.106944
4 0.464432 0.457928 0.085938 0.1125
5 0.589394 0.454162 0.05625 0.0875
2 0.354976 0.584151 0.063281 0.072222
5 0.160095 0.616251 0.183594 0.220833
0 0.231175 0.680728 0.029687 0.051389
0 0.262891 0.796528 0.047656 0.081944
1 0.53125 0.918056 0.051562 0.125
1 0.452734 0.778472 0.064844 0.176389