3 0.521049 0.4123 0.082031 0.148611
3 0.397881 0.297983 0.082813 0.158333
3 0.248424 0.221134 0.051562 0.088889
1 0.920177 0.391641 0.053906 0.120833
0 0.143188 0.794774 0.071094 0.151389
6 0.355937 0.735232 0.039844 0.198611
5 0.712186 0.770176 0.496875 0.448611
3 0.713898 0.521681 0.207031 0.276389
3 0.915986 0.74436 0.101562 0.211111
2 0.162022 0.316057 0.0875 0.104167
3 0.097513 0.352129 0.069531 0.138889
5 0.150563 0.203566 0.098438 0.155556
3 0.296517 0.250681 0.053125 0.091667
1 0.90235 0.43199 0.076563 0.116667
0 0.864247 0.535729 0.071094 0.1