2 0.767019 0.488988 0.023438 0.086111
2 0.747368 0.426164 0.023438 0.059722
1 0.594467 0.956511 0.058594 0.172222
1 0.661944 0.869878 0.057031 0.181944
2 0.408293 0.566192 0.05625 0.083333
2 0.479175 0.525285 0.050781 0.065278
2 0.519308 0.480081 0.04375 0.063889
1 0.679536 0.537697 0.027344 0.075
1 0.392644 0.807765 0.069531 0.141667
0 0.455708 0.617955 0.016406 0.052778
0 0.528697 0.606041 0.019531 0.065278
1 0.67608 0.37506 0.01875 0.044444
4 0.238428 0.703134 0.185156 0.280556
4 0.143199 0.583081 0.109375 0.134722
1 0.346545 0.722718 0.066406 0.133333
5 0.469671 0.404707 0.075 0.098611
5 0.333338 0.487247 0.163281 0.158333
0 0.397519 0.666979 0.022656 0.059722
2 0.589527 0.41865 0.035156 0.079167
1 0.038672 0.604861 0.067969 0.093056
2 0.212109 0.477778 0.057031 0.05
1 0.591016 0.474306 0.035156 0.070833
1 0.637891 0.46875 0.028906 0.073611
1 0.560156 0.652083 0.0625 0.1375
1 0.014062 0.752083 0.046875 0.165278