2 0.753636 0.539187 0.023438 0.086111
2 0.736107 0.479605 0.023438 0.059722
1 0.70314 0.481903 0.027344 0.075
1 0.657593 0.926295 0.053906 0.186111
1 0.617642 0.491293 0.021875 0.041667
2 0.483562 0.496053 0.04375 0.052778
2 0.506717 0.464762 0.038281 0.041667
1 0.465465 0.589613 0.033594 0.070833
5 0.56845 0.409548 0.054688 0.080556
0 0.265429 0.988682 0.04375 0.098611
0 0.443527 0.747382 0.020312 0.077778
0 0.341952 0.609185 0.033594 0.044444
2 0.145737 0.618024 0.076563 0.077778
2 0.202898 0.551293 0.061719 0.070833
5 0.407031 0.484722 0.089062 0.122222
5 0.327344 0.50625 0.09375 0.1125
1 0.188281 0.69375 0.057813 0.098611