1 0.555228 0.268643 0.020312 0.055556
4 0.606635 0.316961 0.045313 0.1125
1 0.161519 0.750135 0.10625 0.213889
2 0.617459 0.445918 0.042188 0.1125
0 0.463194 0.525888 0.020312 0.065278
5 0.919885 0.819201 0.275781 0.325
2 0.486567 0.463492 0.050781 0.098611
5 0.433752 0.310328 0.080469 0.113889
0 0.586756 0.444672 0.014062 0.048611
0 0.269291 0.72932 0.049219 0.105556
5 0.753986 0.5036 0.110937 0.277778
5 0.694094 0.401326 0.079687 0.184722
5 0.510694 0.355443 0.072656 0.129167
5 0.390105 0.451672 0.127344 0.222222
5 0.267829 0.476545 0.149219 0.2375
2 0.287931 0.87862 0.178906 0.233333
3 0.399214 0.617224 0.140625 0.259722
5 0.102166 0.564421 0.194531 0.245833
5 0.059002 0.732282 0.109375 0.347222
1 0.276146 0.576438 0.060938 0.144444
1 0.640168 0.620562 0.061719 0.148611