2 0.751113 0.389131 0.025781 0.052778
2 0.773395 0.453988 0.028906 0.073611
1 0.692307 0.481035 0.028125 0.05
2 0.165147 0.516065 0.065625 0.091667
2 0.215205 0.453005 0.059375 0.070833
1 0.669967 0.824083 0.057813 0.1875
2 0.303991 0.409129 0.049219 0.047222
3 0.571515 0.3996 0.025781 0.059722
2 0.602973 0.379434 0.025 0.040278
1 0.65749 0.592589 0.036719 0.098611
1 0.609243 0.572226 0.039844 0.127778
1 0.434807 0.921597 0.061719 0.216667
2 0.527003 0.448175 0.045313 0.05
2 0.529486 0.385756 0.038281 0.041667
1 0.618438 0.411389 0.020312 0.056944
0 0.587533 0.461232 0.017969 0.031944
5 0.550214 0.325783 0.053125 0.079167
1 0.051211 0.57079 0.053125 0.125
5 0.499027 0.597128 0.117969 0.263889
5 0.333883 0.573376 0.190625 0.3
2 0.477919 0.41587 0.030469 0.045833
5 0.69464 0.349211 0.0375 0.095833
5 0.262891 0.809028 0.317969 0.3625
1 0.659375 0.388889 0.021875 0.055556
3 0.0625 0.863889 0.157813 0.219444