6 0.230996 0.782957 0.040625 0.183333
6 0.031401 0.55186 0.029687 0.118056
1 0.056413 0.37687 0.038281 0.120833
5 1.0 0.567019 0.339063 0.343056
6 0.3639 0.919033 0.033594 0.256944
0 0.253943 0.491399 0.024219 0.075
0 0.18028 0.353504 0.014062 0.059722
5 0.109567 0.277299 0.071875 0.155556
2 0.285528 0.232397 0.035937 0.055556
2 0.530469 0.714583 0.164062 0.218056
2 0.807031 0.679167 0.192188 0.241667
2 0.539062 0.482639 0.110937 0.1375
2 0.474219 0.371528 0.079687 0.1625
2 0.191797 0.302083 0.047656 0.081944
1 0.180078 0.543056 0.053906 0.097222
0 0.201953 0.819444 0.061719 0.138889
5 0.633594 0.338194 0.228125 0.251389
5 0.311328 0.373611 0.157031 0.230556
3 0.168359 0.235417 0.038281 0.073611
3 0.589844 0.416667 0.09375 0.155556
1 0.901953 0.430556 0.041406 0.119444
1 0.948828 0.446528 0.024219 0.120833