5 0.184686 0.289744 0.097656 0.118056
5 0.652945 0.315504 0.077344 0.15
5 0.192392 0.456077 0.171094 0.322222
5 0.329763 0.270326 0.101562 0.233333
1 0.711277 0.359174 0.035156 0.073611
5 0.899801 0.761823 0.2625 0.455556
5 0.526975 0.235389 0.032031 0.084722
1 0.574674 0.268805 0.017188 0.048611
3 0.462351 0.216452 0.032031 0.102778
3 0.399666 0.32133 0.054688 0.105556
1 0.198682 0.570433 0.069531 0.184722
0 0.363418 0.368001 0.020312 0.0625
5 0.432797 0.224599 0.051562 0.130556
1 0.384354 0.396599 0.055469 0.109722
2 0.436014 0.392398 0.052344 0.090278
5 0.069536 0.494553 0.1375 0.2625
3 0.39409 0.235325 0.025781 0.088889
1 0.729801 0.63997 0.06875 0.155556
2 0.618194 0.847617 0.101562 0.244444
2 0.403125 0.540278 0.032812 0.116667
5 0.216016 0.736111 0.352344 0.522222