1 0.725876 0.506016 0.051562 0.109722
5 0.336841 0.281169 0.039844 0.138889
5 0.273215 0.363213 0.101562 0.304167
0 0.302576 0.654132 0.027344 0.083333
5 0.113591 0.569252 0.217969 0.383333
1 0.699348 0.610337 0.054688 0.1375
1 0.630356 0.542912 0.039844 0.120833
5 0.422292 0.255239 0.046875 0.127778
2 0.438279 0.329679 0.032812 0.076389
5 0.371697 0.404694 0.111719 0.2875
5 0.614517 0.395309 0.083594 0.183333
5 0.525181 0.335172 0.064844 0.201389
3 0.327978 0.873827 0.182812 0.311111
5 0.643601 0.335817 0.069531 0.181944
2 0.205859 0.856944 0.146094 0.258333
1 0.345313 0.65625 0.070312 0.145833
5 0.166797 0.338194 0.097656 0.118056
3 0.585547 0.7125 0.127344 0.45
2 0.498437 0.211111 0.021875 0.038889
1 0.703906 0.390972 0.035937 0.081944