6 0.397466 0.717188 0.035156 0.176389
0 0.138401 0.804478 0.064844 0.141667
5 0.660839 0.787721 0.448438 0.4
3 0.37287 0.327339 0.061719 0.1125
3 0.321589 0.282971 0.053906 0.1
1 0.452672 0.25317 0.041406 0.084722
1 0.146778 0.486409 0.065625 0.148611
1 0.567559 0.316284 0.038281 0.065278
3 0.240938 0.227274 0.047656 0.105556
3 0.28125 0.878472 0.128125 0.248611
5 0.803906 0.427778 0.314063 0.380556
3 0.707422 0.572917 0.146094 0.204167
3 0.511719 0.3625 0.151562 0.188889
5 0.494922 0.495139 0.257031 0.295833