5 0.172074 0.295169 0.097656 0.118056
5 0.647903 0.30449 0.077344 0.15
1 0.709393 0.341468 0.035156 0.073611
1 0.694927 0.390081 0.047656 0.080556
2 0.450506 0.192928 0.032812 0.056944
5 0.380904 0.252723 0.0625 0.140278
3 0.351759 0.321561 0.086719 0.195833
0 0.177243 0.623598 0.028125 0.098611
0 0.34775 0.536427 0.025781 0.080556
1 0.372558 0.442432 0.047656 0.136111
3 0.426956 0.457901 0.097656 0.226389
5 0.209415 0.44571 0.158594 0.293056
3 0.519296 0.353791 0.028125 0.077778
5 0.54999 0.193201 0.039062 0.095833
5 0.391742 0.159156 0.04375 0.081944
5 0.3213 0.251819 0.08125 0.101389
3 0.579691 0.294228 0.029687 0.081944
1 0.250764 0.573025 0.08125 0.206944
5 0.440826 0.294848 0.067969 0.175
5 0.834106 0.830795 0.314063 0.531944
5 0.89983 0.753907 0.2 0.431944
1 0.794938 0.455163 0.033594 0.068056
3 0.579703 0.850508 0.09375 0.229167
2 0.581437 0.554085 0.067188 0.180556
2 0.570786 0.406471 0.04375 0.102778
1 0.417969 0.594444 0.048437 0.152778
5 0.067578 0.513889 0.135156 0.322222
5 0.291406 0.838889 0.246875 0.563889
2 0.310937 0.436111 0.079687 0.130556