3 0.520301 0.317465 0.033594 0.079167
3 0.354044 0.331771 0.048437 0.127778
3 0.436751 0.283755 0.04375 0.093056
3 0.269288 0.297066 0.057813 0.098611
3 0.363429 0.246549 0.039844 0.084722
5 0.190803 0.524364 0.23125 0.4
5 0.11586 0.540588 0.222656 0.416667
5 0.302698 0.240076 0.077344 0.130556
5 0.383955 0.196453 0.041406 0.105556
1 0.587567 0.396624 0.025781 0.070833
1 0.414929 0.3671 0.045313 0.1
1 0.218271 0.295457 0.03125 0.070833
5 0.155785 0.315856 0.121094 0.126389
2 0.57381 0.285708 0.03125 0.066667
0 0.687372 0.555166 0.024219 0.066667
0 0.555969 0.385924 0.016406 0.045833
4 0.527565 0.2196 0.032812 0.070833
3 0.847549 1.0 0.158594 0.356944
0 0.526887 0.433302 0.013281 0.052778
5 0.335259 0.686303 0.336719 0.5
5 0.495524 0.119618 0.024219 0.065278
2 0.663221 0.976292 0.147656 0.279167
3 0.8599 0.606474 0.114844 0.219444
0 0.659934 0.762096 0.038281 0.106944
1 0.631915 0.550083 0.046875 0.138889
2 0.686944 0.453574 0.053906 0.104167
3 0.547181 0.548091 0.053906 0.140278
2 0.416431 0.422738 0.049219 0.080556
6 0.975659 0.711996 0.035937 0.161111
6 0.660089 0.687176 0.029687 0.070833
6 0.174521 0.774937 0.035937 0.141667
1 0.153125 0.89375 0.0875 0.151389