2 0.761929 0.477671 0.023438 0.086111
2 0.742106 0.414561 0.023438 0.059722
1 0.589605 0.96504 0.058594 0.172222
1 0.65354 0.853255 0.057031 0.181944
1 0.684511 0.499783 0.027344 0.075
2 0.205995 0.46575 0.057031 0.05
5 0.328625 0.428902 0.100781 0.108333
2 0.457247 0.518605 0.0625 0.073611
3 0.326125 0.467116 0.075 0.079167
2 0.160804 0.529825 0.06875 0.077778
5 0.564747 0.339798 0.049219 0.073611
1 0.561155 0.65243 0.048437 0.116667
2 0.514667 0.520482 0.058594 0.127778
5 0.526328 0.369229 0.065625 0.106944
1 0.617935 0.449412 0.032031 0.075
1 0.423217 0.458971 0.035937 0.076389
2 0.286828 0.568954 0.090625 0.106944
1 0.343812 0.502289 0.045313 0.088889
2 0.315118 0.652768 0.105469 0.134722
2 0.406398 0.622534 0.078125 0.115278
1 0.374477 0.731018 0.078906 0.145833
1 0.366406 0.858333 0.090625 0.172222