2 0.752141 0.483049 0.023438 0.086111
2 0.735179 0.422121 0.023438 0.059722
2 0.199721 0.486327 0.055469 0.052778
2 0.288284 0.448476 0.05 0.055556
2 0.148585 0.544495 0.082031 0.081944
1 0.289297 0.48814 0.039844 0.076389
5 0.682932 0.374261 0.038281 0.077778
1 0.617969 0.449264 0.027344 0.056944
1 0.662102 0.539595 0.028125 0.056944
1 0.659414 0.493261 0.021094 0.055556
2 0.268901 0.585243 0.099219 0.088889
3 0.306499 0.685298 0.132812 0.247222
1 0.585967 0.941309 0.085938 0.179167
4 0.559375 0.431944 0.064062 0.113889
4 0.598047 0.379167 0.041406 0.077778
1 0.364453 0.896528 0.089844 0.195833