5 0.171302 0.298723 0.097656 0.118056
5 0.648207 0.312772 0.077344 0.15
1 0.711187 0.353679 0.035156 0.073611
1 0.69499 0.388222 0.047656 0.080556
5 0.380369 0.257165 0.0625 0.140278
3 0.351381 0.32633 0.086719 0.195833
0 0.19971 0.593932 0.028125 0.098611
0 0.354559 0.470879 0.025781 0.080556
1 0.381299 0.415659 0.047656 0.136111
3 0.429429 0.45055 0.097656 0.226389
5 0.210949 0.420727 0.158594 0.293056
3 0.521723 0.388336 0.028125 0.077778
5 0.554893 0.203058 0.039062 0.095833
5 0.391161 0.163289 0.04375 0.081944
5 0.320592 0.255909 0.08125 0.101389
3 0.584471 0.323439 0.029687 0.081944
5 0.440212 0.298855 0.067969 0.175
5 0.880533 0.939431 0.314063 0.531944
5 0.899141 0.757898 0.2 0.431944
1 0.796536 0.46603 0.033594 0.068056
2 0.587559 0.466752 0.04375 0.102778
1 0.412392 0.570196 0.048437 0.152778
2 0.304671 0.434309 0.079687 0.130556
5 0.308693 0.737611 0.270312 0.436111
5 0.596541 0.959882 0.154687 0.168056
2 0.587228 0.65356 0.082031 0.2375
1 0.259597 0.538563 0.059375 0.141667
1 0.027344 0.8875 0.126563 0.202778
5 0.052734 0.529861 0.149219 0.343056