6 0.080273 0.481824 0.025781 0.106944
1 0.073424 0.332424 0.047656 0.109722
1 0.059874 0.443661 0.051562 0.123611
6 0.223542 0.776988 0.040625 0.183333
0 0.204395 0.800818 0.064062 0.166667
5 0.170844 0.400315 0.153125 0.265278
2 0.277067 0.483658 0.041406 0.108333
5 0.552444 0.315914 0.178906 0.211111
3 0.423957 0.264076 0.049219 0.088889
1 0.16508 0.955164 0.196875 0.105556
1 0.403833 0.842307 0.085156 0.176389
6 0.35872 0.885331 0.035156 0.223611
3 0.36443 0.448233 0.113281 0.180556
3 0.264923 0.392383 0.066406 0.133333
1 0.570026 0.480616 0.067969 0.123611
1 0.688605 0.525937 0.067969 0.154167
5 0.792553 0.379863 0.321094 0.209722
2 0.407371 0.347672 0.071875 0.102778
2 0.204465 0.269564 0.053125 0.079167
2 0.51069 0.718527 0.163281 0.220833
5 0.865764 0.614892 0.278125 0.516667
0 0.552105 0.921614 0.048437 0.123611
6 0.029797 0.538954 0.021875 0.1125
0 0.005078 0.579167 0.010156 0.077778
2 0.040234 0.861111 0.080469 0.2