5 0.317427 0.240645 0.077344 0.130556
1 0.222316 0.299335 0.03125 0.070833
3 1.0 1.0 0.078906 0.280556
0 0.398029 0.371095 0.027344 0.084722
5 0.534127 0.227057 0.042969 0.106944
2 0.535113 0.330218 0.034375 0.094444
1 0.346495 0.424752 0.042188 0.084722
5 0.185886 0.635682 0.292188 0.566667
5 0.400728 0.140912 0.038281 0.059722
3 0.395214 0.205235 0.027344 0.070833
3 0.350903 0.268111 0.051562 0.093056
1 0.320039 0.329593 0.05 0.105556
3 0.435648 0.400088 0.002344 0.011111
3 0.629036 1.0 0.13125 0.331944
4 0.648559 0.517195 0.091406 0.241667
0 0.783131 0.635382 0.03125 0.094444
3 0.562843 0.635182 0.067969 0.186111
3 0.429688 0.454167 0.064062 0.180556
5 0.105469 0.552083 0.210938 0.395833
5 0.269141 0.327083 0.060156 0.1375
5 0.166406 0.323611 0.104687 0.122222
5 0.44375 0.258333 0.064062 0.169444