3 0.898708 0.704343 0.172656 0.265278
3 0.629162 0.446056 0.177344 0.255556
3 0.451472 0.3653 0.082031 0.148611
3 0.36765 0.294875 0.082813 0.158333
3 0.305054 0.253019 0.051562 0.088889
3 0.123775 0.428429 0.088281 0.169444
1 0.909849 0.378944 0.053906 0.120833
1 0.851773 0.365143 0.052344 0.130556
1 0.727027 0.363449 0.054688 0.105556
5 0.20821 0.274713 0.138281 0.205556
0 0.1297 0.788772 0.071094 0.151389
6 0.357977 0.758883 0.039844 0.198611
2 0.286696 0.441721 0.124219 0.156944
5 0.701791 0.765273 0.496875 0.448611
1 0.903407 0.457734 0.091406 0.1375