6 0.246231 0.771771 0.040625 0.183333
6 0.036178 0.558964 0.028125 0.120833
5 1.0 0.492951 0.323438 0.383333
6 0.372331 0.887421 0.039844 0.195833
3 0.456782 0.376748 0.059375 0.098611
0 0.311181 0.388445 0.039844 0.086111
1 0.119049 0.269713 0.029687 0.059722
2 0.647392 0.485335 0.121875 0.2125
2 0.549437 0.405921 0.067188 0.109722
2 0.160497 0.24167 0.025781 0.063889
3 0.201729 0.273069 0.051562 0.115278
1 0.32781 0.44336 0.055469 0.130556
1 0.264951 0.496351 0.06875 0.125
1 0.090841 0.911999 0.167187 0.173611
2 0.823187 0.693952 0.182031 0.205556
1 0.09001 0.349785 0.029687 0.073611
0 0.207585 0.828502 0.058594 0.141667
6 0.581641 0.689583 0.039844 0.134722