6 0.229898 0.771984 0.040625 0.183333
6 0.040744 0.557055 0.028125 0.120833
1 0.100094 0.351538 0.042188 0.080556
5 0.961313 0.467221 0.323438 0.383333
2 0.148174 0.231536 0.046094 0.081944
2 0.187429 0.255518 0.057031 0.084722
5 0.129032 0.183719 0.0625 0.116667
0 0.182025 0.407637 0.030469 0.093056
6 0.369782 0.880127 0.039844 0.195833
3 0.240463 0.304928 0.080469 0.151389
2 0.601523 0.454628 0.098438 0.170833
3 0.418368 0.350904 0.059375 0.098611
2 0.495619 0.369522 0.060156 0.088889
1 0.342613 0.593549 0.083594 0.1625
0 0.386905 0.472366 0.039844 0.086111
2 0.745787 0.64895 0.154687 0.201389
0 0.944927 0.710931 0.079687 0.131944
1 0.129759 0.298255 0.029687 0.059722
1 0.437537 0.568247 0.077344 0.172222
1 0.21507 0.904624 0.146875 0.166667