1 0.249291 0.289321 0.03125 0.070833
3 0.475342 0.339843 0.002344 0.011111
5 0.194507 0.313075 0.104687 0.122222
1 0.401186 0.271837 0.032031 0.052778
5 0.283804 0.272906 0.071094 0.1
3 0.407448 0.187719 0.0375 0.0625
5 0.476347 0.149368 0.046094 0.090278
1 0.244104 0.550117 0.079687 0.190278
5 0.332899 0.388487 0.125781 0.304167
3 0.458844 0.1987 0.035937 0.0625
5 0.611656 0.255933 0.041406 0.102778
5 0.336351 0.212188 0.069531 0.077778
1 0.180815 0.823966 0.099219 0.148611
5 0.886909 0.8379 0.335938 0.577778
5 0.447748 0.283479 0.057813 0.168056
5 0.565895 0.304526 0.08125 0.240278
5 0.142188 0.497222 0.254687 0.336111
5 0.059766 0.75 0.119531 0.408333
2 0.433984 0.4375 0.055469 0.102778