1 0.630858 0.545227 0.024219 0.063889
2 0.803731 0.445819 0.0375 0.088889
2 0.775068 0.392301 0.025781 0.052778
1 0.698609 0.410041 0.021875 0.051389
1 0.684996 0.481899 0.035156 0.070833
5 0.628038 0.354267 0.042188 0.0875
5 0.659479 0.376996 0.039062 0.077778
1 0.645833 0.683234 0.055469 0.097222
1 0.686245 0.826454 0.059375 0.188889
6 0.619343 0.918519 0.029687 0.151389
2 0.186147 0.516806 0.060156 0.084722
0 0.486817 0.405057 0.020312 0.0375
2 0.239667 0.457992 0.051562 0.063889
2 0.179873 0.865111 0.210156 0.275
2 0.272936 0.712228 0.119531 0.116667
5 0.388281 0.422917 0.10625 0.1375
2 0.315234 0.418056 0.047656 0.05
2 0.542188 0.5125 0.06875 0.141667
3 0.524219 0.445833 0.060938 0.136111