5 0.175655 0.308392 0.097656 0.118056
5 0.647736 0.317883 0.077344 0.15
5 0.191797 0.454358 0.171094 0.322222
5 0.322119 0.277544 0.101562 0.233333
1 0.708484 0.365554 0.035156 0.073611
5 0.885612 0.7196 0.2625 0.455556
5 0.518949 0.205444 0.032031 0.084722
1 0.5601 0.234402 0.017188 0.048611
5 0.408494 0.272284 0.066406 0.202778
3 0.457385 0.26042 0.032031 0.102778
2 0.425185 0.458223 0.071875 0.127778
3 0.374483 0.38795 0.054688 0.105556
1 0.39485 0.335575 0.034375 0.055556
1 0.352812 0.477232 0.058594 0.145833
1 0.741002 0.609825 0.035937 0.122222
2 0.568376 0.511779 0.057813 0.127778
2 0.332812 0.734028 0.103125 0.151389
5 0.186328 0.851389 0.300781 0.272222
5 0.064844 0.529167 0.129688 0.336111
1 0.124609 0.686806 0.069531 0.184722
0 0.325 0.449306 0.020312 0.0625
0 0.705469 0.728472 0.032812 0.079167
2 0.738281 0.886111 0.175 0.236111