1 0.700971 0.389026 0.044531 0.084722
1 0.72567 0.516914 0.051562 0.109722
5 0.158575 0.369524 0.089062 0.179167
5 0.331636 0.317314 0.039844 0.138889
1 0.590837 0.336138 0.020312 0.059722
5 0.651857 0.340683 0.082031 0.176389
5 0.973222 0.979032 0.204688 0.444444
5 0.089147 0.70378 0.173438 0.579167
1 0.586703 0.439296 0.030469 0.066667
1 0.567846 0.31461 0.017969 0.0625
5 0.254606 0.426316 0.109375 0.370833
5 0.386595 0.513256 0.121094 0.363889
5 0.415394 0.295587 0.057813 0.123611
5 0.504099 0.204634 0.032031 0.076389
2 0.37244 0.89257 0.107813 0.240278
3 0.539062 0.472917 0.071875 0.173611
3 0.516797 0.297222 0.038281 0.113889
5 0.558203 0.272917 0.041406 0.098611