5 0.169999 0.297868 0.097656 0.118056
5 0.64694 0.311466 0.077344 0.15
1 0.714016 0.349575 0.035156 0.073611
1 0.693809 0.382791 0.047656 0.080556
0 0.231066 0.545003 0.028125 0.098611
5 0.558804 0.225073 0.039062 0.095833
5 0.389918 0.161917 0.04375 0.081944
1 0.785821 0.483533 0.033594 0.068056
5 0.443169 0.264153 0.053906 0.136111
1 0.279889 0.483618 0.059375 0.1375
1 0.432783 0.514782 0.0375 0.156944
1 0.391988 0.398297 0.033594 0.104167
2 0.318852 0.396453 0.075781 0.130556
3 0.441113 0.365478 0.055469 0.133333
3 0.358309 0.289865 0.083594 0.1375
5 0.323138 0.260189 0.074219 0.141667
5 0.391218 0.256595 0.057031 0.147222
5 0.197278 0.438189 0.152344 0.297222
2 0.624424 0.606518 0.067969 0.141667
3 0.618736 0.376416 0.045313 0.105556
1 0.091854 0.760828 0.099219 0.229167
2 0.631132 0.950983 0.103125 0.338889
5 0.892809 0.737229 0.220313 0.404167
5 0.326642 0.710116 0.2125 0.522222
3 0.533292 0.481859 0.050781 0.134722
5 0.064453 0.533333 0.150781 0.375
2 0.507031 0.2 0.021875 0.052778