6 0.229011 0.773026 0.040625 0.183333
6 0.032789 0.556831 0.029687 0.118056
1 0.055697 0.378696 0.038281 0.120833
5 1.0 0.553057 0.339063 0.343056
5 0.631178 0.343804 0.207031 0.2625
2 0.464784 0.353039 0.060938 0.111111
2 0.206757 0.314315 0.072656 0.102778
3 0.172891 0.254689 0.059375 0.109722
3 0.572553 0.405378 0.067969 0.123611
2 0.766656 0.636304 0.153125 0.2
5 0.344389 0.421165 0.213281 0.320833
2 0.50646 0.456503 0.082813 0.1375
6 0.366762 0.907609 0.033594 0.256944
0 0.285388 0.524664 0.024219 0.075
0 0.185306 0.363664 0.014062 0.059722
2 0.61317 0.820757 0.203125 0.265278
5 0.109707 0.279032 0.071875 0.155556
2 0.275723 0.233552 0.035937 0.055556
1 0.186328 0.556944 0.057031 0.102778
0 0.198437 0.811111 0.0625 0.155556