2 0.741962 0.413124 0.023438 0.059722
1 0.58875 0.920052 0.063281 0.120833
2 0.208447 0.479269 0.055469 0.052778
2 0.288588 0.445828 0.05 0.055556
1 0.664077 0.577574 0.039844 0.080556
2 0.147294 0.537962 0.082031 0.081944
1 0.6844 0.478633 0.032031 0.084722
3 0.551214 0.428433 0.038281 0.084722
1 0.172388 0.558209 0.05 0.113889
1 0.532022 0.664072 0.039844 0.115278
4 0.673864 0.342902 0.029687 0.052778
4 0.644932 0.339339 0.025 0.068056
2 0.178379 0.897701 0.175 0.215278
0 0.333448 0.844924 0.042188 0.094444
3 0.156735 0.774087 0.142969 0.141667
1 0.620703 0.556944 0.032031 0.108333