2 0.751946 0.483721 0.023438 0.086111
2 0.73493 0.422687 0.023438 0.059722
2 0.199381 0.486516 0.055469 0.052778
2 0.287987 0.448916 0.05 0.055556
2 0.148109 0.544977 0.082031 0.081944
1 0.288925 0.488435 0.039844 0.076389
5 0.677097 0.37872 0.038281 0.077778
1 0.61146 0.456627 0.027344 0.056944
1 0.663416 0.540053 0.028125 0.056944
1 0.665374 0.483788 0.021094 0.055556
2 0.298225 0.570155 0.099219 0.088889
3 0.286605 0.688409 0.132812 0.247222
1 0.586315 0.956237 0.085938 0.179167
4 0.550504 0.435202 0.064062 0.113889
4 0.597794 0.379519 0.041406 0.077778
1 0.364416 0.897284 0.089844 0.195833