2 0.740607 0.545225 0.023438 0.086111
2 0.723581 0.485374 0.023438 0.059722
1 0.642299 0.930309 0.057813 0.166667
1 0.645193 0.551467 0.017969 0.031944
1 0.609823 0.519736 0.024219 0.043056
0 0.649469 0.616731 0.020312 0.070833
1 0.374409 0.512099 0.030469 0.048611
2 0.416356 0.528688 0.063281 0.072222
0 0.347948 0.593624 0.029687 0.051389
1 0.572466 0.835457 0.051562 0.125
5 0.568101 0.471481 0.054688 0.119444
4 0.499656 0.439669 0.0625 0.105556
1 0.624642 0.453953 0.020312 0.041667
5 0.478818 0.550751 0.089844 0.170833
0 0.578539 0.536917 0.010937 0.044444
3 0.19375 0.664583 0.13125 0.176389
5 0.257812 0.572917 0.120312 0.168056
1 0.308984 0.969444 0.091406 0.138889