1 0.721896 0.408497 0.044531 0.084722
5 0.883342 0.663844 0.219531 0.381944
5 0.595791 0.29638 0.049219 0.088889
3 0.537159 0.414357 0.027344 0.055556
5 0.352795 0.391411 0.082813 0.219444
1 0.65102 0.494649 0.035156 0.084722
1 0.731629 0.499976 0.051562 0.109722
0 0.588028 0.416776 0.020312 0.043056
1 0.416503 0.668206 0.074219 0.1875
1 0.333172 0.658224 0.075781 0.198611
2 0.539828 0.526164 0.029687 0.106944
5 0.370775 0.250433 0.047656 0.083333
5 0.426172 0.26148 0.038281 0.091667
5 0.419623 0.437165 0.096094 0.276389
5 0.225382 0.575824 0.203125 0.548611
5 0.0758 0.704148 0.115625 0.4875
1 0.62631 0.375898 0.022656 0.047222
2 0.520455 0.341154 0.029687 0.080556
1 0.244141 0.896528 0.102344 0.181944
3 0.406641 0.884722 0.114844 0.219444
5 0.635938 0.7125 0.184375 0.541667