0 0.186057 0.817876 0.064062 0.133333
6 0.21637 0.760116 0.027344 0.163889
1 0.078878 0.588386 0.0625 0.148611
1 0.448514 0.383071 0.035156 0.070833
1 0.362126 0.322407 0.028125 0.072222
0 0.098105 0.412835 0.016406 0.047222
1 0.072449 0.367778 0.033594 0.093056
5 0.278095 0.545599 0.253125 0.375
5 0.275435 0.235067 0.079687 0.120833
1 0.383095 0.289972 0.026563 0.055556
5 0.470834 0.263845 0.099219 0.1625
1 0.186562 0.623947 0.061719 0.109722
3 0.553842 0.475932 0.085156 0.134722
0 0.639535 0.497169 0.038281 0.0625
2 0.208318 0.937071 0.180469 0.113889
2 0.536328 0.718056 0.149219 0.213889
3 0.385938 0.458333 0.107813 0.186111
0 0.790625 0.943056 0.057813 0.097222
6 0.339453 0.898611 0.035156 0.230556
5 0.848828 0.601389 0.311719 0.538889