2 0.749385 0.482551 0.023438 0.086111
2 0.732707 0.421315 0.023438 0.059722
2 0.200769 0.477793 0.055469 0.052778
2 0.285381 0.444982 0.05 0.055556
2 0.144122 0.538676 0.082031 0.081944
1 0.582242 0.961762 0.085938 0.179167
1 0.651189 0.859908 0.060156 0.163889
4 0.529387 0.442389 0.059375 0.105556
2 0.622413 0.405642 0.026563 0.051389
1 0.648644 0.702061 0.041406 0.118056
1 0.382436 0.429637 0.024219 0.059722
1 0.662004 0.386413 0.01875 0.051389
0 0.389677 0.717099 0.029687 0.075
2 0.559584 0.474071 0.030469 0.045833
5 0.546966 0.585399 0.098438 0.213889
4 0.289451 0.667031 0.150781 0.269444
2 0.491305 0.561536 0.046875 0.102778
2 0.578125 0.416667 0.021875 0.05