5 0.553568 0.3788 0.05625 0.079167
3 0.433312 0.41921 0.039844 0.102778
4 0.44096 0.288737 0.027344 0.086111
2 0.489929 0.363954 0.032812 0.068056
2 0.329328 0.586373 0.063281 0.098611
5 0.331697 0.469413 0.085938 0.206944
3 0.247355 0.786529 0.160938 0.336111
5 0.180124 0.647873 0.177344 0.370833
5 0.105292 0.554405 0.167187 0.275
5 0.244635 0.382388 0.073437 0.119444
1 0.385009 0.366994 0.019531 0.05
1 0.480506 0.437262 0.032031 0.079167
1 0.49941 0.522874 0.042188 0.1
1 0.031641 0.84375 0.063281 0.193056
5 0.814844 0.816667 0.320312 0.361111
5 0.630859 0.599306 0.080469 0.193056