5 0.355764 0.345941 0.114844 0.222222
5 0.187565 0.336419 0.103125 0.109722
5 0.281094 0.310199 0.065625 0.180556
5 0.343795 0.236825 0.076563 0.061111
1 0.290889 0.592549 0.060156 0.102778
3 0.420853 0.187219 0.023438 0.054167
1 0.402019 0.277763 0.024219 0.045833
5 0.178927 0.513495 0.25 0.365278
0 0.463757 0.678848 0.032031 0.102778
2 0.529903 0.224835 0.025781 0.070833
3 0.587948 0.280435 0.032812 0.0875
2 0.451695 0.279605 0.035156 0.075
5 0.455884 0.240571 0.038281 0.102778
5 0.406115 0.502704 0.145313 0.420833
1 0.348298 0.450677 0.058594 0.130556
5 0.696439 0.381977 0.092969 0.175
5 0.717601 0.751101 0.2625 0.6
5 0.474673 0.157806 0.022656 0.080556
3 0.560397 0.443513 0.051562 0.144444
2 0.537786 0.35117 0.0375 0.0875
2 0.55625 0.311111 0.026563 0.069444
5 0.053516 0.754861 0.128906 0.448611
0 0.594922 0.352083 0.011719 0.031944