3 0.857658 0.672985 0.172656 0.265278
3 0.586916 0.410922 0.177344 0.255556
3 0.434443 0.345286 0.082031 0.148611
3 0.360715 0.290884 0.082813 0.158333
3 0.291818 0.244849 0.051562 0.088889
3 0.151596 0.473717 0.088281 0.169444
1 0.83837 0.441979 0.085156 0.1375
1 0.901484 0.37355 0.053906 0.120833
1 0.856866 0.364996 0.052344 0.130556
1 0.665184 0.319084 0.054688 0.105556
5 0.232324 0.306818 0.138281 0.205556
5 0.68029 0.779154 0.460938 0.459722
0 0.128509 0.782793 0.071094 0.151389
6 0.355625 0.74912 0.039844 0.198611
2 0.386328 0.534028 0.124219 0.156944