0 0.48469 0.351708 0.020312 0.065278
2 0.496179 0.311583 0.050781 0.098611
0 0.345296 0.467444 0.049219 0.105556
3 0.425729 0.447645 0.140625 0.259722
1 0.303484 0.43122 0.060938 0.144444
5 0.898674 0.766376 0.226562 0.379167
0 0.23481 0.698698 0.064844 0.158333
5 0.096745 0.418963 0.177344 0.230556
1 0.293034 0.503458 0.091406 0.181944
5 0.269126 0.365185 0.164844 0.238889
5 0.415536 0.314399 0.108594 0.2
5 0.456429 0.191159 0.077344 0.101389
5 0.516981 0.207592 0.067969 0.123611
2 0.620476 0.588067 0.071094 0.206944
0 0.529261 0.550422 0.030469 0.075
4 0.581845 0.293538 0.073437 0.223611
5 0.071668 0.590887 0.129688 0.316667
2 0.053365 0.874262 0.076563 0.209722
2 0.339471 0.668436 0.1375 0.230556
5 0.685336 0.310398 0.105469 0.191667
5 0.753385 0.40316 0.130469 0.3
3 0.824219 0.532639 0.0875 0.159722