5 0.372214 0.291532 0.086719 0.158333
5 0.342618 0.255641 0.057813 0.111111
5 0.286881 0.304968 0.071094 0.116667
5 0.18427 0.333836 0.10625 0.127778
1 0.58493 0.243275 0.017969 0.043056
3 0.519107 0.199195 0.016406 0.043056
4 0.551375 0.173957 0.028125 0.081944
1 0.693561 0.3909 0.020312 0.054167
3 0.557344 0.250667 0.01875 0.0625
5 0.45014 0.29214 0.071875 0.159722
5 0.263247 0.433672 0.217187 0.286111
2 0.540963 0.339129 0.0375 0.095833
3 0.641419 0.409232 0.048437 0.125
0 0.361999 0.775616 0.059375 0.133333
2 0.618775 0.556564 0.0625 0.131944
0 0.740227 0.718556 0.028125 0.1
5 0.830452 0.518381 0.176563 0.302778
5 0.423313 0.50041 0.141406 0.384722
5 0.462484 0.167362 0.03125 0.063889
1 0.19375 0.725 0.067188 0.161111
5 0.080469 0.659722 0.160938 0.277778
2 0.617188 0.820833 0.139062 0.352778