1 0.70956 0.403475 0.044531 0.084722
5 0.894169 0.710442 0.219531 0.381944
1 0.738881 0.523476 0.051562 0.109722
1 0.587067 0.434271 0.028125 0.073611
3 0.538777 0.471683 0.04375 0.097222
3 0.512555 0.269217 0.027344 0.070833
3 0.453699 0.489683 0.055469 0.144444
1 0.371751 0.470556 0.042188 0.102778
1 0.410126 0.491805 0.030469 0.075
1 0.401218 0.407454 0.030469 0.098611
1 0.431242 0.392497 0.028125 0.068056
5 0.173926 0.410238 0.089062 0.179167
5 0.256093 0.466185 0.117188 0.394444
5 0.39233 0.311788 0.071094 0.15
1 0.65821 0.482845 0.030469 0.059722
5 0.328891 0.338444 0.039844 0.138889
5 0.282264 0.757665 0.296094 0.480556
2 0.613729 0.722342 0.111719 0.270833
1 0.586719 0.277083 0.020312 0.059722
1 0.561719 0.270139 0.01875 0.040278
5 0.064062 0.715278 0.259375 0.530556
0 0.535937 0.392361 0.021875 0.043056
5 0.645703 0.357639 0.082031 0.176389
5 0.453516 0.298611 0.053906 0.152778