2 0.754983 0.371579 0.025781 0.052778
2 0.774566 0.433388 0.028906 0.073611
3 0.547641 0.438425 0.027344 0.061111
3 0.523012 0.427067 0.025781 0.059722
2 0.580382 0.330268 0.032031 0.043056
2 0.386379 0.551491 0.057813 0.091667
0 0.066146 0.547786 0.04375 0.052778
0 0.340891 0.699061 0.023438 0.066667
0 0.151421 0.562373 0.04375 0.065278
2 0.171618 0.497956 0.071875 0.070833
5 0.367885 0.435508 0.157031 0.204167
2 0.220055 0.442557 0.057031 0.056944
3 0.569163 0.381897 0.04375 0.054167
1 0.641168 0.415313 0.028125 0.0625
5 0.564251 0.599845 0.125781 0.305556
2 0.150062 0.785161 0.139062 0.172222
1 0.212324 0.83709 0.111719 0.2125
1 0.478142 0.810924 0.092188 0.276389
1 0.607038 0.886452 0.069531 0.218056
1 0.666984 0.820639 0.05 0.215278
2 0.303797 0.408802 0.051562 0.055556
3 0.428125 0.689583 0.1 0.226389
2 0.430469 0.570139 0.0875 0.134722
2 0.444922 0.488194 0.057031 0.0625
3 0.308594 0.610417 0.11875 0.206944