6 0.361776 0.868785 0.045313 0.204167
6 0.04086 0.418776 0.025781 0.106944
5 0.211286 0.453608 0.182812 0.313889
1 0.096159 0.420372 0.047656 0.109722
1 0.076706 0.500314 0.051562 0.123611
6 0.224199 0.762864 0.040625 0.183333
1 0.274079 0.389622 0.071094 0.102778
1 0.904045 0.417382 0.046094 0.109722
1 0.94681 0.436937 0.046094 0.130556
1 0.294236 0.457265 0.071094 0.152778
2 0.103337 0.850644 0.194531 0.202778
5 0.408617 0.239413 0.113281 0.168056
1 0.332662 0.269582 0.039844 0.091667
1 0.406792 0.538272 0.082031 0.159722
2 0.377625 0.464165 0.091406 0.130556
0 0.338221 0.601431 0.045313 0.116667
0 0.646333 0.722058 0.074219 0.1625
2 0.25944 0.221746 0.042969 0.076389
3 0.172087 0.211111 0.053906 0.101389
2 0.162995 0.26277 0.045313 0.052778
0 0.195761 0.812995 0.064062 0.166667
3 0.486251 0.706182 0.139062 0.259722
3 0.80132 0.858874 0.33125 0.248611
5 0.623828 0.428472 0.292969 0.381944