3 0.269708 0.303236 0.057813 0.098611
3 0.377395 0.246544 0.039844 0.084722
5 0.296032 0.243939 0.077344 0.130556
5 0.386337 0.182466 0.041406 0.105556
1 0.219266 0.297895 0.03125 0.070833
5 0.156646 0.318501 0.121094 0.126389
5 0.509904 0.162552 0.024219 0.065278
6 0.295597 0.558601 0.035937 0.141667
5 0.227402 0.466121 0.177344 0.322222
2 0.512937 0.243601 0.023438 0.073611
3 0.977149 0.812367 0.135156 0.315278
2 0.622354 0.455859 0.05 0.097222
3 0.538683 0.435318 0.052344 0.120833
3 0.520737 0.336008 0.035937 0.070833
4 0.55325 0.283015 0.045313 0.136111
5 0.096061 0.783995 0.191406 0.425
5 0.402127 0.435452 0.102344 0.345833
5 0.101295 0.491839 0.192188 0.252778
0 0.678271 0.903486 0.039844 0.147222
0 0.551754 0.690483 0.0375 0.116667
0 0.687585 0.474605 0.016406 0.061111
0 0.658681 0.441229 0.014844 0.065278
1 0.69226 0.729623 0.067969 0.218056
1 0.388152 0.826978 0.107031 0.256944
6 0.28317 0.842376 0.053906 0.155556
2 0.872266 0.868056 0.185156 0.258333
0 0.272656 0.911111 0.035937 0.091667
1 0.286719 0.603472 0.05625 0.109722