2 0.738566 0.547464 0.023438 0.086111
2 0.721686 0.487704 0.023438 0.059722
1 0.6336 0.933227 0.057813 0.166667
0 0.473063 0.686737 0.020312 0.070833
1 0.60588 0.744222 0.051562 0.125
1 0.5937 0.497673 0.020312 0.041667
0 0.666215 0.589785 0.010937 0.044444
2 0.131613 0.624689 0.071875 0.088889
1 0.63384 0.594628 0.028125 0.040278
2 0.184044 0.557662 0.047656 0.070833
5 0.509535 0.52252 0.089844 0.158333
1 0.191534 0.609156 0.039062 0.072222
1 0.660292 0.467505 0.019531 0.044444
1 0.686709 0.46815 0.017969 0.045833
1 0.613312 0.451012 0.013281 0.041667
3 0.63469 0.451555 0.01875 0.05
4 0.544856 0.416464 0.046094 0.070833
1 0.556936 0.604367 0.034375 0.093056
5 0.332031 0.673611 0.18125 0.3
3 0.373437 0.534028 0.070312 0.093056
5 0.346484 0.525694 0.088281 0.115278
2 0.271094 0.525 0.054688 0.052778