1 0.523939 0.891891 0.065625 0.095833
1 0.591899 0.888354 0.063281 0.123611
1 0.66424 0.795723 0.042188 0.148611
1 0.648539 0.496371 0.028125 0.101389
1 0.531626 0.335214 0.024219 0.033333
2 0.514726 0.564096 0.05625 0.088889
2 0.493341 0.436031 0.050781 0.084722
2 0.759687 0.419339 0.023438 0.086111
2 0.744861 0.375672 0.023438 0.059722
1 0.676183 0.382542 0.020312 0.043056
3 0.363822 0.559838 0.105469 0.134722
4 0.443377 0.456858 0.067969 0.151389
3 0.528152 0.458518 0.039062 0.093056
3 0.569303 0.477202 0.038281 0.072222
3 0.249278 0.463472 0.096094 0.184722
0 0.054163 0.545747 0.042188 0.063889
4 0.359436 0.427798 0.154687 0.2
5 0.240686 0.799645 0.382031 0.344444
3 0.235624 0.67522 0.1125 0.131944
1 0.501321 0.673901 0.060156 0.133333
1 0.589273 0.757384 0.065625 0.109722
2 0.155782 0.496106 0.065625 0.088889
3 0.5638 0.377443 0.034375 0.065278
0 0.63646 0.406547 0.01875 0.031944