5 0.178019 0.301649 0.097656 0.118056
5 0.66159 0.303099 0.077344 0.15
5 0.345828 0.250836 0.101562 0.233333
1 0.716179 0.353637 0.035156 0.073611
5 0.905792 0.750534 0.2625 0.455556
5 0.557193 0.211492 0.033594 0.084722
1 0.612801 0.364939 0.027344 0.058333
5 0.200472 0.404312 0.151562 0.197222
3 0.417978 0.246876 0.032031 0.043056
1 0.419667 0.289855 0.035156 0.079167
2 0.456726 0.286858 0.033594 0.086111
2 0.431169 0.383933 0.020312 0.098611
1 0.804968 0.868925 0.085938 0.226389
5 0.431929 0.184497 0.035937 0.101389
2 0.506454 0.221347 0.017969 0.05
1 0.744887 0.485697 0.047656 0.080556
5 0.368359 0.422222 0.119531 0.216667
5 0.303125 0.727083 0.290625 0.406944
3 0.193359 0.609722 0.194531 0.405556
5 0.546484 0.334722 0.069531 0.166667
5 0.067578 0.522917 0.119531 0.351389