2 0.739635 0.545406 0.023438 0.086111
2 0.722767 0.485673 0.023438 0.059722
1 0.634161 0.916976 0.057813 0.166667
0 0.657157 0.614115 0.020312 0.070833
1 0.38651 0.504228 0.030469 0.048611
1 0.587289 0.805911 0.051562 0.125
4 0.526046 0.42702 0.0625 0.105556
1 0.622231 0.469244 0.020312 0.041667
0 0.551074 0.58128 0.010937 0.044444
2 0.133009 0.622978 0.071875 0.088889
1 0.599473 0.544284 0.027344 0.066667
1 0.642811 0.571428 0.028125 0.040278
2 0.185277 0.555678 0.047656 0.070833
5 0.439063 0.5875 0.115625 0.233333
5 0.550391 0.5 0.089844 0.158333
5 0.286719 0.538194 0.13125 0.1125
3 0.272656 0.61875 0.110937 0.148611