1 0.672404 0.368954 0.024219 0.063889
1 0.688771 0.44757 0.039062 0.056944
1 0.66264 0.766831 0.05625 0.177778
2 0.784484 0.393525 0.0375 0.088889
2 0.760912 0.322238 0.025781 0.052778
1 0.492182 0.912344 0.101562 0.130556
6 0.737405 0.557756 0.030469 0.123611
1 0.461871 0.346383 0.029687 0.034722
0 0.182381 0.477813 0.039844 0.05
2 0.169643 0.45133 0.074219 0.075
2 0.230353 0.385641 0.057031 0.063889
5 0.357901 0.393509 0.155469 0.191667
5 0.355859 0.563889 0.246094 0.377778
5 0.109766 0.769444 0.214844 0.430556
2 0.503906 0.464583 0.059375 0.123611