6 0.224796 0.773053 0.040625 0.183333
0 0.198705 0.814939 0.061719 0.138889
6 0.038426 0.547929 0.028125 0.120833
3 0.375854 0.327609 0.0375 0.075
0 0.772947 0.591826 0.039062 0.076389
1 0.177308 0.355896 0.057813 0.120833
1 0.10332 0.389324 0.042188 0.080556
2 0.979816 0.752593 0.227344 0.315278
5 0.897231 0.475402 0.323438 0.383333
0 0.552637 0.67791 0.057813 0.119444
2 0.164201 0.256539 0.046094 0.081944
2 0.226029 0.304792 0.057031 0.084722
5 0.140392 0.194949 0.0625 0.116667
0 0.230357 0.492471 0.030469 0.093056
1 0.491949 0.751659 0.113281 0.236111
2 0.637755 0.545243 0.117969 0.158333
2 0.527618 0.385924 0.079687 0.141667
2 0.41827 0.310951 0.042188 0.066667
1 0.314193 0.919733 0.142188 0.123611
6 0.372266 0.889583 0.039844 0.195833
3 0.291797 0.372917 0.080469 0.151389
1 0.686328 0.845139 0.122656 0.268056