5 0.512165 0.424062 0.120312 0.233333
0 0.530213 0.618675 0.021875 0.0875
1 0.740658 0.30712 0.024219 0.063889
1 0.707639 0.444006 0.039062 0.056944
1 0.702064 0.722447 0.05625 0.177778
2 0.619356 0.346298 0.035156 0.0875
2 0.277757 0.344485 0.060938 0.056944
2 0.357063 0.316802 0.051562 0.059722
6 0.765574 0.641614 0.025781 0.122222
2 0.836104 0.328232 0.0375 0.088889
2 0.811828 0.275492 0.025781 0.052778
3 0.595283 0.312007 0.032031 0.066667
2 0.14149 0.475696 0.082031 0.083333
3 0.189083 0.50038 0.102344 0.120833
0 0.067586 0.510274 0.0375 0.061111
0 0.415723 0.350204 0.01875 0.038889
0 0.431514 0.384456 0.013281 0.033333
0 0.41007 0.690802 0.049219 0.095833
5 0.224683 0.699443 0.403906 0.551389
6 0.784313 0.531417 0.023438 0.119444