3 0.286716 0.228461 0.051562 0.088889
1 0.865914 0.347333 0.053906 0.120833
0 0.14682 0.779107 0.071094 0.151389
6 0.429006 0.737859 0.039844 0.198611
1 0.922006 0.358243 0.05625 0.141667
3 0.370597 0.289246 0.06875 0.141667
3 0.47397 0.370818 0.10625 0.183333
3 0.554524 0.342874 0.0625 0.154167
3 0.589345 0.45253 0.11875 0.186111
3 0.827586 0.570339 0.282031 0.401389
5 0.694606 0.761436 0.474219 0.477778
3 0.032191 0.216807 0.039062 0.088889
2 0.04689 0.168194 0.028125 0.066667
5 0.325384 0.166847 0.090625 0.148611
1 0.438003 0.225338 0.0375 0.081944
5 0.228318 0.134858 0.075 0.133333
3 0.260547 0.827083 0.127344 0.340278