5 0.184057 0.290696 0.097656 0.118056
5 0.650595 0.318082 0.077344 0.15
5 0.19186 0.457233 0.171094 0.322222
5 0.329168 0.271567 0.101562 0.233333
1 0.707584 0.354991 0.035156 0.073611
5 0.899586 0.763806 0.2625 0.455556
5 0.528068 0.226804 0.032031 0.084722
1 0.570828 0.265922 0.017188 0.048611
3 0.460413 0.231319 0.032031 0.102778
3 0.395197 0.343545 0.054688 0.105556
1 0.178878 0.611919 0.069531 0.184722
0 0.355033 0.390098 0.020312 0.0625
5 0.426955 0.231481 0.051562 0.130556
5 0.216084 0.763474 0.351562 0.486111
1 0.732952 0.618744 0.04375 0.159722
5 0.075781 0.48125 0.151562 0.254167
1 0.378516 0.415972 0.055469 0.109722
2 0.433984 0.403472 0.052344 0.090278
2 0.605859 0.740278 0.091406 0.222222
2 0.388281 0.588889 0.05625 0.122222