0 0.195352 0.80114 0.064062 0.133333
0 0.097439 0.3291 0.016406 0.047222
1 0.074922 0.313555 0.033594 0.093056
5 0.536615 0.284183 0.121094 0.184722
6 0.357815 0.881963 0.045313 0.204167
6 0.042397 0.442271 0.025781 0.106944
1 0.898315 0.434425 0.061719 0.141667
1 0.490478 0.7847 0.121094 0.244444
3 0.242266 0.283843 0.064844 0.119444
0 0.423086 0.499453 0.039844 0.088889
5 0.239393 0.471316 0.182812 0.313889
3 1.0 0.768565 0.186719 0.293056
1 0.511875 0.658135 0.101562 0.208333
2 0.730149 0.825996 0.236719 0.256944
1 0.832749 0.480294 0.071094 0.1375
1 0.86766 0.645905 0.114844 0.1875
1 0.121484 0.490972 0.047656 0.109722
1 0.083594 0.542361 0.051562 0.123611
6 0.220313 0.754167 0.040625 0.183333
2 0.148828 0.893056 0.189844 0.194444
0 0.575 0.942361 0.042188 0.098611
1 0.616016 0.493056 0.074219 0.158333
1 0.619922 0.431944 0.064844 0.119444
5 0.403906 0.290278 0.159375 0.225