4 0.556576 0.20016 0.028125 0.081944
1 0.712093 0.420499 0.020312 0.054167
3 0.110713 0.4142 0.05 0.127778
2 0.425779 0.721844 0.115625 0.247222
2 0.552308 0.486948 0.046094 0.155556
1 0.720985 0.350215 0.032812 0.081944
5 0.454427 0.223203 0.050781 0.095833
5 0.42207 0.43006 0.114844 0.318056
5 0.379856 0.265679 0.073437 0.125
5 0.289513 0.406856 0.165625 0.223611
5 0.18193 0.358063 0.095312 0.180556
5 0.333589 0.230862 0.050781 0.077778
5 0.275715 0.290608 0.077344 0.113889
1 0.873154 0.592898 0.196094 0.348611
2 0.72491 1.0 0.117188 0.263889
3 0.707971 0.553423 0.078125 0.1875
5 0.134747 0.805792 0.261719 0.363889
0 0.395312 0.576389 0.021875 0.063889
1 0.608594 0.309722 0.026563 0.058333
3 0.565234 0.289583 0.039844 0.098611
3 0.517578 0.240972 0.024219 0.0625
5 0.070703 0.601389 0.141406 0.2