2 0.755246 0.385451 0.025781 0.052778
2 0.77766 0.450468 0.028906 0.073611
1 0.691692 0.494003 0.028125 0.05
2 0.172571 0.507912 0.065625 0.091667
1 0.089002 0.557852 0.033594 0.084722
2 0.219919 0.449793 0.059375 0.070833
1 0.667153 0.829863 0.057813 0.1875
2 0.318375 0.428538 0.049219 0.047222
5 0.530633 0.334539 0.076563 0.097222
3 0.586782 0.384991 0.025781 0.059722
2 0.616807 0.37132 0.025 0.040278
1 0.661883 0.55118 0.036719 0.098611
1 0.613515 0.567109 0.039844 0.127778
3 0.166818 0.763683 0.153906 0.218056
5 0.383861 0.534474 0.164844 0.273611
5 0.540301 0.55384 0.096875 0.2125
1 0.481042 0.837688 0.061719 0.216667
5 0.309766 0.79375 0.269531 0.406944
2 0.548437 0.425 0.045313 0.05
2 0.488672 0.413194 0.036719 0.056944