1 0.731545 0.516308 0.051562 0.109722
5 0.337908 0.27313 0.039844 0.138889
5 0.274594 0.354967 0.101562 0.304167
0 0.34771 0.503605 0.027344 0.083333
5 0.4237 0.230622 0.046875 0.127778
2 0.448126 0.289938 0.032812 0.076389
5 0.168298 0.330063 0.097656 0.118056
2 0.503702 0.21983 0.021875 0.038889
1 0.712146 0.371233 0.035937 0.081944
3 0.632536 0.91565 0.152344 0.480556
3 0.373592 0.712723 0.164844 0.377778
1 0.379724 0.50723 0.054688 0.095833
2 0.274322 0.656503 0.121875 0.205556
5 0.3813 0.357511 0.091406 0.222222
5 0.1279 0.543086 0.219531 0.379167
5 0.655466 0.446792 0.103906 0.208333
1 0.748421 0.760676 0.080469 0.198611
1 0.658594 0.648611 0.059375 0.166667
5 0.543359 0.377083 0.094531 0.273611
5 0.640625 0.3125 0.075 0.130556