2 0.754453 0.371841 0.025781 0.052778
2 0.773717 0.425969 0.028906 0.073611
5 0.45438 0.480258 0.1125 0.205556
1 0.660335 0.502019 0.027344 0.070833
1 0.687782 0.525293 0.028125 0.05
1 0.637722 0.515702 0.029687 0.098611
2 0.166272 0.512441 0.065625 0.091667
1 0.115681 0.501182 0.033594 0.084722
3 0.32756 0.63583 0.085156 0.130556
2 0.225081 0.450722 0.059375 0.070833
1 0.543645 0.699735 0.061719 0.158333
5 0.444856 0.637326 0.146094 0.280556
2 0.52399 0.446678 0.033594 0.070833
3 0.164616 0.721356 0.21875 0.304167
5 0.594807 0.436101 0.065625 0.158333
5 0.406816 0.393531 0.09375 0.123611
2 0.280253 0.547251 0.074219 0.041667
1 0.670431 0.821097 0.057813 0.1875
2 0.309375 0.408333 0.045313 0.038889