2 0.749239 0.392764 0.025781 0.052778
2 0.768843 0.454785 0.028906 0.073611
0 0.066896 0.560259 0.04375 0.052778
2 0.164286 0.514416 0.071875 0.070833
2 0.217639 0.456389 0.057031 0.056944
1 0.606819 0.931292 0.069531 0.218056
2 0.307638 0.420319 0.051562 0.055556
1 0.65913 0.828858 0.04375 0.1875
3 0.444902 0.501845 0.065625 0.1
0 0.312142 0.919711 0.029687 0.0875
4 0.537803 0.406109 0.047656 0.095833
1 0.651344 0.423079 0.025781 0.056944
0 0.581141 0.455455 0.016406 0.036111
3 0.376433 0.649354 0.084375 0.119444
3 0.379235 0.565729 0.06875 0.073611
2 0.579433 0.389582 0.039844 0.063889
5 0.539949 0.631078 0.150781 0.356944
2 0.27032 0.665069 0.092188 0.130556
2 0.125993 0.798814 0.144531 0.183333
2 0.148147 0.883511 0.185156 0.222222
1 0.682805 0.446548 0.01875 0.073611
0 0.442487 0.607008 0.025 0.048611
0 0.291194 0.765209 0.04375 0.088889
0 0.247319 0.789644 0.026563 0.056944
1 0.512057 0.891341 0.05625 0.111111
1 0.371413 0.794489 0.085156 0.180556
2 0.668359 0.368056 0.024219 0.05
3 0.641406 0.343056 0.029687 0.072222