2 0.761793 0.490374 0.023438 0.086111
2 0.742352 0.427295 0.023438 0.059722
1 0.579714 0.974987 0.058594 0.172222
1 0.654375 0.877566 0.057031 0.181944
1 0.690393 0.486853 0.027344 0.075
2 0.205643 0.478259 0.057031 0.05
5 0.32083 0.445359 0.100781 0.108333
1 0.518717 0.404368 0.023438 0.059722
3 0.408626 0.438366 0.045313 0.081944
5 0.585524 0.367791 0.057031 0.075
2 0.368051 0.604498 0.065625 0.098611
2 0.43045 0.627267 0.082813 0.169444
2 0.208923 0.847219 0.150781 0.208333
2 0.140726 0.805144 0.136719 0.188889
1 0.216964 0.561942 0.057031 0.097222
1 0.469516 0.937339 0.086719 0.197222
1 0.540854 0.568007 0.04375 0.0875
5 0.085156 0.657639 0.209375 0.315278
1 0.469141 0.421528 0.025781 0.043056
2 0.460156 0.45625 0.035937 0.051389