2 0.741477 0.550269 0.023438 0.086111
2 0.724508 0.490212 0.023438 0.059722
1 0.640446 0.92832 0.057813 0.166667
2 0.273727 0.526914 0.054688 0.052778
1 0.605252 0.668689 0.042188 0.081944
1 0.640103 0.675738 0.035937 0.055556
2 0.194917 0.560559 0.064844 0.059722
2 0.54416 0.438743 0.029687 0.043056
5 0.44544 0.468268 0.0625 0.105556
3 0.501515 0.457222 0.050781 0.058333
3 0.586154 0.508748 0.032031 0.070833
1 0.071443 0.675662 0.053906 0.088889
0 0.217263 0.617672 0.024219 0.048611
2 0.138979 0.621194 0.071094 0.058333
1 0.680952 0.48157 0.017969 0.063889
1 0.645874 0.474111 0.01875 0.047222
1 0.54319 0.525634 0.025781 0.069444
5 0.340248 0.678824 0.182812 0.308333
1 0.635258 0.527142 0.025781 0.065278
1 0.312109 0.930556 0.089844 0.158333
1 0.466016 0.681944 0.055469 0.125
1 0.141016 0.68125 0.061719 0.109722
3 0.589453 0.454861 0.024219 0.040278