2 0.748698 0.482773 0.023438 0.086111
2 0.732156 0.421518 0.023438 0.059722
2 0.200292 0.477202 0.055469 0.052778
2 0.285386 0.443766 0.05 0.055556
2 0.143414 0.538275 0.082031 0.081944
1 0.58061 0.965429 0.085938 0.179167
1 0.64468 0.860424 0.060156 0.163889
4 0.536699 0.425738 0.059375 0.105556
2 0.635899 0.399936 0.026563 0.051389
1 0.646991 0.720916 0.041406 0.118056
1 0.381169 0.430807 0.024219 0.059722
2 0.522682 0.535281 0.033594 0.081944
4 0.335286 0.636722 0.121875 0.226389
5 0.570953 0.540761 0.077344 0.181944
1 0.661334 0.386474 0.01875 0.051389
0 0.440625 0.645833 0.029687 0.075
0 0.168359 0.65625 0.041406 0.073611