1 0.718253 0.315288 0.024219 0.063889
1 0.703454 0.452056 0.039062 0.056944
1 0.702497 0.733927 0.05625 0.177778
2 0.25265 0.347552 0.060938 0.056944
2 0.332782 0.320889 0.051562 0.059722
6 0.753863 0.659761 0.025781 0.122222
2 0.815538 0.337352 0.0375 0.088889
2 0.791376 0.284787 0.025781 0.052778
2 0.175714 0.434422 0.082031 0.083333
3 0.296051 0.407813 0.102344 0.120833
5 0.449556 0.465844 0.153125 0.288889
2 0.568997 0.395205 0.049219 0.098611
1 0.401839 0.354669 0.049219 0.061111
0 0.398489 0.79254 0.063281 0.115278
6 0.793673 0.541468 0.014062 0.123611
6 0.771748 0.540074 0.017969 0.108333
5 0.175372 0.687114 0.399219 0.548611
2 0.592794 0.334475 0.05 0.070833
5 0.087109 0.510417 0.174219 0.226389
1 0.474219 0.955556 0.095312 0.077778