1 0.64957 0.44503 0.024219 0.063889
1 0.725865 0.399148 0.039062 0.056944
1 0.674507 0.75865 0.05625 0.177778
2 0.784286 0.418593 0.0375 0.088889
2 0.761241 0.347709 0.025781 0.052778
6 0.741063 0.592598 0.030469 0.123611
2 0.176248 0.475236 0.074219 0.075
2 0.230931 0.414083 0.057031 0.063889
2 0.31482 0.37985 0.038281 0.05
1 0.685126 0.418625 0.019531 0.063889
3 0.509652 0.344534 0.039062 0.068056
1 0.585507 0.747011 0.066406 0.106944
2 0.356623 0.63813 0.123438 0.195833
3 0.438704 0.381807 0.077344 0.095833
2 0.362721 0.458613 0.072656 0.069444
2 0.633042 0.336994 0.039844 0.083333
3 0.600978 0.322586 0.039844 0.098611
5 0.577937 0.278198 0.05 0.076389
5 0.136719 0.751389 0.320312 0.45
1 0.703516 0.320833 0.022656 0.052778