1 0.626473 0.576953 0.024219 0.063889
2 0.807547 0.460642 0.0375 0.088889
2 0.778974 0.407289 0.025781 0.052778
1 0.696946 0.421021 0.021875 0.051389
1 0.683091 0.499454 0.035156 0.070833
1 0.661514 0.663071 0.055469 0.097222
1 0.685426 0.84652 0.059375 0.188889
6 0.605785 0.952356 0.029687 0.151389
2 0.244814 0.467101 0.051562 0.063889
2 0.118469 0.925493 0.210156 0.275
2 0.221226 0.778602 0.119531 0.116667
5 0.444906 0.39747 0.10625 0.1375
2 0.32278 0.428572 0.047656 0.05
3 0.488728 0.485627 0.060938 0.136111
2 0.190059 0.525778 0.074219 0.081944
2 0.515234 0.561111 0.078906 0.152778
3 0.543359 0.451389 0.039844 0.061111
5 0.643359 0.395139 0.061719 0.109722
5 0.610547 0.369444 0.067969 0.130556
5 0.6875 0.339583 0.040625 0.070833