6 0.368962 0.884206 0.045313 0.204167
6 0.036481 0.400556 0.025781 0.106944
1 0.081045 0.350333 0.047656 0.109722
1 0.062509 0.456639 0.051562 0.123611
6 0.22912 0.774974 0.040625 0.183333
1 0.505177 0.410256 0.039844 0.091667
2 0.366164 0.3181 0.042969 0.076389
0 0.199629 0.792153 0.064062 0.166667
0 0.366734 0.480299 0.025 0.097222
2 0.23718 0.306397 0.065625 0.109722
5 0.18791 0.404073 0.153125 0.265278
0 0.257227 0.449371 0.024219 0.069444
5 0.89951 0.574288 0.400781 0.520833
3 0.421328 0.508274 0.157031 0.229167
3 0.312055 0.425092 0.091406 0.173611
1 0.654303 0.490457 0.064062 0.134722
2 0.312543 0.550584 0.041406 0.108333
5 0.527933 0.288176 0.178906 0.211111
3 0.401744 0.253253 0.049219 0.088889
2 0.628923 0.848497 0.210938 0.230556
1 0.120868 0.94635 0.196875 0.105556
1 0.441016 0.899306 0.085156 0.176389
2 0.054688 0.861806 0.109375 0.209722