6 0.074712 0.495513 0.025781 0.106944
1 0.06213 0.445002 0.051562 0.123611
6 0.22973 0.768431 0.040625 0.183333
0 0.204115 0.794705 0.064062 0.166667
5 0.161133 0.376027 0.153125 0.265278
2 0.256745 0.438957 0.041406 0.108333
5 0.58466 0.302977 0.178906 0.211111
3 0.427759 0.269668 0.049219 0.088889
1 0.167544 0.948501 0.196875 0.105556
1 0.383412 0.802304 0.085156 0.176389
6 0.360721 0.885509 0.035156 0.223611
3 0.34604 0.427437 0.113281 0.180556
3 0.24894 0.367692 0.066406 0.133333
1 0.594005 0.510059 0.067969 0.123611
1 0.706596 0.527735 0.067969 0.154167
5 0.809274 0.392871 0.321094 0.209722
2 0.432962 0.357755 0.071875 0.102778
2 0.18944 0.256999 0.053125 0.079167
2 0.477882 0.644286 0.163281 0.220833
5 0.904311 0.618164 0.278125 0.516667
0 0.500244 0.824622 0.048437 0.123611
6 0.032362 0.544166 0.021875 0.1125
2 0.011719 0.844444 0.057813 0.155556
0 0.009375 0.578472 0.017188 0.0875