2 0.747241 0.488556 0.023438 0.086111
2 0.730584 0.427429 0.023438 0.059722
2 0.198906 0.484047 0.055469 0.052778
2 0.282556 0.451968 0.05 0.055556
2 0.142044 0.545348 0.082031 0.081944
1 0.581459 0.970341 0.085938 0.179167
1 0.651669 0.858222 0.060156 0.163889
1 0.647014 0.690083 0.041406 0.118056
1 0.414592 0.416398 0.024219 0.059722
1 0.631033 0.444054 0.01875 0.051389
2 0.455615 0.574606 0.060938 0.0875
2 0.381287 0.713825 0.090625 0.1375
2 0.583341 0.476872 0.039844 0.083333
2 0.554426 0.425536 0.032031 0.052778
4 0.500444 0.46573 0.071094 0.108333
4 0.138342 0.824805 0.246875 0.370833
5 0.473437 0.725694 0.175 0.359722
5 0.040234 0.617361 0.119531 0.215278
1 0.66875 0.413889 0.028125 0.055556
1 0.687891 0.3875 0.017969 0.044444
1 0.663672 0.368056 0.014844 0.036111