2 0.756099 0.527433 0.023438 0.086111
2 0.736799 0.46447 0.023438 0.059722
1 0.660528 0.900759 0.057031 0.181944
1 0.692577 0.495419 0.027344 0.075
3 0.442645 0.446724 0.045313 0.081944
2 0.515324 0.44039 0.039844 0.045833
1 0.558663 0.400728 0.019531 0.047222
0 0.607003 0.493899 0.015625 0.058333
1 0.410584 0.775757 0.079687 0.148611
1 0.638685 0.398326 0.023438 0.043056
2 0.27248 0.700369 0.092969 0.144444
5 0.279606 0.560162 0.221094 0.244444
2 0.291797 0.765278 0.177344 0.269444
5 0.041797 0.657639 0.083594 0.218056
2 0.145703 0.573611 0.080469 0.077778