3 0.437859 0.160674 0.023438 0.054167
5 0.460685 0.207703 0.038281 0.102778
5 0.371154 0.307447 0.086719 0.158333
5 0.345262 0.256053 0.057813 0.111111
5 0.289255 0.30463 0.071094 0.116667
5 0.187943 0.333845 0.10625 0.127778
1 0.586798 0.243882 0.017969 0.043056
3 0.521241 0.20025 0.016406 0.043056
4 0.553326 0.175009 0.028125 0.081944
0 0.704065 0.639721 0.024219 0.056944
1 0.693784 0.395254 0.020312 0.054167
3 0.55923 0.251438 0.01875 0.0625
5 0.452196 0.292043 0.071875 0.159722
5 0.268405 0.436286 0.217187 0.286111
5 0.071942 0.693229 0.132812 0.358333
2 0.544484 0.317357 0.0375 0.095833
5 0.410396 0.55601 0.175 0.488889
5 0.811474 0.522318 0.154687 0.266667
0 0.788529 0.94284 0.032031 0.131944
3 0.632771 0.384234 0.048437 0.125
0 0.331549 0.88095 0.059375 0.133333
2 0.608607 0.496122 0.0625 0.131944
2 0.59375 0.704167 0.089062 0.283333
0 0.189453 0.753472 0.071094 0.176389