3 0.525288 0.453776 0.050781 0.058333
2 0.744003 0.551974 0.023438 0.086111
2 0.727011 0.492079 0.023438 0.059722
1 0.638771 0.92958 0.057813 0.166667
2 0.277184 0.529855 0.054688 0.052778
1 0.591636 0.708246 0.042188 0.081944
1 0.647535 0.646941 0.035937 0.055556
2 0.198014 0.564328 0.064844 0.059722
2 0.563973 0.428483 0.029687 0.043056
5 0.462281 0.466852 0.0625 0.105556
3 0.566136 0.541711 0.032031 0.070833
0 0.250228 0.593287 0.024219 0.048611
2 0.13058 0.630261 0.071094 0.058333
1 0.683352 0.483672 0.017969 0.063889
1 0.639994 0.500957 0.01875 0.047222
1 0.511593 0.548862 0.025781 0.069444
1 0.617545 0.565411 0.025781 0.065278
1 0.390707 0.792519 0.055469 0.125
3 0.579136 0.468153 0.019531 0.045833
3 0.375935 0.530363 0.083594 0.072222
5 0.24961 0.764583 0.258594 0.368056
3 0.055859 0.775694 0.152344 0.234722