1 0.70111 0.393731 0.044531 0.084722
1 0.723382 0.510487 0.051562 0.109722
5 0.160044 0.370788 0.089062 0.179167
5 0.332997 0.318549 0.039844 0.138889
1 0.591932 0.337591 0.020312 0.059722
5 0.651638 0.343015 0.082031 0.176389
5 0.974662 0.972679 0.204688 0.444444
5 0.552315 0.266935 0.027344 0.077778
5 0.090835 0.70484 0.173438 0.579167
1 0.58063 0.428569 0.030469 0.066667
1 0.568994 0.316206 0.017969 0.0625
3 0.534905 0.460506 0.048437 0.127778
5 0.255911 0.427687 0.109375 0.370833
3 0.517665 0.295056 0.025781 0.075
5 0.381504 0.529451 0.121094 0.363889
5 0.416521 0.296933 0.057813 0.123611
5 0.505133 0.206207 0.032031 0.076389
2 0.364062 0.934028 0.107813 0.240278