2 0.747337 0.490902 0.023438 0.086111
2 0.730642 0.429578 0.023438 0.059722
2 0.198914 0.486581 0.055469 0.052778
2 0.282469 0.453942 0.05 0.055556
1 0.582186 0.972836 0.085938 0.179167
1 0.641485 0.859176 0.060156 0.163889
1 0.646916 0.654692 0.041406 0.118056
1 0.420085 0.416177 0.024219 0.059722
1 0.611493 0.469757 0.01875 0.051389
2 0.54984 0.511049 0.039844 0.083333
2 0.553737 0.439002 0.032031 0.052778
4 0.487196 0.476377 0.071094 0.108333
1 0.659363 0.432761 0.028125 0.055556
1 0.67882 0.400885 0.017969 0.044444
1 0.648076 0.378811 0.014844 0.036111
2 0.578469 0.415184 0.028125 0.0375
2 0.288194 0.84813 0.098438 0.184722
2 0.387164 0.641192 0.08125 0.119444
0 0.504893 0.560116 0.021875 0.045833
1 0.213714 0.523934 0.039062 0.084722
4 0.085683 0.847085 0.21875 0.326389
1 0.142249 0.667215 0.077344 0.119444
5 0.098014 0.576248 0.176563 0.201389
5 0.434077 0.795526 0.190625 0.388889