2 0.765761 0.491329 0.023438 0.086111
2 0.745976 0.428586 0.023438 0.059722
1 0.591541 0.970202 0.058594 0.172222
1 0.656215 0.871036 0.057031 0.181944
1 0.678212 0.54023 0.027344 0.075
1 0.6647 0.396953 0.01875 0.044444
5 0.502087 0.374495 0.075 0.098611
2 0.567999 0.453099 0.035156 0.079167
2 0.210739 0.48034 0.057031 0.05
1 0.549839 0.538312 0.035156 0.070833
1 0.618575 0.51431 0.028906 0.073611
1 0.517804 0.70023 0.060156 0.148611
1 0.169829 0.894949 0.098438 0.177778
5 0.430641 0.447912 0.1125 0.151389
5 0.323215 0.447349 0.100781 0.108333
0 0.313431 0.75735 0.042188 0.084722
0 0.393656 0.692731 0.038281 0.077778
0 0.465584 0.695362 0.025781 0.063889
2 0.50123 0.493654 0.0625 0.073611
2 0.466822 0.55551 0.059375 0.091667
2 0.391924 0.59349 0.082813 0.106944
3 0.219052 0.542218 0.075 0.079167
4 0.157031 0.754861 0.25625 0.370833
2 0.154687 0.548611 0.06875 0.077778
1 0.020703 0.7125 0.077344 0.166667