1 0.709749 0.400051 0.044531 0.084722
5 0.554925 0.238802 0.026563 0.059722
1 0.610684 0.304921 0.019531 0.043056
2 0.511016 0.260614 0.021875 0.052778
1 0.680417 0.433937 0.035156 0.088889
5 0.400418 0.609789 0.166406 0.497222
5 0.315241 0.441985 0.107031 0.255556
5 0.40621 0.289199 0.045313 0.126389
5 0.457196 0.231639 0.04375 0.094444
5 0.416517 0.205128 0.0375 0.055556
5 0.351766 0.269861 0.063281 0.095833
5 0.288463 0.331896 0.097656 0.141667
5 0.178069 0.355644 0.09375 0.108333
5 0.563592 0.412293 0.08125 0.188889
5 0.881147 0.65537 0.219531 0.381944
2 0.458333 0.309478 0.034375 0.066667
2 0.611749 0.748493 0.082813 0.215278
0 0.528914 0.638582 0.019531 0.081944
0 0.843781 0.93894 0.038281 0.136111
5 0.138672 0.672917 0.296094 0.640278