3 0.47451 0.383205 0.082031 0.148611
3 0.385389 0.307484 0.082813 0.158333
3 0.320578 0.263211 0.051562 0.088889
1 0.911785 0.383377 0.053906 0.120833
1 0.85368 0.369622 0.052344 0.130556
1 0.816557 0.401639 0.054688 0.105556
0 0.135123 0.80326 0.071094 0.151389
6 0.357584 0.757711 0.039844 0.198611
5 0.706196 0.780951 0.496875 0.448611
3 0.670881 0.485287 0.207031 0.276389
3 0.893911 0.723326 0.101562 0.211111
2 0.201593 0.374767 0.0875 0.104167
3 0.088369 0.360309 0.069531 0.138889
5 0.170303 0.233179 0.098438 0.155556
3 0.276538 0.237074 0.053125 0.091667