5 0.172181 0.310855 0.097656 0.118056
5 0.654344 0.318546 0.077344 0.15
5 0.347472 0.266467 0.101562 0.233333
1 0.710332 0.36124 0.035156 0.073611
5 0.904952 0.753438 0.2625 0.455556
3 0.393453 0.208995 0.025781 0.088889
5 0.556511 0.213912 0.033594 0.084722
1 0.602169 0.341406 0.027344 0.058333
5 0.199683 0.406347 0.151562 0.197222
3 0.412498 0.267491 0.032031 0.043056
1 0.409381 0.321739 0.035156 0.079167
2 0.451562 0.329542 0.033594 0.086111
2 0.428129 0.425069 0.020312 0.098611
5 0.3439 0.529686 0.167969 0.433333
1 0.763841 0.78655 0.085938 0.226389
5 0.433594 0.196528 0.035937 0.101389
3 0.157031 0.68125 0.248437 0.484722
5 0.3 0.840278 0.253125 0.322222
5 0.048047 0.525694 0.150781 0.354167
5 0.539453 0.295139 0.047656 0.151389
2 0.504297 0.216667 0.017969 0.05
1 0.753516 0.531944 0.047656 0.080556