2 0.759151 0.483923 0.023438 0.086111
2 0.742449 0.422631 0.023438 0.059722
1 0.663212 0.58836 0.041406 0.118056
1 0.588336 0.945774 0.058594 0.172222
1 0.656473 0.864147 0.057031 0.181944
0 0.550912 0.488233 0.011719 0.041667
1 0.539606 0.606381 0.035937 0.088889
1 0.632663 0.509193 0.027344 0.079167
1 0.564973 0.483484 0.028125 0.068056
1 0.527278 0.405165 0.024219 0.045833
5 0.265248 0.905119 0.250781 0.201389
1 0.678962 0.380765 0.021094 0.051389
1 0.654815 0.383861 0.017969 0.038889
2 0.637549 0.361211 0.025781 0.052778
1 0.422828 0.74851 0.070312 0.15
2 0.470585 0.507268 0.05625 0.083333
2 0.513044 0.478743 0.050781 0.065278
2 0.549168 0.440642 0.04375 0.063889
4 0.381782 0.554448 0.119531 0.205556
5 0.222739 0.539535 0.210938 0.233333
5 0.283004 0.459462 0.073437 0.106944
0 0.184766 0.83125 0.050781 0.1125
2 0.273047 0.797917 0.163281 0.223611
0 0.613281 0.484722 0.015625 0.033333