0 0.130794 0.850982 0.058594 0.141667
1 0.868601 0.423976 0.067188 0.152778
1 0.915629 0.44705 0.073437 0.125
1 0.03158 0.237119 0.039062 0.066667
3 0.302365 0.316985 0.042188 0.094444
0 0.118179 0.284078 0.025 0.056944
6 0.391306 0.753445 0.035156 0.176389
1 0.252605 0.706563 0.104687 0.238889
0 0.814722 0.535654 0.039062 0.073611
2 0.70281 0.527192 0.103125 0.136111
3 0.601128 0.524645 0.116406 0.148611
3 0.25625 0.258016 0.055469 0.109722
3 0.394157 0.342822 0.109375 0.158333
6 0.519641 0.815488 0.035937 0.208333
5 0.705167 0.843727 0.384375 0.311111
0 0.846963 0.473053 0.051562 0.073611
2 0.848437 0.663194 0.176563 0.259722
5 0.405078 0.285417 0.149219 0.201389