1 0.709053 0.410577 0.044531 0.084722
1 0.726059 0.521341 0.051562 0.109722
5 0.166889 0.375839 0.089062 0.179167
5 0.333583 0.316987 0.039844 0.138889
1 0.595526 0.320417 0.020312 0.059722
5 0.653778 0.350432 0.082031 0.176389
5 0.965219 0.877167 0.204688 0.444444
5 0.552184 0.260667 0.027344 0.077778
5 0.093652 0.716002 0.173438 0.579167
1 0.735193 0.889224 0.060938 0.175
1 0.571706 0.371409 0.030469 0.066667
1 0.567934 0.292364 0.017969 0.0625
3 0.457199 0.289213 0.021094 0.086111
3 0.520729 0.392477 0.048437 0.127778
5 0.260156 0.432639 0.109375 0.370833
5 0.347656 0.661111 0.160938 0.502778
5 0.41875 0.351389 0.065625 0.188889
3 0.512891 0.256944 0.025781 0.075