2 0.751012 0.48365 0.023438 0.086111
2 0.734197 0.42258 0.023438 0.059722
2 0.198612 0.485753 0.055469 0.052778
2 0.287218 0.448029 0.05 0.055556
2 0.147399 0.54394 0.082031 0.081944
1 0.30396 0.471143 0.039844 0.076389
5 0.666536 0.382874 0.038281 0.077778
1 0.586503 0.496565 0.027344 0.056944
1 0.662769 0.528712 0.028125 0.056944
1 0.672582 0.473935 0.021094 0.055556
1 0.583645 0.97312 0.085938 0.179167
4 0.530248 0.444453 0.064062 0.113889
4 0.591688 0.390022 0.041406 0.077778
1 0.313412 0.964942 0.089844 0.195833
2 0.397559 0.500425 0.075 0.077778
1 0.653409 0.854916 0.060156 0.163889
3 0.183984 0.826389 0.208594 0.375