3 0.269159 0.303164 0.057813 0.098611
3 0.37675 0.246594 0.039844 0.084722
5 0.295585 0.24388 0.077344 0.130556
5 0.385612 0.182316 0.041406 0.105556
1 0.219069 0.298119 0.03125 0.070833
5 0.155978 0.318742 0.121094 0.126389
5 0.508946 0.154595 0.024219 0.065278
6 0.290599 0.558563 0.035937 0.141667
1 0.27539 0.642377 0.0875 0.151389
5 0.227997 0.465814 0.177344 0.322222
2 0.510765 0.241822 0.023438 0.073611
3 0.946114 0.77333 0.135156 0.315278
1 0.668611 0.64453 0.053906 0.166667
2 0.610142 0.411869 0.05 0.097222
3 0.64196 0.87377 0.128906 0.25
3 0.536416 0.411999 0.052344 0.120833
3 0.51784 0.330756 0.035937 0.070833
4 0.546087 0.257626 0.045313 0.136111
1 0.382157 0.900849 0.105469 0.169444
5 0.095981 0.783582 0.191406 0.425
5 0.401172 0.435417 0.102344 0.345833
5 0.100781 0.491667 0.192188 0.252778
6 0.246094 0.938889 0.06875 0.108333
0 0.633203 0.763889 0.039844 0.147222
0 0.55 0.634722 0.0375 0.116667
0 0.674609 0.444444 0.016406 0.061111
0 0.649609 0.397917 0.014844 0.065278
2 0.821484 0.781944 0.135156 0.261111