4 0.556185 0.212609 0.028125 0.081944
1 0.715749 0.44615 0.020312 0.054167
3 0.110489 0.407182 0.05 0.127778
2 0.429201 0.709524 0.115625 0.247222
1 0.720034 0.349776 0.032812 0.081944
5 0.451462 0.224647 0.050781 0.095833
5 0.424599 0.408037 0.114844 0.318056
5 0.376999 0.267195 0.073437 0.125
5 0.286057 0.408615 0.165625 0.223611
5 0.178588 0.359884 0.095312 0.180556
5 0.330462 0.232423 0.050781 0.077778
5 0.271755 0.291139 0.077344 0.113889
1 0.871445 0.601812 0.196094 0.348611
3 0.711505 0.56172 0.078125 0.1875
0 0.393766 0.571131 0.021875 0.063889
1 0.610081 0.320735 0.026563 0.058333
3 0.564886 0.297746 0.039844 0.098611
3 0.514754 0.242379 0.024219 0.0625
0 0.337109 0.942361 0.017969 0.073611
5 0.125391 0.797917 0.272656 0.398611
5 0.069922 0.619444 0.139844 0.241667
2 0.556641 0.520139 0.069531 0.206944