2 0.754277 0.489631 0.023438 0.086111
2 0.737554 0.42818 0.023438 0.059722
1 0.658145 0.593856 0.041406 0.118056
2 0.520846 0.481849 0.032031 0.052778
2 0.556929 0.438298 0.028125 0.0375
1 0.578915 0.967196 0.058594 0.172222
1 0.647573 0.874561 0.057031 0.181944
2 0.476962 0.501829 0.032031 0.056944
0 0.55999 0.474357 0.011719 0.041667
1 0.472499 0.695476 0.048437 0.123611
1 0.567684 0.571359 0.035937 0.088889
1 0.637748 0.483766 0.027344 0.079167
1 0.584833 0.464205 0.028125 0.068056
4 0.411144 0.537046 0.10625 0.169444
5 0.26851 0.477412 0.101562 0.156944
1 0.509057 0.413476 0.024219 0.045833
5 0.264224 0.904559 0.250781 0.201389
1 0.684172 0.37536 0.021094 0.051389
1 0.660079 0.375847 0.017969 0.038889
2 0.649091 0.355149 0.025781 0.052778
5 0.099219 0.64375 0.234375 0.326389
2 0.346484 0.719444 0.135156 0.208333