2 0.755155 0.475628 0.023438 0.086111
2 0.73834 0.416629 0.023438 0.059722
1 0.587453 0.936894 0.063281 0.120833
2 0.202838 0.480264 0.055469 0.052778
2 0.289136 0.452778 0.05 0.055556
1 0.664427 0.556697 0.039844 0.080556
2 0.153596 0.540412 0.082031 0.081944
1 0.697985 0.467809 0.032031 0.084722
1 0.239635 0.495437 0.05 0.113889
4 0.620108 0.389029 0.029687 0.052778
4 0.619169 0.352195 0.025 0.068056
1 0.644937 0.521077 0.032031 0.108333
1 0.668714 0.382211 0.01875 0.036111
1 0.453671 0.766298 0.055469 0.165278
3 0.454359 0.53508 0.078125 0.151389