2 0.749267 0.484109 0.023438 0.086111
2 0.732644 0.422838 0.023438 0.059722
2 0.201058 0.47942 0.055469 0.052778
2 0.284831 0.447422 0.05 0.055556
2 0.144406 0.540613 0.082031 0.081944
1 0.583963 0.957335 0.085938 0.179167
1 0.653573 0.860199 0.060156 0.163889
4 0.527178 0.442483 0.059375 0.105556
2 0.61004 0.426578 0.026563 0.051389
1 0.647331 0.690496 0.041406 0.118056
1 0.394126 0.419981 0.024219 0.059722
1 0.658156 0.39617 0.01875 0.051389
0 0.358481 0.773791 0.029687 0.075
2 0.538787 0.486725 0.030469 0.045833
5 0.537061 0.613098 0.098438 0.213889
4 0.261627 0.704592 0.150781 0.269444
2 0.474186 0.589492 0.046875 0.102778
2 0.573605 0.418341 0.021875 0.05
0 0.358208 0.513827 0.021875 0.038889