2 0.766912 0.485502 0.023438 0.086111
2 0.747088 0.422755 0.023438 0.059722
1 0.596622 0.943807 0.058594 0.172222
1 0.665182 0.86556 0.057031 0.181944
1 0.652599 0.443715 0.021094 0.051389
1 0.607278 0.450807 0.017969 0.038889
2 0.59733 0.401528 0.025781 0.052778
2 0.426697 0.553192 0.05625 0.083333
2 0.486109 0.51497 0.050781 0.065278
2 0.521476 0.469922 0.04375 0.063889
1 0.679346 0.534601 0.027344 0.075
1 0.579029 0.620071 0.042188 0.106944
1 0.426758 0.764495 0.069531 0.141667
0 0.48654 0.563301 0.016406 0.052778
0 0.544941 0.586285 0.019531 0.065278
1 0.681382 0.372963 0.01875 0.044444
4 0.288235 0.649996 0.185156 0.280556
5 0.331976 0.434055 0.095312 0.0875
5 0.428662 0.427961 0.095312 0.125
5 0.249219 0.552778 0.198437 0.244444
4 0.082813 0.615972 0.109375 0.134722
1 0.419141 0.654167 0.066406 0.133333