2 0.762859 0.440818 0.023438 0.086111
2 0.742075 0.373061 0.023438 0.059722
3 0.505204 0.452411 0.034375 0.065278
1 0.576141 0.80558 0.058594 0.131944
1 0.620009 0.589936 0.033594 0.104167
1 0.513205 0.859169 0.059375 0.159722
1 0.631635 0.663435 0.048437 0.151389
2 0.443874 0.491325 0.052344 0.081944
1 0.587151 0.891362 0.063281 0.120833
0 0.453038 0.588603 0.024219 0.059722
2 0.276637 0.916363 0.149219 0.240278
3 0.422296 0.379247 0.064062 0.073611
4 0.533045 0.335178 0.060156 0.056944
3 0.520685 0.416302 0.042188 0.088889
3 0.169955 0.729715 0.203125 0.263889
4 0.327734 0.561806 0.121094 0.229167
3 0.397266 0.700694 0.097656 0.156944
3 0.384375 0.602083 0.082813 0.179167
5 0.183984 0.529167 0.236719 0.263889
0 0.545313 0.593056 0.025 0.052778
2 0.598047 0.3875 0.041406 0.058333
2 0.65625 0.325694 0.023438 0.040278
1 0.631641 0.406944 0.025781 0.063889
1 0.653906 0.41875 0.028125 0.070833