0 0.189104 0.774396 0.064062 0.133333
6 0.21863 0.750725 0.027344 0.163889
1 0.079717 0.545094 0.0625 0.148611
0 0.103807 0.352573 0.016406 0.047222
1 0.069915 0.324236 0.033594 0.093056
5 0.351567 0.262922 0.117188 0.152778
0 0.519829 0.626225 0.059375 0.126389
1 0.146932 0.536085 0.060156 0.147222
1 0.497196 0.414671 0.055469 0.111111
1 0.510631 0.380166 0.041406 0.102778
3 0.287278 0.336831 0.096094 0.170833
5 0.253392 0.50517 0.200781 0.338889
5 0.497776 0.267612 0.121094 0.184722
6 0.351799 0.872234 0.045313 0.204167
6 0.039316 0.461631 0.025781 0.106944
1 0.900935 0.436511 0.061719 0.141667
3 0.782229 0.632601 0.155469 0.205556
2 0.375389 0.500647 0.078906 0.143056
2 0.181722 0.908105 0.199219 0.165278
1 0.651563 0.505556 0.08125 0.155556
1 0.773047 0.440972 0.061719 0.145833
0 0.969531 0.697222 0.060938 0.127778
1 0.716016 0.89375 0.132031 0.201389
1 0.636328 0.932639 0.128906 0.120833