3 0.437239 0.160187 0.023438 0.054167
5 0.459982 0.20722 0.038281 0.102778
5 0.37039 0.306788 0.086719 0.158333
5 0.344628 0.255327 0.057813 0.111111
5 0.288822 0.304281 0.071094 0.116667
5 0.187224 0.33308 0.10625 0.127778
1 0.184313 0.792569 0.088281 0.144444
1 0.58599 0.243638 0.017969 0.043056
3 0.520531 0.199664 0.016406 0.043056
4 0.552672 0.174647 0.028125 0.081944
0 0.694109 0.578467 0.024219 0.056944
1 0.689936 0.383517 0.020312 0.054167
3 0.558514 0.231559 0.01875 0.0625
5 0.451452 0.291667 0.071875 0.159722
5 0.259631 0.45218 0.217187 0.286111
5 0.070845 0.695303 0.132812 0.358333
6 0.637545 0.98685 0.053125 0.159722
2 0.583506 0.656112 0.084375 0.223611
2 0.538163 0.303156 0.0375 0.095833
5 0.407272 0.58366 0.175 0.488889
5 0.801047 0.5163 0.154687 0.266667
0 0.757023 0.852273 0.032031 0.131944
3 0.628906 0.3875 0.048437 0.125
0 0.304688 0.936111 0.059375 0.133333
2 0.6 0.489583 0.0625 0.131944