6 0.04707 0.516211 0.025781 0.106944
6 0.230183 0.772011 0.040625 0.183333
3 0.468713 0.317472 0.049219 0.088889
1 0.250482 0.942211 0.196875 0.105556
6 0.363693 0.887878 0.035156 0.223611
0 0.316691 0.567365 0.048437 0.123611
3 0.247256 0.33185 0.08125 0.154167
3 0.18689 0.271696 0.053906 0.113889
5 0.13399 0.327282 0.114844 0.194444
2 0.156982 0.221999 0.039062 0.065278
2 0.334528 0.295352 0.046094 0.0625
0 0.189541 0.339432 0.023438 0.066667
6 0.027401 0.552573 0.029687 0.118056
1 0.05443 0.407799 0.038281 0.120833
5 0.879615 0.460706 0.339063 0.343056
2 0.378398 0.287513 0.052344 0.095833
1 0.79867 0.580751 0.09375 0.123611
2 0.541971 0.445024 0.1 0.120833
2 0.327531 0.471925 0.100781 0.126389
5 0.607549 0.329542 0.207031 0.2625
5 0.735937 0.7375 0.528125 0.519444
0 0.203516 0.809028 0.080469 0.1375
1 0.288282 0.673611 0.064062 0.133333