2 0.755976 0.476332 0.023438 0.086111
2 0.73913 0.417237 0.023438 0.059722
1 0.585965 0.925484 0.063281 0.120833
2 0.205546 0.484582 0.055469 0.052778
2 0.289988 0.442547 0.05 0.055556
1 0.668307 0.582126 0.039844 0.080556
2 0.154839 0.541858 0.082031 0.081944
1 0.68939 0.47679 0.032031 0.084722
1 0.218053 0.514797 0.05 0.113889
1 0.491668 0.725407 0.039844 0.115278
4 0.64203 0.370417 0.029687 0.052778
4 0.635024 0.348984 0.025 0.068056
1 0.630273 0.560884 0.032031 0.108333
3 0.509407 0.480457 0.057813 0.116667
3 0.063731 0.853435 0.151562 0.170833
1 0.6875 0.368056 0.01875 0.036111