2 0.766876 0.487756 0.023438 0.086111
2 0.747132 0.424987 0.023438 0.059722
1 0.592889 0.96417 0.058594 0.172222
1 0.658982 0.861645 0.057031 0.181944
1 0.640143 0.456735 0.021094 0.051389
1 0.594848 0.466572 0.017969 0.038889
2 0.418309 0.562196 0.05625 0.083333
2 0.486148 0.517057 0.050781 0.065278
2 0.521579 0.471955 0.04375 0.063889
1 0.679405 0.536661 0.027344 0.075
1 0.56629 0.64182 0.042188 0.106944
1 0.399747 0.791972 0.069531 0.141667
0 0.468587 0.604487 0.016406 0.052778
0 0.528589 0.604844 0.019531 0.065278
1 0.675955 0.373708 0.01875 0.044444
4 0.254648 0.689446 0.185156 0.280556
4 0.122645 0.584677 0.109375 0.134722
1 0.375352 0.702048 0.066406 0.133333
2 0.1632 0.545711 0.067188 0.084722
2 0.210938 0.485417 0.051562 0.0625
5 0.460156 0.403472 0.075 0.098611
5 0.308984 0.5 0.163281 0.158333
0 0.415234 0.638194 0.022656 0.059722
2 0.591016 0.417361 0.035156 0.079167