1 0.589499 0.913081 0.063281 0.120833
0 0.051128 0.564576 0.038281 0.058333
2 0.208518 0.468065 0.055469 0.052778
2 0.297198 0.425433 0.05 0.055556
1 0.604537 0.607977 0.041406 0.141667
0 0.537365 0.554776 0.014062 0.041667
1 0.652959 0.621452 0.039844 0.080556
2 0.158886 0.525819 0.082031 0.081944
1 0.578556 0.583995 0.024219 0.1
1 0.676184 0.507072 0.032031 0.084722
3 0.3033 0.637526 0.084375 0.118056
3 0.20586 0.740576 0.1 0.147222
3 0.617913 0.366432 0.038281 0.084722
1 0.063455 0.597115 0.05 0.113889
2 0.348025 0.709304 0.098438 0.155556