1 0.585941 0.907551 0.063281 0.120833
0 0.045231 0.558972 0.038281 0.058333
2 0.210414 0.447104 0.055469 0.052778
2 0.292965 0.414187 0.05 0.055556
1 0.586669 0.642964 0.041406 0.141667
0 0.542693 0.902595 0.035937 0.063889
3 0.51717 0.367983 0.032031 0.066667
3 0.337921 0.61899 0.078906 0.125
3 0.375808 0.551351 0.067188 0.088889
0 0.598309 0.434066 0.014062 0.041667
0 0.301735 0.493817 0.03125 0.052778
1 0.630848 0.661197 0.039844 0.080556
2 0.158387 0.512847 0.082031 0.081944
1 0.605551 0.520765 0.024219 0.1
1 0.660125 0.53253 0.032031 0.084722
2 0.185898 0.847808 0.177344 0.25
2 0.468306 0.563428 0.078125 0.130556
1 0.344049 0.896645 0.103906 0.170833