5 0.64336 0.297119 0.077344 0.15
0 0.283479 0.459183 0.028125 0.098611
1 0.801003 0.455094 0.033594 0.068056
3 0.377128 0.256854 0.083594 0.1375
5 0.324384 0.257552 0.074219 0.141667
5 0.901856 0.746904 0.220313 0.404167
2 0.334672 0.344477 0.054688 0.075
1 0.69244 0.376075 0.036719 0.081944
5 0.57697 0.265599 0.045313 0.1375
5 0.213223 0.391178 0.146875 0.247222
3 0.758898 0.496515 0.090625 0.177778
1 0.448149 0.375193 0.04375 0.091667
1 0.321455 0.427169 0.04375 0.109722
3 0.455182 0.266675 0.04375 0.111111
2 0.507256 0.200097 0.027344 0.05
1 0.545965 0.224439 0.019531 0.045833
2 0.375454 0.792815 0.120312 0.229167
0 0.267471 0.906386 0.050781 0.095833
5 0.385058 0.463462 0.105469 0.319444
5 0.087074 0.508078 0.173438 0.322222
5 0.155859 0.726389 0.325781 0.519444
2 0.521484 0.307639 0.044531 0.084722