1 0.702082 0.393537 0.044531 0.084722
1 0.722975 0.508804 0.051562 0.109722
5 0.164653 0.355307 0.089062 0.179167
5 0.33412 0.300036 0.039844 0.138889
5 0.642063 0.352772 0.082031 0.176389
5 0.577903 0.330427 0.041406 0.098611
5 0.430412 0.215364 0.045313 0.070833
5 0.424065 0.306047 0.069531 0.186111
5 0.51449 0.267331 0.042188 0.106944
1 0.591829 0.416672 0.03125 0.084722
1 0.631004 0.474292 0.035937 0.088889
5 0.268488 0.360822 0.101562 0.304167
3 0.61157 0.937554 0.157031 0.363889
0 0.42676 0.52795 0.021094 0.076389
2 0.428583 0.422114 0.047656 0.111111
5 0.313602 0.598698 0.182812 0.452778
5 0.103975 0.607279 0.209375 0.436111
1 0.687109 0.860417 0.089844 0.254167
3 0.544922 0.490972 0.075781 0.265278