2 0.756165 0.476566 0.023438 0.086111
2 0.73934 0.417424 0.023438 0.059722
1 0.58625 0.925563 0.063281 0.120833
2 0.205819 0.485071 0.055469 0.052778
2 0.290275 0.442526 0.05 0.055556
1 0.667735 0.582366 0.039844 0.080556
2 0.155136 0.542368 0.082031 0.081944
1 0.689529 0.477045 0.032031 0.084722
1 0.210551 0.533169 0.05 0.113889
1 0.493499 0.717237 0.039844 0.115278
4 0.639947 0.370745 0.029687 0.052778
4 0.637607 0.349248 0.025 0.068056
1 0.630404 0.561194 0.032031 0.108333
3 0.509603 0.480784 0.057813 0.116667
3 0.07683 0.862585 0.151562 0.170833