5 0.175633 0.298284 0.097656 0.118056
5 0.651007 0.319599 0.077344 0.15
5 0.193343 0.439347 0.171094 0.322222
5 0.329442 0.271711 0.101562 0.233333
1 0.71292 0.349587 0.035156 0.073611
0 0.30106 0.506926 0.038281 0.104167
5 0.87054 0.7256 0.2625 0.455556
0 0.652576 0.550484 0.017969 0.026389
5 0.511518 0.189884 0.032031 0.084722
1 0.554252 0.213548 0.017188 0.048611
5 0.408132 0.269834 0.066406 0.202778
3 0.460464 0.255278 0.032031 0.102778
1 0.086572 0.780878 0.096094 0.2375
2 0.5572 0.406669 0.042969 0.090278
2 0.414417 0.527719 0.071875 0.127778
3 0.362287 0.408964 0.054688 0.105556
1 0.380726 0.357572 0.034375 0.055556
1 0.329136 0.553038 0.058594 0.145833
2 0.66338 0.705283 0.096875 0.258333
2 0.270703 0.923611 0.149219 0.216667
5 0.062891 0.511806 0.128906 0.365278