5 0.279721 0.346888 0.101562 0.304167
5 0.173681 0.322714 0.097656 0.118056
0 0.388307 0.349403 0.020312 0.044444
1 0.943491 0.876341 0.075781 0.109722
5 0.15788 0.502226 0.185937 0.327778
5 0.650283 0.316089 0.077344 0.15
1 0.71151 0.36791 0.039844 0.076389
5 0.417059 0.259513 0.055469 0.144444
2 0.513225 0.290774 0.027344 0.073611
2 0.511131 0.195497 0.01875 0.036111
2 0.536372 0.236082 0.029687 0.063889
2 0.358144 0.441172 0.058594 0.1125
3 0.419614 0.437113 0.077344 0.1875
3 0.383413 0.614105 0.095312 0.265278
5 0.592188 0.584028 0.160938 0.4875
5 0.75 0.565972 0.171875 0.348611
3 0.346484 0.849306 0.117969 0.301389
5 0.164844 0.744444 0.328125 0.45