1 0.517219 0.30035 0.021875 0.056944
1 0.49611 0.260381 0.020312 0.052778
1 0.333367 0.247417 0.071875 0.131944
2 0.371671 0.488032 0.065625 0.140278
5 0.360362 0.359292 0.09375 0.219444
5 0.262567 0.252575 0.0625 0.101389
2 0.261486 0.335517 0.048437 0.066667
3 0.327323 0.700812 0.197656 0.365278
3 0.462899 0.205605 0.027344 0.059722
3 0.744507 0.531762 0.085938 0.163889
5 0.613031 0.385332 0.134375 0.208333
5 0.223269 0.526218 0.182812 0.381944
5 0.152097 0.414295 0.145313 0.259722
2 0.47527 0.375786 0.03125 0.077778
0 0.471145 0.293594 0.014062 0.029167
1 0.047656 0.854167 0.101562 0.233333
5 0.0375 0.496528 0.095312 0.293056
5 0.861328 0.755556 0.283594 0.483333