5 0.321219 0.235622 0.077344 0.130556
1 0.222288 0.295022 0.03125 0.070833
0 0.412244 0.313666 0.027344 0.084722
1 0.353049 0.374961 0.042188 0.084722
5 0.406909 0.143994 0.038281 0.059722
3 0.405864 0.182542 0.027344 0.070833
3 0.362046 0.26805 0.051562 0.093056
1 0.330943 0.310119 0.05 0.105556
3 0.432106 0.38262 0.002344 0.011111
3 0.433538 0.362092 0.064062 0.180556
5 0.262632 0.309677 0.060156 0.1375
5 0.16716 0.319224 0.104687 0.122222
5 0.444885 0.251028 0.064062 0.169444
3 0.608363 0.918016 0.110156 0.329167
2 0.54856 0.405393 0.047656 0.094444
1 0.075692 0.858488 0.115625 0.251389
5 0.348047 0.736111 0.192969 0.522222
5 0.234766 0.552083 0.192969 0.445833
5 0.114844 0.529167 0.229687 0.372222
5 0.552344 0.258333 0.06875 0.169444
4 0.725 0.728472 0.192188 0.493056