3 0.525152 0.350426 0.033594 0.079167
3 0.362924 0.287622 0.048437 0.127778
3 0.436355 0.250732 0.04375 0.093056
3 0.267419 0.300516 0.057813 0.098611
3 0.36196 0.249399 0.039844 0.084722
5 0.301223 0.242659 0.077344 0.130556
5 0.382243 0.198316 0.041406 0.105556
1 0.422279 0.316925 0.045313 0.1
1 0.215399 0.297662 0.03125 0.070833
5 0.154801 0.317776 0.121094 0.126389
2 0.587712 0.347594 0.03125 0.066667
4 0.539092 0.257404 0.032812 0.070833
5 0.500413 0.128163 0.024219 0.065278
6 0.996135 0.731323 0.035937 0.161111
6 0.245023 0.64128 0.035937 0.141667
1 0.221523 0.721838 0.0875 0.151389
5 0.22705 0.463276 0.177344 0.322222
1 0.609439 0.490027 0.039844 0.113889
0 0.568378 0.519394 0.017188 0.075
0 0.53553 0.524517 0.028125 0.073611
2 0.503781 0.211358 0.023438 0.073611
0 0.781157 0.788626 0.038281 0.113889
3 0.909016 0.703915 0.125 0.265278
0 0.641499 0.353399 0.0125 0.059722
1 0.698752 0.771836 0.077344 0.230556
3 0.578433 0.722625 0.092188 0.256944
5 0.379687 0.559028 0.1375 0.481944
5 0.101562 0.546528 0.203125 0.379167
2 0.733203 0.575694 0.094531 0.173611
0 0.617188 0.327083 0.0125 0.068056