5 0.178294 0.299908 0.097656 0.118056
5 0.649442 0.306807 0.077344 0.15
5 0.361754 0.242254 0.101562 0.233333
1 0.722212 0.367282 0.035156 0.073611
5 0.925574 0.768481 0.2625 0.455556
5 0.558254 0.219495 0.033594 0.084722
1 0.626807 0.390321 0.027344 0.058333
5 0.200897 0.402717 0.151562 0.197222
3 0.41894 0.240875 0.032031 0.043056
1 0.431427 0.290626 0.035156 0.079167
2 0.452376 0.285267 0.033594 0.086111
2 0.438522 0.371309 0.020312 0.098611
5 0.4392 0.167677 0.035937 0.101389
2 0.506855 0.229342 0.017969 0.05
1 0.74656 0.471858 0.047656 0.080556
5 0.368414 0.416552 0.119531 0.216667
3 0.204747 0.594594 0.194531 0.405556
5 0.55594 0.376568 0.069531 0.166667
5 0.060047 0.516087 0.119531 0.351389
5 0.337817 0.707943 0.320312 0.481944
1 0.846281 0.939376 0.134375 0.225