1 0.592329 0.908321 0.063281 0.120833
0 0.055169 0.568916 0.038281 0.058333
2 0.216031 0.4643 0.055469 0.052778
2 0.295757 0.431476 0.05 0.055556
1 0.611211 0.608959 0.041406 0.141667
1 0.658164 0.614172 0.039844 0.080556
2 0.153458 0.537254 0.082031 0.081944
1 0.573575 0.587246 0.024219 0.1
1 0.675313 0.490557 0.032031 0.084722
3 0.610222 0.38135 0.038281 0.084722
1 0.084766 0.603711 0.05 0.113889
2 0.328337 0.744465 0.119531 0.177778
3 0.191833 0.767939 0.133594 0.177778
3 0.289859 0.636782 0.089844 0.145833
0 0.519141 0.574306 0.024219 0.045833