2 0.753367 0.532712 0.023438 0.086111
2 0.735803 0.472934 0.023438 0.059722
1 0.70281 0.4755 0.027344 0.075
0 0.39083 0.808894 0.04375 0.098611
2 0.147097 0.606497 0.076563 0.077778
2 0.202552 0.545217 0.061719 0.070833
5 0.432205 0.45057 0.089062 0.122222
5 0.339444 0.499667 0.09375 0.1125
1 0.662951 0.912022 0.041406 0.172222
0 0.165058 0.738919 0.04375 0.068056
0 0.425042 0.547298 0.017188 0.029167
1 0.334082 0.595963 0.053906 0.0875
1 0.406942 0.646394 0.046094 0.1
1 0.589796 0.513636 0.026563 0.070833
5 0.581158 0.407659 0.046875 0.063889
2 0.538219 0.445609 0.021875 0.034722
2 0.516421 0.462407 0.026563 0.031944
0 0.01875 0.759722 0.035937 0.077778