5 0.183388 0.291284 0.097656 0.118056
5 0.649515 0.319544 0.077344 0.15
5 0.191267 0.457918 0.171094 0.322222
5 0.326996 0.279283 0.101562 0.233333
1 0.707525 0.359453 0.035156 0.073611
5 0.887597 0.727124 0.2625 0.455556
5 0.527654 0.227422 0.032031 0.084722
1 0.570188 0.266415 0.017188 0.048611
3 0.459869 0.234795 0.032031 0.102778
2 0.435022 0.414432 0.071875 0.127778
3 0.394467 0.344237 0.054688 0.105556
1 0.377463 0.42705 0.058594 0.145833
2 0.370501 0.603278 0.103125 0.151389
1 0.163586 0.633731 0.069531 0.184722
0 0.346671 0.408947 0.020312 0.0625
5 0.427197 0.238945 0.051562 0.130556
5 0.218566 0.796563 0.351562 0.486111
2 0.590497 0.690627 0.078125 0.1875
1 0.73548 0.620732 0.04375 0.159722
5 0.065234 0.506944 0.138281 0.3