5 0.183054 0.290033 0.097656 0.118056
5 0.64797 0.319633 0.077344 0.15
5 0.190781 0.456697 0.171094 0.322222
5 0.333503 0.277319 0.101562 0.233333
1 0.708531 0.364731 0.035156 0.073611
5 0.885529 0.724463 0.2625 0.455556
5 0.519285 0.208103 0.032031 0.084722
1 0.560311 0.23706 0.017188 0.048611
3 0.457781 0.251673 0.032031 0.102778
2 0.425425 0.460442 0.071875 0.127778
3 0.388806 0.379353 0.054688 0.105556
1 0.396522 0.326911 0.034375 0.055556
1 0.365019 0.472681 0.058594 0.145833
1 0.738218 0.610495 0.035937 0.122222
2 0.579548 0.545788 0.057813 0.127778
2 0.346454 0.704647 0.103125 0.151389
5 0.063102 0.535442 0.129688 0.336111
1 0.139743 0.671621 0.069531 0.184722
0 0.327769 0.440493 0.020312 0.0625
2 0.75072 0.944021 0.175 0.236111
0 0.718359 0.79375 0.024219 0.093056
5 0.199219 0.822917 0.3375 0.293056
5 0.421875 0.248611 0.051562 0.130556