5 0.976295 0.503895 0.186719 0.266667
0 0.185173 0.841239 0.064062 0.133333
6 0.316224 0.902699 0.032812 0.175
6 0.217507 0.77942 0.027344 0.163889
1 0.069653 0.656711 0.0625 0.148611
1 0.264935 0.738685 0.08125 0.163889
0 0.02368 0.625714 0.034375 0.081944
5 0.107636 0.222567 0.078906 0.148611
3 0.40146 0.378372 0.069531 0.104167
0 0.453841 0.379266 0.015625 0.048611
1 0.332679 0.319171 0.035156 0.070833
1 0.282345 0.281666 0.028125 0.072222
5 0.336976 0.625693 0.280469 0.454167
5 0.430461 0.246514 0.085938 0.166667
0 0.092379 0.493962 0.016406 0.047222
1 0.086497 0.420868 0.033594 0.093056
3 0.582422 0.671528 0.177344 0.304167
5 0.619141 0.45625 0.274219 0.390278