5 0.176042 0.306853 0.097656 0.118056
5 0.648665 0.317382 0.077344 0.15
5 0.177874 0.469932 0.171094 0.322222
5 0.295073 0.286393 0.101562 0.233333
3 0.430387 0.432196 0.067969 0.208333
2 0.401869 0.293918 0.027344 0.068056
1 0.709978 0.362711 0.035156 0.073611
1 0.340136 0.730671 0.083594 0.248611
5 0.328029 0.495363 0.1625 0.379167
2 0.551854 0.482968 0.055469 0.113889
2 0.563578 0.339979 0.04375 0.098611
2 0.526504 0.248004 0.030469 0.063889
0 0.656469 0.578576 0.023438 0.079167
5 0.45028 0.27447 0.04375 0.093056
1 0.419498 0.252128 0.017969 0.043056
2 0.608128 0.756644 0.097656 0.265278
5 0.070312 0.523611 0.140625 0.347222
5 0.73125 0.878472 0.259375 0.2375
5 0.813672 0.648611 0.225781 0.413889
3 0.190625 0.84375 0.16875 0.284722