5 0.318661 0.224585 0.077344 0.130556
1 0.219266 0.28455 0.03125 0.070833
0 0.422659 0.226291 0.027344 0.084722
1 0.346173 0.26155 0.05 0.105556
3 0.436291 0.352527 0.002344 0.011111
5 0.163353 0.308454 0.104687 0.122222
1 0.171344 0.668251 0.115625 0.251389
5 0.564062 0.196474 0.024219 0.061111
3 0.445846 0.255224 0.052344 0.127778
1 0.380517 0.310966 0.032031 0.052778
5 0.263041 0.277886 0.071094 0.1
3 0.380416 0.206952 0.0375 0.0625
5 0.270453 0.450334 0.161719 0.359722
2 0.631473 0.71232 0.0875 0.208333
5 0.427075 0.42105 0.108594 0.288889
5 0.450918 0.173878 0.046094 0.090278
5 0.641398 0.417871 0.122656 0.290278
5 0.52679 0.217726 0.0625 0.172222
2 0.347339 0.878385 0.160156 0.206944
5 0.116406 0.520139 0.232812 0.376389
5 0.041016 0.747917 0.082031 0.4125