2 0.756032 0.546395 0.023438 0.086111
2 0.736787 0.483453 0.023438 0.059722
1 0.694294 0.504649 0.027344 0.075
0 0.584393 0.537824 0.015625 0.058333
1 0.626243 0.425507 0.023438 0.043056
2 0.171636 0.790627 0.092969 0.144444
3 0.464688 0.450014 0.0375 0.061111
1 0.253328 0.972755 0.095312 0.194444
2 0.207734 0.520489 0.059375 0.063889
2 0.155148 0.695066 0.125781 0.116667
1 0.647497 0.913862 0.053906 0.186111
2 0.204488 0.874033 0.200781 0.290278
5 0.086328 0.639583 0.183594 0.254167
5 0.38125 0.510417 0.1375 0.159722
5 0.313672 0.489583 0.089844 0.118056