1 0.63468 0.509554 0.024219 0.063889
2 0.797063 0.42249 0.0375 0.088889
2 0.768362 0.368687 0.025781 0.052778
1 0.697791 0.375305 0.021875 0.051389
1 0.684305 0.44297 0.035156 0.070833
2 0.327513 0.646496 0.077344 0.086111
0 0.417433 0.447949 0.03125 0.043056
5 0.641466 0.314831 0.042188 0.0875
5 0.679752 0.33092 0.039062 0.077778
2 0.248744 0.811761 0.159375 0.251389
1 0.62235 0.683871 0.055469 0.097222
1 0.67805 0.81701 0.059375 0.188889
6 0.624184 0.842396 0.029687 0.151389
2 0.583984 0.436806 0.057031 0.115278
3 0.557422 0.395833 0.052344 0.119444
2 0.493359 0.4 0.038281 0.055556
5 0.280078 0.465278 0.157031 0.213889
2 0.173828 0.50625 0.060156 0.084722