2 0.749747 0.392032 0.025781 0.052778
2 0.769398 0.453692 0.028906 0.073611
0 0.067503 0.559331 0.04375 0.052778
2 0.164895 0.513626 0.071875 0.070833
2 0.218278 0.455904 0.057031 0.056944
1 0.604634 0.930083 0.069531 0.218056
2 0.308286 0.419655 0.051562 0.055556
1 0.66547 0.823515 0.04375 0.1875
3 0.445553 0.500869 0.065625 0.1
0 0.289907 0.938079 0.029687 0.0875
4 0.5338 0.405036 0.047656 0.095833
1 0.651941 0.42228 0.025781 0.056944
0 0.579371 0.465794 0.016406 0.036111
3 0.377066 0.648417 0.084375 0.119444
3 0.379945 0.564737 0.06875 0.073611
2 0.580041 0.388717 0.039844 0.063889
5 0.540502 0.630114 0.150781 0.356944
2 0.131068 0.862086 0.185156 0.222222
1 0.683393 0.445164 0.01875 0.073611
0 0.436166 0.619814 0.025 0.048611
0 0.287785 0.766016 0.04375 0.088889
0 0.236983 0.80009 0.026563 0.056944
1 0.512278 0.901952 0.05625 0.111111
1 0.36795 0.793626 0.085156 0.180556
2 0.668844 0.36731 0.024219 0.05
3 0.640375 0.342189 0.029687 0.072222
2 0.115234 0.804167 0.157031 0.222222
2 0.265234 0.684722 0.111719 0.158333