6 0.063688 0.500558 0.025781 0.106944
6 0.225329 0.767088 0.040625 0.183333
0 0.198575 0.797822 0.064062 0.166667
5 0.598878 0.328171 0.178906 0.211111
3 0.451084 0.299306 0.049219 0.088889
1 0.209281 0.948853 0.196875 0.105556
1 0.328214 0.726958 0.085156 0.176389
6 0.362406 0.888744 0.035156 0.223611
1 0.711466 0.568838 0.067969 0.123611
1 0.769017 0.552916 0.067969 0.154167
2 0.501364 0.429484 0.071875 0.102778
5 0.996589 0.653996 0.278125 0.516667
0 0.384812 0.652734 0.048437 0.123611
2 0.370243 0.534951 0.116406 0.159722
3 0.279483 0.37746 0.08125 0.154167
3 0.206931 0.321139 0.053906 0.113889
5 0.146779 0.34485 0.114844 0.194444
2 0.158161 0.233406 0.039062 0.065278
2 0.293752 0.272486 0.046094 0.0625
0 0.215584 0.381041 0.023438 0.066667
6 0.026257 0.535739 0.029687 0.118056
1 0.053724 0.443282 0.038281 0.120833
5 0.845191 0.462725 0.339063 0.343056
2 0.339782 0.244918 0.052344 0.095833
5 0.811719 0.7875 0.403125 0.391667