0 0.12836 0.857285 0.058594 0.141667
1 0.862755 0.438574 0.067188 0.152778
1 0.909755 0.462096 0.073437 0.125
0 0.799588 0.474333 0.035937 0.051389
6 0.518578 0.836277 0.046094 0.191667
1 0.033356 0.260359 0.039062 0.066667
3 0.285139 0.305439 0.042188 0.094444
3 0.375294 0.342766 0.08125 0.130556
0 0.127137 0.321061 0.025 0.056944
6 0.383391 0.765839 0.035156 0.176389
1 0.257668 0.753786 0.104687 0.238889
0 0.692302 0.488313 0.039062 0.073611
2 0.620035 0.486127 0.103125 0.136111
3 0.588073 0.536996 0.116406 0.148611
5 0.360398 0.235595 0.121094 0.127778
2 0.823438 0.692361 0.20625 0.343056
3 0.241016 0.264583 0.055469 0.109722
5 0.728125 0.870139 0.360938 0.226389