5 0.454412 0.253735 0.053125 0.144444
5 0.346822 0.341129 0.114844 0.222222
5 0.185159 0.32988 0.103125 0.109722
5 0.286519 0.315532 0.065625 0.180556
5 0.344743 0.231188 0.076563 0.061111
1 0.310637 0.4557 0.067969 0.152778
1 0.247984 0.655403 0.060156 0.102778
1 0.72385 0.349405 0.046875 0.061111
3 0.416081 0.185232 0.023438 0.054167
1 0.401132 0.263706 0.024219 0.045833
5 0.475932 0.133549 0.034375 0.056944
2 0.447868 0.332356 0.053906 0.104167
2 0.533702 0.266847 0.033594 0.048611
3 0.575108 0.231206 0.020312 0.05
2 0.526547 0.195858 0.0125 0.034722
5 0.661491 0.321762 0.071094 0.148611
5 0.059905 0.766472 0.11875 0.443056
5 0.163813 0.519525 0.25 0.365278
5 0.619922 0.502778 0.146094 0.361111
5 0.379687 0.590972 0.170312 0.534722
3 0.540234 0.340278 0.041406 0.113889