2 0.753319 0.560317 0.023438 0.086111
2 0.728278 0.497566 0.023438 0.059722
1 0.697534 0.51277 0.027344 0.075
1 0.549033 0.513548 0.023438 0.043056
1 0.681714 0.916268 0.053906 0.186111
2 0.143456 0.620024 0.079687 0.108333
5 0.307494 0.538682 0.159375 0.166667
2 0.374983 0.57838 0.067188 0.077778
2 0.442973 0.51961 0.049219 0.05
1 0.472684 0.473281 0.021094 0.05
0 0.520965 0.636498 0.021875 0.052778
0 0.464036 0.728746 0.025781 0.059722
1 0.650867 0.464137 0.021875 0.041667
5 0.521214 0.454779 0.073437 0.1
2 0.195193 0.553472 0.045313 0.052778