6 0.369382 0.724033 0.035156 0.176389
0 0.126441 0.809027 0.064844 0.141667
1 0.579705 0.282625 0.041406 0.084722
1 0.071661 0.359733 0.065625 0.148611
5 0.675326 0.777881 0.471094 0.463889
3 0.339405 0.26652 0.0625 0.130556
3 0.269997 0.231226 0.048437 0.094444
5 0.973682 0.456046 0.239063 0.359722
1 0.741115 0.388124 0.055469 0.105556
3 0.410318 0.343111 0.08125 0.152778
5 0.298417 0.368332 0.16875 0.245833
3 0.193276 0.582394 0.098438 0.2375
3 0.555955 0.404359 0.171094 0.230556
3 0.795468 0.635865 0.160938 0.258333