5 0.642747 0.301188 0.077344 0.15
3 0.379237 0.243774 0.083594 0.1375
5 0.321862 0.248769 0.074219 0.141667
5 0.893047 0.744036 0.220313 0.404167
2 0.323828 0.325833 0.054688 0.075
1 0.688429 0.361877 0.036719 0.081944
5 0.21457 0.390035 0.146875 0.247222
3 0.798626 0.537151 0.090625 0.177778
1 0.453006 0.309134 0.04375 0.091667
3 0.450148 0.219721 0.04375 0.111111
2 0.507287 0.253382 0.027344 0.05
1 0.550958 0.256823 0.019531 0.045833
0 0.344419 0.669734 0.050781 0.095833
5 0.605903 0.319134 0.071875 0.172222
2 0.416621 0.585057 0.094531 0.190278
5 0.074635 0.51185 0.147656 0.338889
3 0.356534 0.8176 0.18125 0.261111
1 0.537109 0.225 0.017969 0.066667
5 0.240234 0.60625 0.239844 0.4625
1 0.326562 0.371528 0.040625 0.048611
5 0.403906 0.388889 0.0875 0.255556
2 0.573438 0.525 0.075 0.188889