2 0.760579 0.486704 0.023438 0.086111
2 0.740674 0.423933 0.023438 0.059722
1 0.587022 0.9646 0.058594 0.172222
1 0.655918 0.862953 0.057031 0.181944
1 0.682972 0.516079 0.027344 0.075
1 0.647475 0.413011 0.01875 0.044444
2 0.548225 0.473309 0.035156 0.079167
2 0.204097 0.475526 0.057031 0.05
1 0.50209 0.593433 0.035156 0.070833
1 0.597529 0.567879 0.028906 0.073611
1 0.459768 0.775543 0.060156 0.148611
5 0.316916 0.442327 0.100781 0.108333
0 0.217056 0.854721 0.042188 0.084722
0 0.320663 0.771746 0.038281 0.077778
2 0.482841 0.49728 0.0625 0.073611
2 0.444617 0.57583 0.059375 0.091667
2 0.358457 0.615201 0.082813 0.106944
3 0.258054 0.517008 0.075 0.079167
2 0.15894 0.539885 0.06875 0.077778
1 0.318574 0.53648 0.046875 0.095833
0 0.39783 0.767276 0.033594 0.081944
1 0.177234 0.594279 0.067188 0.066667
5 0.472029 0.407383 0.089062 0.1375
5 0.523245 0.371418 0.049219 0.073611
4 0.091406 0.815278 0.284375 0.361111