2 0.751203 0.552459 0.023438 0.086111
2 0.731122 0.498208 0.023438 0.059722
1 0.694828 0.515592 0.027344 0.075
1 0.581499 0.491508 0.023438 0.043056
1 0.648787 0.941108 0.053906 0.186111
2 0.146094 0.602778 0.079687 0.108333
5 0.257031 0.552778 0.159375 0.166667
2 0.304688 0.629167 0.067188 0.077778
2 0.405078 0.544444 0.049219 0.05
1 0.452734 0.484722 0.021094 0.05
0 0.546094 0.593056 0.021875 0.052778
0 0.504297 0.665972 0.025781 0.059722
1 0.661719 0.438889 0.021875 0.041667
5 0.496094 0.459722 0.073437 0.1
5 0.344531 0.498611 0.046875 0.1