5 0.87971 0.609915 0.222656 0.3875
1 0.716863 0.360226 0.044531 0.084722
2 0.535629 0.299457 0.028906 0.056944
0 0.628488 0.365626 0.019531 0.036111
5 0.510678 0.213452 0.029687 0.061111
5 0.315133 0.39114 0.141406 0.206944
5 0.454431 0.3007 0.085156 0.233333
5 0.445364 0.208381 0.048437 0.115278
5 0.380818 0.246605 0.065625 0.094444
5 0.328403 0.25078 0.061719 0.084722
5 0.27777 0.319104 0.091406 0.156944
5 0.177006 0.369374 0.100781 0.190278
3 0.098237 0.418639 0.060156 0.123611
2 0.436482 0.459666 0.0625 0.147222
5 0.176505 0.666133 0.260156 0.523611
1 0.387669 0.420718 0.04375 0.068056
3 0.518427 0.360913 0.029687 0.094444
4 0.586417 0.332581 0.065625 0.195833
1 0.73961 0.880969 0.079687 0.234722
1 0.750663 0.606104 0.050781 0.170833
3 0.650402 0.589405 0.067969 0.219444
5 0.075843 0.730155 0.15 0.508333
3 0.371484 0.783333 0.089844 0.094444
3 0.298828 0.886111 0.174219 0.222222
0 0.508594 0.3 0.01875 0.027778
1 0.39375 0.505556 0.057813 0.119444
6 0.393359 0.564583 0.038281 0.068056
0 0.433984 0.38125 0.016406 0.031944