1 0.735822 0.515354 0.051562 0.109722
5 0.33812 0.2723 0.039844 0.138889
5 0.274786 0.354182 0.101562 0.304167
0 0.353526 0.491758 0.027344 0.083333
5 0.423894 0.229792 0.046875 0.127778
2 0.447484 0.284781 0.032812 0.076389
5 0.168539 0.329371 0.097656 0.118056
2 0.504732 0.232703 0.021875 0.038889
1 0.716594 0.362199 0.035937 0.081944
1 0.390218 0.485237 0.054688 0.095833
2 0.283754 0.632611 0.121875 0.205556
5 0.381678 0.35665 0.091406 0.222222
5 0.128117 0.542652 0.219531 0.379167
5 0.662872 0.455371 0.103906 0.208333
1 0.761777 0.79404 0.080469 0.198611
1 0.667958 0.683942 0.059375 0.166667
5 0.543153 0.410962 0.094531 0.273611
5 0.642775 0.310235 0.075 0.130556
3 0.379297 0.666667 0.121094 0.322222
3 0.642969 0.865972 0.185937 0.329167
1 0.135547 0.927083 0.113281 0.148611