2 0.745655 0.385232 0.025781 0.052778
2 0.767891 0.450476 0.028906 0.073611
1 0.710154 0.442402 0.028125 0.05
2 0.165421 0.512128 0.065625 0.091667
2 0.211287 0.45098 0.059375 0.070833
1 0.664128 0.826058 0.057813 0.1875
2 0.292537 0.415562 0.049219 0.047222
1 0.576522 0.630421 0.039844 0.127778
2 0.458086 0.508025 0.045313 0.05
0 0.058103 0.555417 0.0375 0.058333
1 0.630019 0.687005 0.045313 0.143056
5 0.424123 0.678617 0.192969 0.348611
5 0.614289 0.293235 0.033594 0.05
2 0.369227 0.56349 0.053906 0.068056
1 0.402516 0.448115 0.03125 0.0625
1 0.571986 0.45932 0.033594 0.075
2 0.547796 0.421142 0.027344 0.065278
3 0.503523 0.44926 0.0375 0.075
5 0.638845 0.450239 0.063281 0.161111
5 0.170703 0.713194 0.341406 0.490278
5 0.173828 0.8625 0.347656 0.269444