1 0.211175 0.636748 0.10625 0.213889
0 0.470493 0.445055 0.020312 0.065278
2 0.49845 0.404705 0.050781 0.098611
5 0.451888 0.268412 0.080469 0.113889
0 0.568786 0.462016 0.014062 0.048611
0 0.30243 0.602479 0.049219 0.105556
5 0.746663 0.47518 0.110937 0.277778
5 0.688449 0.370985 0.079687 0.184722
5 0.512696 0.291875 0.072656 0.129167
5 0.401391 0.381815 0.127344 0.222222
5 0.268983 0.417326 0.149219 0.2375
2 0.282857 0.803364 0.178906 0.233333
3 0.400595 0.547061 0.140625 0.259722
5 0.099059 0.492312 0.194531 0.245833
1 0.286069 0.509307 0.060938 0.144444
4 0.598087 0.303824 0.065625 0.152778
1 0.648054 0.76909 0.0625 0.216667
2 0.614062 0.464583 0.05 0.151389
5 0.897656 0.790972 0.226562 0.379167
0 0.160547 0.918056 0.064844 0.158333
5 0.062109 0.670139 0.124219 0.351389
2 0.032031 0.922222 0.084375 0.144444