1 0.307864 0.577216 0.060156 0.102778
3 0.418886 0.175558 0.023438 0.054167
1 0.402533 0.277963 0.024219 0.045833
0 0.465026 0.621569 0.032031 0.102778
2 0.530193 0.229883 0.025781 0.070833
3 0.592241 0.304711 0.032812 0.0875
2 0.450599 0.273555 0.035156 0.075
5 0.453625 0.211983 0.038281 0.102778
1 0.351732 0.441218 0.058594 0.130556
5 0.47525 0.157529 0.022656 0.080556
2 0.538199 0.375641 0.0375 0.0875
2 0.556638 0.328257 0.026563 0.069444
5 0.767307 0.770736 0.339844 0.523611
5 0.701402 0.370923 0.1125 0.194444
5 0.42815 0.441667 0.102344 0.345833
5 0.188569 0.511423 0.25625 0.336111
5 0.365246 0.310589 0.086719 0.158333
5 0.339515 0.258564 0.057813 0.111111
5 0.284264 0.307568 0.071094 0.116667
5 0.181464 0.33638 0.10625 0.127778
1 0.089513 0.960899 0.079687 0.073611
3 0.564202 0.487214 0.071094 0.151389
0 0.608065 0.385192 0.021875 0.052778
5 0.29375 0.841667 0.2875 0.311111
5 0.04375 0.736111 0.1625 0.452778