2 0.751397 0.479265 0.023438 0.086111
2 0.733703 0.417036 0.023438 0.059722
1 0.585477 0.928373 0.063281 0.120833
2 0.194648 0.482709 0.055469 0.052778
2 0.283902 0.444384 0.05 0.055556
1 0.667281 0.54256 0.039844 0.080556
2 0.143168 0.54146 0.082031 0.081944
1 0.694805 0.471781 0.032031 0.084722
1 0.659003 0.511911 0.032031 0.108333
1 0.636007 0.431725 0.01875 0.036111
1 0.279966 0.488499 0.039844 0.076389
4 0.57551 0.418539 0.042188 0.068056
3 0.349484 0.636036 0.103906 0.204167
1 0.397312 0.873014 0.075781 0.208333
5 0.686719 0.359391 0.038281 0.077778
2 0.136149 0.677811 0.135156 0.159722
4 0.6091 0.368541 0.038281 0.061111