2 0.512402 0.275517 0.050781 0.098611
5 0.90709 0.796099 0.226562 0.379167
5 0.097891 0.41053 0.177344 0.230556
5 0.271361 0.369796 0.164844 0.238889
5 0.455981 0.266415 0.108594 0.2
5 0.491489 0.163578 0.077344 0.101389
5 0.545276 0.177383 0.067969 0.123611
2 0.380171 0.568963 0.1375 0.230556
5 0.678756 0.326692 0.105469 0.191667
5 0.751 0.401352 0.130469 0.3
1 0.658859 0.200523 0.032031 0.054167
3 0.832112 0.558872 0.095312 0.1625
5 0.636179 0.133983 0.029687 0.081944
0 0.622978 0.19632 0.015625 0.023611
0 0.320777 0.555339 0.0375 0.086111
3 0.4475 0.405241 0.096094 0.208333
1 0.347969 0.428459 0.060156 0.118056
1 0.311669 0.416193 0.05 0.120833
1 0.370999 0.347071 0.035156 0.073611
2 0.052342 0.800673 0.085938 0.145833
2 0.234964 0.864211 0.171875 0.254167
4 0.570312 0.402778 0.10625 0.352778
1 0.048828 0.919444 0.116406 0.169444
5 0.071094 0.575694 0.15 0.329167