5 0.179943 0.297247 0.097656 0.118056
5 0.65753 0.305821 0.077344 0.15
1 0.713159 0.356731 0.035156 0.073611
5 0.921163 0.77191 0.2625 0.455556
5 0.440357 0.164963 0.035937 0.101389
2 0.511461 0.266822 0.017969 0.05
1 0.735532 0.445128 0.047656 0.080556
5 0.402851 0.643832 0.228125 0.547222
5 0.579955 0.283527 0.046094 0.113889
5 0.364744 0.249769 0.089062 0.216667
5 0.203712 0.420563 0.157031 0.255556
3 0.255085 0.509892 0.180469 0.372222
1 0.655425 0.457427 0.05 0.093056
5 0.30448 0.273385 0.032031 0.098611
3 0.506388 0.194913 0.017969 0.047222
2 0.537874 0.231435 0.019531 0.047222
2 0.458233 0.241039 0.023438 0.056944
2 0.446105 0.30482 0.032812 0.056944
1 0.431657 0.254657 0.020312 0.0875
2 0.535593 0.360367 0.035937 0.091667
5 0.589681 0.531759 0.110937 0.298611
5 0.382597 0.316317 0.069531 0.129167
5 0.070027 0.542115 0.139062 0.355556
1 0.225748 0.85499 0.107813 0.234722
2 0.081833 0.872026 0.163281 0.240278