1 0.711542 0.400809 0.044531 0.084722
5 0.894426 0.720971 0.219531 0.381944
1 0.74258 0.525884 0.051562 0.109722
1 0.586293 0.435595 0.028125 0.073611
3 0.541659 0.492929 0.04375 0.097222
3 0.511806 0.27055 0.027344 0.070833
3 0.447466 0.470289 0.055469 0.144444
1 0.373694 0.462133 0.042188 0.102778
1 0.405679 0.480428 0.030469 0.075
1 0.400256 0.408847 0.030469 0.098611
1 0.430421 0.393817 0.028125 0.068056
5 0.172537 0.408748 0.089062 0.179167
5 0.260721 0.456574 0.117188 0.394444
5 0.401663 0.309095 0.071094 0.15
1 0.659733 0.504531 0.030469 0.059722
5 0.331158 0.331282 0.039844 0.138889
1 0.585807 0.278648 0.020312 0.059722
1 0.56088 0.271502 0.01875 0.040278
0 0.539912 0.421019 0.021875 0.043056
5 0.645022 0.359005 0.082031 0.176389
5 0.083203 0.723611 0.205469 0.505556
5 0.307422 0.738889 0.260156 0.516667
2 0.628125 0.786806 0.140625 0.348611
5 0.452734 0.297222 0.049219 0.136111