5 0.699138 0.848634 0.292188 0.356944
5 0.516095 0.536634 0.119531 0.254167
2 0.40527 0.443787 0.033594 0.084722
4 0.377649 0.337076 0.035937 0.088889
5 0.2729 0.41912 0.097656 0.201389
0 0.37728 0.433971 0.017969 0.031944
2 0.250697 0.540997 0.058594 0.101389
5 0.175455 0.363108 0.092969 0.116667
5 0.135631 0.560509 0.170312 0.294444
3 0.156945 0.718646 0.196875 0.354167
1 0.483736 1.0 0.071875 0.209722
0 0.353201 0.756775 0.023438 0.080556
1 0.32205 0.320525 0.020312 0.055556
1 0.425115 0.765928 0.074219 0.1875
1 0.405699 0.537123 0.048437 0.102778