0 0.438671 0.216667 0.036719 0.077778
2 0.472656 0.165973 0.045313 0.090278
2 0.401562 0.182639 0.057813 0.093056
1 0.028125 0.579167 0.101562 0.166667
6 0.19414 0.373612 0.025781 0.1
6 0.824609 0.490277 0.025781 0.113889
6 0.889844 0.571528 0.035937 0.120833
6 0.925001 0.559028 0.039062 0.140278
6 0.867578 0.495833 0.033594 0.119444
1 0.908203 0.706945 0.072656 0.166667
2 0.584766 0.550695 0.060156 0.134722
2 0.648829 0.320833 0.052344 0.1
3 0.43711 0.383333 0.083594 0.186111
4 0.333203 0.4375 0.130469 0.272222