2 0.738441 0.547774 0.023438 0.086111
2 0.721477 0.487955 0.023438 0.059722
1 0.637879 0.920096 0.057813 0.166667
0 0.45572 0.709188 0.020312 0.070833
1 0.617336 0.727685 0.051562 0.125
0 0.670804 0.581928 0.010937 0.044444
2 0.131262 0.624746 0.071875 0.088889
1 0.633674 0.594636 0.028125 0.040278
2 0.183776 0.557772 0.047656 0.070833
5 0.496726 0.536491 0.089844 0.158333
1 0.183307 0.609205 0.039062 0.072222
1 0.660083 0.467685 0.019531 0.044444
1 0.686478 0.468456 0.017969 0.045833
3 0.635925 0.454523 0.01875 0.05
4 0.544596 0.41655 0.046094 0.070833
1 0.544902 0.61283 0.034375 0.093056
5 0.316167 0.697548 0.18125 0.3
3 0.383097 0.520332 0.070312 0.093056
5 0.34595 0.521454 0.088281 0.115278
2 0.270613 0.525388 0.054688 0.052778
1 0.591797 0.511111 0.025781 0.066667
1 0.612109 0.453472 0.021094 0.043056