5 0.170465 0.297036 0.097656 0.118056
5 0.647267 0.310712 0.077344 0.15
1 0.716431 0.346776 0.035156 0.073611
0 0.247396 0.541421 0.028125 0.098611
5 0.559113 0.224415 0.039062 0.095833
5 0.390356 0.161265 0.04375 0.081944
1 0.79245 0.49545 0.033594 0.068056
5 0.443757 0.263522 0.053906 0.136111
1 0.299834 0.454827 0.059375 0.1375
1 0.433921 0.513521 0.0375 0.156944
1 0.390888 0.394908 0.033594 0.104167
2 0.319073 0.384507 0.075781 0.130556
3 0.441611 0.364771 0.055469 0.133333
3 0.358775 0.289222 0.083594 0.1375
5 0.32352 0.259415 0.074219 0.141667
5 0.391671 0.256048 0.057031 0.147222
5 0.197936 0.437462 0.152344 0.297222
1 0.097983 0.730857 0.099219 0.229167
2 0.637059 0.991889 0.103125 0.338889
5 0.892918 0.736054 0.220313 0.404167
5 0.338517 0.677276 0.2125 0.522222
3 0.533781 0.517273 0.050781 0.134722
2 0.633984 0.647222 0.092969 0.211111
3 0.624609 0.379861 0.067969 0.131944
1 0.690234 0.381944 0.032031 0.097222
5 0.060938 0.5125 0.146875 0.355556
2 0.509766 0.208333 0.027344 0.05