2 0.752191 0.388502 0.025781 0.052778
2 0.771882 0.450315 0.028906 0.073611
0 0.070914 0.556943 0.04375 0.052778
2 0.157097 0.509375 0.071875 0.070833
2 0.22103 0.453173 0.057031 0.056944
1 0.599143 0.950437 0.069531 0.218056
2 0.311066 0.417013 0.051562 0.055556
1 0.664112 0.820316 0.04375 0.1875
2 0.560644 0.403583 0.039844 0.063889
1 0.678244 0.465122 0.01875 0.073611
0 0.227786 0.852751 0.04375 0.088889
2 0.644856 0.390543 0.024219 0.05
3 0.624879 0.35969 0.029687 0.072222
2 0.206994 0.727577 0.111719 0.158333
4 0.505985 0.427049 0.05625 0.129167
1 0.516962 0.889601 0.071875 0.172222
5 0.509462 0.663439 0.180469 0.365278
3 0.366661 0.675308 0.100781 0.152778
3 0.361262 0.575197 0.086719 0.097222
3 0.442063 0.518465 0.090625 0.111111
2 0.079658 0.889723 0.177344 0.151389
2 0.062588 0.830022 0.157031 0.1875
0 0.173438 0.851389 0.04375 0.066667
1 0.2875 0.88125 0.115625 0.134722
1 0.634375 0.461111 0.035937 0.088889
1 0.269922 0.548611 0.049219 0.091667