5 0.179705 0.297955 0.097656 0.118056
5 0.652489 0.309286 0.077344 0.15
1 0.709355 0.359837 0.035156 0.073611
5 0.920872 0.772772 0.2625 0.455556
5 0.440148 0.1658 0.035937 0.101389
2 0.510984 0.267633 0.017969 0.05
1 0.735311 0.454593 0.047656 0.080556
5 0.388348 0.657691 0.228125 0.547222
5 0.573374 0.273131 0.046094 0.113889
5 0.364465 0.250468 0.089062 0.216667
5 0.203395 0.42116 0.157031 0.255556
3 0.255008 0.510857 0.180469 0.372222
1 0.650243 0.440389 0.05 0.093056
5 0.304191 0.274131 0.032031 0.098611
3 0.506021 0.195469 0.017969 0.047222
2 0.537462 0.232326 0.019531 0.047222
2 0.457927 0.241829 0.023438 0.056944
2 0.445658 0.305668 0.032812 0.056944
1 0.431306 0.255435 0.020312 0.0875
2 0.530538 0.340206 0.035937 0.091667
5 0.580616 0.49504 0.110937 0.298611
5 0.382307 0.317629 0.069531 0.129167
5 0.069531 0.543056 0.139062 0.355556
1 0.215625 0.877083 0.107813 0.234722
2 0.081641 0.872917 0.163281 0.240278