2 0.738863 0.54652 0.023438 0.086111
2 0.721979 0.486763 0.023438 0.059722
1 0.634763 0.927412 0.057813 0.166667
0 0.528946 0.613502 0.020312 0.070833
1 0.391089 0.496829 0.030469 0.048611
1 0.593305 0.787958 0.051562 0.125
4 0.522944 0.429309 0.0625 0.105556
1 0.613614 0.472964 0.020312 0.041667
0 0.658095 0.597517 0.010937 0.044444
2 0.132079 0.623743 0.071875 0.088889
1 0.585999 0.552093 0.027344 0.066667
1 0.639666 0.581965 0.028125 0.040278
2 0.184355 0.556369 0.047656 0.070833
5 0.407927 0.616278 0.115625 0.233333
5 0.537025 0.506317 0.089844 0.158333
5 0.295101 0.534367 0.13125 0.1125
3 0.303044 0.598451 0.110937 0.148611
1 0.212667 0.594848 0.039062 0.072222
2 0.459375 0.493056 0.035937 0.038889
1 0.666797 0.452778 0.019531 0.044444
1 0.687109 0.457639 0.017969 0.045833
1 0.626953 0.438889 0.013281 0.041667
3 0.647656 0.438889 0.01875 0.05