6 0.363843 0.736246 0.035156 0.176389
1 0.627474 0.306641 0.041406 0.084722
1 0.052702 0.336448 0.065625 0.148611
5 0.69553 0.778006 0.471094 0.463889
3 0.35032 0.279197 0.0625 0.130556
3 0.281907 0.239732 0.048437 0.094444
5 1.0 0.476064 0.239063 0.359722
3 0.417715 0.339744 0.08125 0.152778
5 0.266158 0.330597 0.16875 0.245833
3 0.163046 0.50699 0.098438 0.2375
3 0.576695 0.401577 0.171094 0.230556
3 0.826384 0.647748 0.160938 0.258333
1 0.793337 0.404489 0.083594 0.141667
1 0.854999 0.370747 0.063281 0.134722
2 0.435156 0.590972 0.089062 0.148611
0 0.126172 0.790972 0.067969 0.151389