1 0.705706 0.409072 0.044531 0.084722
1 0.735669 0.540546 0.051562 0.109722
3 0.513375 0.308363 0.027344 0.070833
5 0.166627 0.397017 0.089062 0.179167
5 0.26063 0.453147 0.117188 0.394444
5 0.322397 0.341941 0.039844 0.138889
1 0.592592 0.310313 0.020312 0.059722
1 0.563243 0.315976 0.01875 0.040278
5 0.649877 0.379157 0.082031 0.176389
1 0.686872 0.621854 0.039844 0.081944
3 0.453376 0.37546 0.041406 0.111111
5 0.450367 0.262577 0.046094 0.129167
5 0.924047 0.787242 0.204688 0.444444
5 0.403386 0.277867 0.041406 0.120833
0 0.359358 0.396028 0.014062 0.047222
0 0.278339 0.786785 0.035937 0.109722
5 0.39712 0.56397 0.139844 0.425
0 0.618757 0.714372 0.035937 0.090278
0 0.365234 0.326389 0.013281 0.038889
5 0.089453 0.753472 0.191406 0.554167
3 0.599609 0.932639 0.119531 0.265278
1 0.709766 0.875694 0.092969 0.215278