2 0.736442 0.550084 0.023438 0.086111
2 0.719662 0.490167 0.023438 0.059722
1 0.639076 0.92428 0.057813 0.166667
0 0.682723 0.550845 0.010937 0.044444
1 0.644205 0.503007 0.019531 0.044444
1 0.68078 0.480543 0.017969 0.045833
4 0.567766 0.408983 0.046094 0.070833
2 0.268829 0.526327 0.054688 0.052778
1 0.53689 0.589228 0.025781 0.066667
1 0.574662 0.483836 0.021094 0.043056
1 0.638547 0.68219 0.042188 0.081944
1 0.616785 0.638965 0.035937 0.055556
2 0.189556 0.5599 0.064844 0.059722
2 0.524574 0.454994 0.029687 0.043056
1 0.447068 0.755278 0.058594 0.133333
1 0.654688 0.45105 0.014062 0.038889
5 0.40801 0.492329 0.0625 0.105556
3 0.463767 0.475467 0.050781 0.058333
3 0.210959 0.631834 0.171094 0.141667
3 0.609943 0.483234 0.032031 0.070833
5 0.116406 0.833333 0.251563 0.325
1 0.129297 0.645833 0.053906 0.088889
5 0.410156 0.616667 0.146875 0.258333