3 0.251268 0.217277 0.051562 0.088889
1 0.858808 0.37285 0.053906 0.120833
0 0.145176 0.788877 0.071094 0.151389
6 0.36206 0.747286 0.039844 0.198611
5 0.709853 0.772012 0.496875 0.448611
2 0.139247 0.279696 0.0875 0.104167
3 0.071351 0.316968 0.069531 0.138889
5 0.143484 0.194798 0.098438 0.155556
3 0.287884 0.234754 0.053125 0.091667
1 0.942415 0.43869 0.076563 0.116667
0 0.91769 0.568643 0.071094 0.1
3 0.533344 0.420218 0.1125 0.190278
3 0.41463 0.327751 0.089844 0.166667
3 0.743207 0.540526 0.248437 0.336111