1 0.710757 0.405919 0.044531 0.084722
1 0.733398 0.525417 0.051562 0.109722
3 0.509677 0.271379 0.027344 0.070833
5 0.17025 0.409336 0.089062 0.179167
5 0.258331 0.445852 0.117188 0.394444
5 0.401672 0.287822 0.071094 0.15
5 0.328634 0.331784 0.039844 0.138889
1 0.583699 0.279455 0.020312 0.059722
1 0.556446 0.272174 0.01875 0.040278
0 0.552104 0.478189 0.021875 0.043056
5 0.644189 0.359533 0.082031 0.176389
2 0.711835 0.98822 0.182812 0.295833
1 0.608884 0.542498 0.041406 0.116667
1 0.66696 0.520584 0.039844 0.081944
3 0.552713 0.578693 0.053125 0.148611
5 0.337419 0.704628 0.222656 0.548611
1 0.401307 0.365375 0.029687 0.054167
1 0.422929 0.357237 0.029687 0.076389
3 0.446674 0.425887 0.041406 0.111111
1 0.384286 0.421931 0.039844 0.061111
5 0.452083 0.293436 0.046094 0.129167
5 0.079297 0.74375 0.222656 0.529167
5 0.897656 0.743056 0.204688 0.444444