2 0.765824 0.437765 0.023438 0.086111
2 0.745142 0.369756 0.023438 0.059722
3 0.50116 0.453303 0.034375 0.065278
1 0.565745 0.79766 0.058594 0.131944
1 0.629391 0.672132 0.033594 0.104167
1 0.523117 0.831902 0.059375 0.159722
1 0.579321 0.894438 0.063281 0.120833
0 0.433457 0.596205 0.024219 0.059722
3 0.434226 0.372118 0.064062 0.073611
4 0.541078 0.322486 0.060156 0.056944
3 0.52072 0.413216 0.042188 0.088889
4 0.304054 0.58363 0.121094 0.229167
3 0.378849 0.73224 0.097656 0.156944
3 0.357222 0.629898 0.082813 0.179167
5 0.259744 0.474993 0.236719 0.263889
0 0.521793 0.608843 0.025 0.052778
2 0.597166 0.403464 0.041406 0.058333
2 0.655444 0.328279 0.023438 0.040278
1 0.634641 0.402369 0.025781 0.063889
1 0.656878 0.414442 0.028125 0.070833
2 0.260285 0.896549 0.149219 0.1375
3 0.1326 0.763959 0.217969 0.261111
0 0.051982 0.53975 0.038281 0.058333
2 0.425523 0.50405 0.079687 0.1125
1 0.605078 0.608333 0.047656 0.119444