5 0.177853 0.290922 0.097656 0.118056
5 0.651984 0.305386 0.077344 0.15
1 0.703685 0.349677 0.035156 0.073611
5 0.924407 0.756373 0.2625 0.455556
1 0.706244 0.41559 0.047656 0.080556
3 0.51139 0.247222 0.017969 0.047222
2 0.457948 0.189888 0.023438 0.056944
2 0.45779 0.249828 0.032812 0.056944
5 0.313405 0.25558 0.05625 0.118056
2 0.552672 0.327487 0.027344 0.081944
5 0.524129 0.169847 0.024219 0.056944
3 0.553847 0.201459 0.017969 0.052778
1 0.34466 0.543651 0.071875 0.169444
3 0.302946 0.393853 0.124219 0.272222
5 0.427174 0.386559 0.110937 0.294444
5 0.390035 0.168518 0.067969 0.076389
5 0.378261 0.264682 0.0625 0.140278
5 0.193414 0.429716 0.13125 0.245833
2 0.211893 0.593333 0.164844 0.244444
0 0.297086 0.710805 0.039062 0.141667
0 0.321321 0.831957 0.055469 0.141667
5 0.643695 0.439371 0.109375 0.308333
3 0.529187 0.389527 0.046094 0.1125
2 0.620229 0.896195 0.11875 0.330556
1 0.784009 0.837757 0.083594 0.252778
3 0.399416 0.591417 0.116406 0.256944
0 0.543359 0.599306 0.027344 0.101389
1 0.076172 0.885417 0.114844 0.206944
5 0.064844 0.520833 0.145313 0.375
1 0.363281 0.910417 0.08125 0.165278
2 0.549219 0.272222 0.023438 0.041667