2 0.747692 0.392611 0.025781 0.052778
2 0.767246 0.454448 0.028906 0.073611
0 0.064784 0.559151 0.04375 0.052778
2 0.162319 0.51359 0.071875 0.070833
2 0.215699 0.455471 0.057031 0.056944
1 0.591012 0.944613 0.069531 0.218056
2 0.305844 0.419926 0.051562 0.055556
1 0.662127 0.831501 0.04375 0.1875
3 0.451101 0.501128 0.065625 0.1
0 0.322587 0.908112 0.029687 0.0875
4 0.547902 0.40848 0.047656 0.095833
1 0.652126 0.411748 0.025781 0.056944
0 0.585792 0.454978 0.016406 0.036111
3 0.384097 0.636298 0.084375 0.119444
3 0.39718 0.542831 0.06875 0.073611
0 0.301274 0.767112 0.042188 0.061111
2 0.593462 0.375357 0.039844 0.063889
1 0.394984 0.768848 0.071875 0.15
5 0.543648 0.627937 0.150781 0.356944
2 0.286565 0.656128 0.092188 0.130556
2 0.152902 0.76193 0.144531 0.183333
2 0.160178 0.868994 0.185156 0.222222
1 0.681307 0.445842 0.01875 0.073611
0 0.364587 0.498162 0.021094 0.038889
0 0.442969 0.604861 0.025 0.048611