2 0.738265 0.548055 0.023438 0.086111
2 0.721387 0.488197 0.023438 0.059722
1 0.640335 0.930333 0.057813 0.166667
0 0.429848 0.740075 0.020312 0.070833
0 0.671444 0.575209 0.010937 0.044444
2 0.131142 0.625043 0.071875 0.088889
2 0.183697 0.557987 0.047656 0.070833
1 0.172371 0.627507 0.039062 0.072222
1 0.660042 0.468007 0.019531 0.044444
1 0.686454 0.468663 0.017969 0.045833
3 0.62822 0.454836 0.01875 0.05
4 0.552373 0.408657 0.046094 0.070833
1 0.533162 0.632581 0.034375 0.093056
3 0.398737 0.520526 0.070312 0.093056
5 0.345982 0.516014 0.088281 0.115278
2 0.270424 0.525718 0.054688 0.052778
1 0.587049 0.532269 0.025781 0.066667
1 0.603442 0.454008 0.021094 0.043056
1 0.614062 0.740972 0.042188 0.081944
1 0.625781 0.606944 0.035937 0.055556
0 0.064844 0.703472 0.035937 0.045833
5 0.287891 0.711111 0.192969 0.311111
5 0.486719 0.554167 0.117188 0.194444