0 0.467862 0.413231 0.020312 0.065278
2 0.496018 0.373071 0.050781 0.098611
0 0.562656 0.455754 0.014062 0.048611
0 0.30388 0.57062 0.049219 0.105556
5 0.747482 0.447326 0.110937 0.277778
5 0.686129 0.351703 0.079687 0.184722
2 0.314519 0.7532 0.178906 0.233333
3 0.417484 0.512075 0.140625 0.259722
1 0.298052 0.492013 0.060938 0.144444
4 0.593517 0.300157 0.065625 0.152778
1 0.660213 0.806936 0.0625 0.216667
2 0.614126 0.483409 0.05 0.151389
5 0.895866 0.761214 0.226562 0.379167
0 0.169679 0.875258 0.064844 0.158333
5 0.094922 0.479167 0.177344 0.230556
5 0.060938 0.641667 0.121875 0.313889
2 0.035156 0.9125 0.070312 0.155556
1 0.238672 0.597917 0.091406 0.181944
5 0.268359 0.426389 0.164844 0.238889
5 0.411328 0.375 0.108594 0.2
5 0.456641 0.253472 0.077344 0.101389
5 0.517578 0.270139 0.067969 0.123611