5 0.175612 0.299582 0.097656 0.118056
5 0.64775 0.316169 0.077344 0.15
5 0.192342 0.446278 0.171094 0.322222
5 0.329246 0.273136 0.101562 0.233333
1 0.707788 0.357153 0.035156 0.073611
0 0.306294 0.492899 0.038281 0.104167
5 0.870472 0.726706 0.2625 0.455556
0 0.6592 0.579333 0.017969 0.026389
5 0.518479 0.192698 0.032031 0.084722
1 0.557974 0.216241 0.017188 0.048611
5 0.408044 0.27099 0.066406 0.202778
3 0.456362 0.256577 0.032031 0.102778
1 0.094276 0.746019 0.096094 0.2375
2 0.554944 0.432819 0.042969 0.090278
2 0.414984 0.507485 0.071875 0.127778
3 0.362139 0.410337 0.054688 0.105556
1 0.379073 0.362107 0.034375 0.055556
1 0.337611 0.530067 0.058594 0.145833
2 0.669141 0.746528 0.121094 0.304167
2 0.286719 0.886806 0.151562 0.209722
5 0.077344 0.527778 0.154687 0.361111