1 0.520541 0.884526 0.065625 0.095833
1 0.592092 0.894197 0.063281 0.123611
1 0.655771 0.800726 0.042188 0.148611
1 0.648409 0.496058 0.028125 0.101389
2 0.493264 0.43979 0.050781 0.084722
2 0.759569 0.419126 0.023438 0.086111
2 0.744745 0.375425 0.023438 0.059722
1 0.676027 0.382242 0.020312 0.043056
3 0.36518 0.577477 0.105469 0.134722
4 0.443232 0.456478 0.067969 0.151389
3 0.52251 0.480205 0.039062 0.093056
3 0.559798 0.483738 0.038281 0.072222
3 0.25919 0.461539 0.096094 0.184722
0 0.053871 0.54527 0.042188 0.063889
5 0.224981 0.825679 0.382031 0.344444
3 0.230859 0.678897 0.1125 0.131944
1 0.49547 0.705387 0.060156 0.133333
1 0.597408 0.759606 0.065625 0.109722
2 0.161798 0.495184 0.065625 0.088889
3 0.559672 0.381172 0.034375 0.065278
0 0.636308 0.406269 0.01875 0.031944
2 0.505078 0.579861 0.069531 0.1125
4 0.372656 0.415278 0.107813 0.152778