2 0.7473 0.487921 0.023438 0.086111
2 0.730601 0.426787 0.023438 0.059722
2 0.19885 0.483194 0.055469 0.052778
2 0.282597 0.451086 0.05 0.055556
2 0.141939 0.544489 0.082031 0.081944
1 0.581693 0.969757 0.085938 0.179167
1 0.651819 0.857633 0.060156 0.163889
1 0.647577 0.688854 0.041406 0.118056
1 0.407408 0.417009 0.024219 0.059722
1 0.633422 0.443217 0.01875 0.051389
0 0.463518 0.44125 0.021875 0.038889
2 0.468057 0.564102 0.060938 0.0875
2 0.393819 0.688088 0.090625 0.1375
2 0.588045 0.462026 0.039844 0.083333
2 0.558258 0.423117 0.032031 0.052778
4 0.505091 0.448104 0.071094 0.108333
5 0.491908 0.712275 0.136719 0.283333
4 0.159091 0.794051 0.246875 0.370833
5 0.042188 0.627083 0.084375 0.226389