2 0.747173 0.387863 0.025781 0.052778
2 0.766715 0.449705 0.028906 0.073611
0 0.057394 0.55116 0.04375 0.052778
2 0.161975 0.509865 0.071875 0.070833
2 0.212342 0.456917 0.057031 0.056944
5 0.551187 0.609605 0.125781 0.305556
1 0.595599 0.937851 0.069531 0.218056
2 0.294012 0.42462 0.051562 0.055556
1 0.659659 0.814421 0.04375 0.1875
1 0.660436 0.434311 0.022656 0.052778
1 0.692199 0.413962 0.020312 0.045833
4 0.594827 0.36506 0.030469 0.070833
3 0.450148 0.578182 0.060156 0.1
3 0.437005 0.512493 0.057813 0.0875
3 0.502484 0.456036 0.065625 0.1
5 0.564042 0.304761 0.057031 0.088889
0 0.361291 0.453503 0.025781 0.047222
0 0.410579 0.41293 0.015625 0.031944
3 0.092257 0.784095 0.171875 0.272222
3 0.350253 0.786034 0.102344 0.176389
2 0.251429 0.776777 0.135937 0.247222
2 0.257751 0.662434 0.109375 0.154167
2 0.341472 0.599359 0.075 0.116667
0 0.372101 0.657099 0.024219 0.0625