0 0.127481 0.854245 0.058594 0.141667
1 0.866813 0.429001 0.067188 0.152778
1 0.913719 0.452216 0.073437 0.125
1 0.030513 0.241246 0.039062 0.066667
3 0.294993 0.307835 0.042188 0.094444
0 0.118117 0.292223 0.025 0.056944
6 0.388724 0.757772 0.035156 0.176389
1 0.256079 0.732576 0.104687 0.238889
0 0.759908 0.514806 0.039062 0.073611
2 0.676166 0.505087 0.103125 0.136111
3 0.587382 0.53266 0.116406 0.148611
5 0.392977 0.260002 0.121094 0.127778
3 0.251028 0.25978 0.055469 0.109722
2 0.838841 0.688495 0.184375 0.35
3 0.379687 0.341667 0.109375 0.158333
6 0.517187 0.819444 0.035937 0.208333
5 0.709375 0.838889 0.384375 0.311111
0 0.827344 0.464583 0.051562 0.073611