2 0.766904 0.490757 0.023438 0.086111
2 0.747264 0.428001 0.023438 0.059722
1 0.596421 0.968087 0.058594 0.172222
1 0.664005 0.873081 0.057031 0.181944
2 0.408279 0.567891 0.05625 0.083333
2 0.482997 0.545023 0.050781 0.065278
2 0.513017 0.479026 0.04375 0.063889
1 0.679456 0.539591 0.027344 0.075
1 0.366067 0.813651 0.069531 0.141667
0 0.445502 0.639202 0.016406 0.052778
0 0.510744 0.643783 0.019531 0.065278
1 0.672139 0.385028 0.01875 0.044444
4 0.225138 0.708928 0.185156 0.280556
4 0.168465 0.570639 0.109375 0.134722
1 0.321427 0.753497 0.066406 0.133333
5 0.475926 0.406486 0.075 0.098611
5 0.355977 0.482039 0.163281 0.158333
0 0.384254 0.679619 0.022656 0.059722
2 0.587169 0.430142 0.035156 0.079167
1 0.038853 0.606341 0.067969 0.093056
2 0.21213 0.479312 0.057031 0.05
1 0.584705 0.480178 0.035156 0.070833
1 0.633966 0.473081 0.028906 0.073611
1 0.051953 0.721528 0.103906 0.143056
1 0.549609 0.664583 0.060156 0.148611