5 0.176142 0.290567 0.097656 0.118056
5 0.64403 0.304753 0.077344 0.15
1 0.714523 0.347575 0.035156 0.073611
5 0.925919 0.75799 0.2625 0.455556
1 0.718955 0.390186 0.047656 0.080556
3 0.50461 0.232186 0.017969 0.047222
2 0.453972 0.199862 0.023438 0.056944
2 0.457179 0.262831 0.032812 0.056944
5 0.312123 0.254288 0.05625 0.118056
2 0.52653 0.344546 0.034375 0.079167
2 0.54355 0.286556 0.027344 0.081944
5 0.745608 1.0 0.248437 0.484722
5 0.511812 0.14727 0.024219 0.056944
3 0.548747 0.188616 0.017969 0.052778
3 0.377943 0.711834 0.160156 0.336111
1 0.333728 0.577169 0.071875 0.169444
3 0.301618 0.393723 0.124219 0.272222
5 0.620892 0.384953 0.086719 0.223611
5 0.419992 0.414767 0.110937 0.294444
0 0.540267 0.481638 0.020312 0.056944
5 0.389008 0.166953 0.067969 0.076389
5 0.377339 0.263868 0.0625 0.140278
5 0.191858 0.429591 0.13125 0.245833
5 0.072111 0.507538 0.14375 0.354167
2 0.173631 0.658326 0.164844 0.244444
0 0.263281 0.816667 0.039062 0.141667
1 0.730859 0.672917 0.067969 0.204167
2 0.589063 0.6625 0.092188 0.297222