1 0.527797 0.633155 0.047656 0.109722
1 0.521083 0.880982 0.065625 0.095833
1 0.565928 0.783511 0.055469 0.120833
1 0.596532 0.892199 0.063281 0.123611
1 0.656583 0.806338 0.042188 0.148611
1 0.654401 0.491181 0.028125 0.101389
1 0.516415 0.342945 0.024219 0.033333
2 0.541193 0.522511 0.05625 0.088889
2 0.498493 0.434121 0.050781 0.084722
2 0.759992 0.422244 0.023438 0.086111
2 0.745256 0.378585 0.023438 0.059722
1 0.680395 0.371659 0.020312 0.043056
3 0.289296 0.627064 0.097656 0.1125
3 0.376058 0.545199 0.105469 0.134722
4 0.443978 0.460565 0.067969 0.151389
3 0.545062 0.43833 0.039062 0.093056
3 0.580677 0.447378 0.038281 0.072222
5 0.308013 0.804814 0.31875 0.408333
3 0.156752 0.515013 0.096094 0.184722
0 0.053168 0.558741 0.042188 0.063889
2 0.060156 0.839583 0.115625 0.143056
4 0.285156 0.479167 0.154687 0.2