5 0.647864 0.300756 0.077344 0.15
1 0.70872 0.366589 0.035156 0.073611
0 0.257597 0.516382 0.028125 0.098611
5 0.562209 0.229696 0.039062 0.095833
1 0.789773 0.484 0.033594 0.068056
5 0.442027 0.239725 0.053906 0.136111
1 0.29786 0.443586 0.059375 0.1375
1 0.441006 0.445563 0.0375 0.156944
1 0.399293 0.357352 0.033594 0.104167
3 0.446426 0.318828 0.055469 0.133333
3 0.367213 0.2833 0.083594 0.1375
5 0.315601 0.263285 0.074219 0.141667
5 0.200015 0.433246 0.152344 0.297222
5 0.893238 0.737385 0.220313 0.404167
3 0.660721 0.420885 0.067969 0.131944
1 0.691056 0.368743 0.032031 0.097222
1 0.139057 0.634927 0.089062 0.111111
3 0.5484 0.612398 0.069531 0.173611
2 0.684961 0.845014 0.113281 0.25
5 0.350503 0.636821 0.164062 0.498611
5 0.070312 0.505556 0.140625 0.275
5 0.101172 0.811111 0.205469 0.308333
2 0.329688 0.355556 0.054688 0.075
2 0.508594 0.230556 0.026563 0.063889