5 0.178449 0.29153 0.097656 0.118056
5 0.652334 0.306037 0.077344 0.15
1 0.706525 0.340356 0.035156 0.073611
5 0.924923 0.756946 0.2625 0.455556
1 0.708834 0.42697 0.047656 0.080556
3 0.509684 0.233876 0.017969 0.047222
2 0.458435 0.19041 0.023438 0.056944
2 0.458426 0.257259 0.032812 0.056944
5 0.313971 0.25567 0.05625 0.118056
2 0.526111 0.378774 0.034375 0.079167
2 0.550851 0.311444 0.027344 0.081944
5 0.518382 0.163215 0.024219 0.056944
3 0.550534 0.204681 0.017969 0.052778
3 0.388071 0.685585 0.160156 0.336111
1 0.335962 0.576708 0.071875 0.169444
3 0.303534 0.394441 0.124219 0.272222
5 0.427705 0.387119 0.110937 0.294444
0 0.544376 0.531317 0.020312 0.056944
5 0.39047 0.168804 0.067969 0.076389
5 0.378895 0.26507 0.0625 0.140278
5 0.193994 0.430092 0.13125 0.245833
2 0.175911 0.657834 0.164844 0.244444
0 0.282747 0.778703 0.039062 0.141667
1 0.75225 0.757376 0.067969 0.204167
2 0.606076 0.779121 0.092188 0.297222
0 0.30508 0.900058 0.055469 0.141667
5 0.055712 0.524976 0.136719 0.359722
5 0.627998 0.42165 0.109375 0.308333
1 0.054297 0.916667 0.086719 0.158333