0 0.486633 0.342216 0.020312 0.065278
2 0.497898 0.302608 0.050781 0.098611
0 0.349107 0.458008 0.049219 0.105556
3 0.427781 0.438071 0.140625 0.259722
1 0.308012 0.412571 0.060938 0.144444
5 0.900735 0.764978 0.226562 0.379167
0 0.257428 0.676214 0.064844 0.158333
5 0.099249 0.410404 0.177344 0.230556
1 0.316029 0.481299 0.091406 0.181944
5 0.270971 0.355513 0.164844 0.238889
5 0.419352 0.303049 0.108594 0.2
5 0.457866 0.182268 0.077344 0.101389
5 0.51845 0.197864 0.067969 0.123611
0 0.527212 0.580285 0.030469 0.075
4 0.581287 0.299375 0.073437 0.223611
5 0.064084 0.584741 0.129688 0.316667
2 0.049485 0.851447 0.076563 0.209722
2 0.347233 0.638434 0.1375 0.230556
5 0.687103 0.301161 0.105469 0.191667
5 0.763236 0.389294 0.130469 0.3
2 0.631641 0.615278 0.085156 0.269444
2 0.188672 0.943056 0.196094 0.108333
3 0.826172 0.5125 0.097656 0.133333