5 0.452111 0.262704 0.053125 0.144444
5 0.346024 0.335936 0.114844 0.222222
5 0.184668 0.324794 0.103125 0.109722
5 0.286258 0.310593 0.065625 0.180556
5 0.344223 0.226495 0.076563 0.061111
1 0.296009 0.474434 0.067969 0.152778
1 0.245429 0.652383 0.060156 0.102778
1 0.725212 0.346891 0.046875 0.061111
3 0.415863 0.179997 0.023438 0.054167
1 0.398969 0.25694 0.024219 0.045833
5 0.475652 0.128437 0.034375 0.056944
2 0.447568 0.345542 0.053906 0.104167
2 0.533543 0.262131 0.033594 0.048611
3 0.574896 0.226167 0.020312 0.05
2 0.526347 0.190926 0.0125 0.034722
5 0.613635 0.471394 0.115625 0.341667
5 0.652104 0.296052 0.071094 0.148611
5 0.347853 0.663642 0.25625 0.590278
3 0.535396 0.324859 0.024219 0.091667
5 0.059375 0.761806 0.11875 0.443056
5 0.163281 0.514583 0.25 0.365278