6 0.223203 0.779531 0.040625 0.183333
6 0.372538 0.928233 0.033594 0.256944
0 0.197434 0.820994 0.061719 0.138889
1 0.982771 0.465365 0.066406 0.138889
6 0.035176 0.552907 0.028125 0.120833
5 0.172642 0.218353 0.097656 0.159722
2 0.198361 0.308853 0.075781 0.102778
3 0.338097 0.297709 0.0375 0.075
0 0.322423 0.643596 0.055469 0.141667
2 0.274167 0.363752 0.078125 0.090278
5 0.813358 0.440333 0.296875 0.358333
2 0.81279 0.644965 0.196094 0.265278
0 0.604267 0.463881 0.039062 0.076389
2 0.512063 0.453211 0.095312 0.102778
2 0.439548 0.324126 0.071875 0.122222
1 0.237854 0.439187 0.057813 0.120833
1 0.11399 0.419303 0.042188 0.080556
3 0.398047 0.488194 0.114844 0.190278