5 0.17621 0.298202 0.097656 0.118056
5 0.649582 0.305171 0.077344 0.15
5 0.186104 0.438953 0.171094 0.322222
5 0.312758 0.280099 0.101562 0.233333
1 0.714836 0.365585 0.035156 0.073611
0 0.285382 0.554519 0.038281 0.104167
5 0.88122 0.731325 0.2625 0.455556
1 0.378242 0.408668 0.04375 0.118056
0 0.633538 0.48368 0.017969 0.026389
2 0.414252 0.615427 0.091406 0.183333
5 0.512192 0.177193 0.032031 0.084722
1 0.554705 0.203538 0.017188 0.048611
1 0.305449 0.614687 0.078906 0.198611
5 0.397636 0.290668 0.066406 0.202778
3 0.342686 0.463792 0.074219 0.166667
3 0.455335 0.283771 0.032031 0.102778
3 0.456851 0.197534 0.025781 0.066667
1 0.059098 0.823694 0.096094 0.2375
5 0.060156 0.524306 0.153125 0.354167
2 0.543359 0.359028 0.042969 0.090278
2 0.628906 0.590972 0.090625 0.226389