1 0.71243 0.411802 0.044531 0.084722
1 0.733429 0.528579 0.051562 0.109722
3 0.511777 0.295726 0.027344 0.070833
5 0.169765 0.395073 0.089062 0.179167
5 0.257454 0.447178 0.117188 0.394444
5 0.325578 0.339677 0.039844 0.138889
1 0.586056 0.300029 0.020312 0.059722
1 0.559257 0.302042 0.01875 0.040278
5 0.642834 0.364763 0.082031 0.176389
1 0.678716 0.573451 0.039844 0.081944
1 0.397189 0.360675 0.029687 0.054167
1 0.414719 0.344624 0.029687 0.076389
3 0.447882 0.409446 0.041406 0.111111
5 0.45267 0.260008 0.046094 0.129167
5 0.913609 0.77624 0.204688 0.444444
5 0.398089 0.303153 0.041406 0.120833
0 0.368644 0.336339 0.014062 0.047222
1 0.661304 0.704605 0.053906 0.158333
3 0.579207 0.748318 0.069531 0.186111
0 0.587941 0.605824 0.015625 0.0625
0 0.204996 0.941749 0.035937 0.109722
5 0.37461 0.599714 0.139844 0.425
5 0.054297 0.779861 0.267969 0.604167