2 0.747168 0.489229 0.023438 0.086111
2 0.73037 0.427981 0.023438 0.059722
2 0.198633 0.484765 0.055469 0.052778
2 0.282117 0.45246 0.05 0.055556
2 0.141843 0.546302 0.082031 0.081944
1 0.581373 0.971107 0.085938 0.179167
1 0.651406 0.85897 0.060156 0.163889
1 0.641573 0.662831 0.041406 0.118056
1 0.414364 0.41705 0.024219 0.059722
1 0.626998 0.4473 0.01875 0.051389
2 0.438189 0.586583 0.060938 0.0875
2 0.366881 0.735334 0.090625 0.1375
2 0.572963 0.482942 0.039844 0.083333
2 0.552664 0.436995 0.032031 0.052778
4 0.500238 0.466141 0.071094 0.108333
4 0.132297 0.820336 0.246875 0.370833
5 0.473492 0.727593 0.175 0.359722
1 0.663133 0.417148 0.028125 0.055556
1 0.687814 0.385243 0.017969 0.044444
1 0.663545 0.368557 0.014844 0.036111
5 0.064062 0.620833 0.128125 0.25
2 0.58125 0.404861 0.028125 0.0375