0 0.469922 0.849306 0.039844 0.126389
5 0.771484 0.827083 0.280469 0.304167
5 0.572656 0.538194 0.13125 0.276389
5 0.079297 0.554167 0.158594 0.286111
3 0.211719 0.767361 0.160938 0.298611
2 0.292578 0.609028 0.063281 0.120833
5 0.307422 0.473611 0.069531 0.191667
1 0.478516 0.586806 0.046094 0.1125
1 0.462891 0.495139 0.049219 0.076389
3 0.403906 0.484722 0.051562 0.136111
2 0.462891 0.391667 0.036719 0.102778
1 0.490625 0.3875 0.01875 0.044444
1 0.435937 0.395833 0.03125 0.063889
4 0.419141 0.297222 0.041406 0.086111