5 0.169943 0.298719 0.097656 0.118056
5 0.646902 0.312397 0.077344 0.15
1 0.711709 0.353659 0.035156 0.073611
1 0.691398 0.387385 0.047656 0.080556
0 0.223306 0.565036 0.028125 0.098611
5 0.558738 0.225961 0.039062 0.095833
5 0.389889 0.163001 0.04375 0.081944
1 0.784169 0.492405 0.033594 0.068056
5 0.441738 0.269372 0.053906 0.136111
1 0.280086 0.484442 0.059375 0.1375
1 0.431864 0.527421 0.0375 0.156944
1 0.391873 0.399259 0.033594 0.104167
2 0.318442 0.397349 0.075781 0.130556
3 0.441106 0.366416 0.055469 0.133333
3 0.358294 0.290921 0.083594 0.1375
5 0.323241 0.260996 0.074219 0.141667
5 0.390742 0.257045 0.057031 0.147222
5 0.197217 0.439008 0.152344 0.297222
2 0.612003 0.57054 0.067969 0.141667
3 0.608659 0.362607 0.045313 0.105556
1 0.073675 0.780851 0.099219 0.229167
2 0.627371 0.890291 0.103125 0.338889
5 0.893038 0.738237 0.220313 0.404167
5 0.325581 0.712001 0.2125 0.522222
3 0.530078 0.471528 0.050781 0.134722
5 0.06875 0.525 0.1375 0.369444
2 0.509375 0.194444 0.020312 0.055556