6 0.359835 0.864733 0.045313 0.204167
6 0.042526 0.419936 0.025781 0.106944
5 0.208952 0.452137 0.182812 0.313889
1 0.091367 0.38687 0.047656 0.109722
1 0.071938 0.497607 0.051562 0.123611
6 0.225562 0.763443 0.040625 0.183333
1 0.901246 0.421867 0.046094 0.109722
1 0.94974 0.438494 0.046094 0.130556
2 0.079509 0.852631 0.194531 0.202778
5 0.419118 0.236553 0.113281 0.168056
1 0.344013 0.286427 0.039844 0.091667
1 0.38725 0.516732 0.082031 0.159722
2 0.360169 0.440626 0.091406 0.130556
0 0.334198 0.585122 0.045313 0.116667
0 0.618391 0.696343 0.074219 0.1625
2 0.268441 0.245579 0.042969 0.076389
3 0.165159 0.198786 0.053906 0.101389
2 0.158344 0.260142 0.045313 0.052778
0 0.203215 0.813962 0.064062 0.166667
3 0.46299 0.685419 0.139062 0.259722
5 0.643843 0.443954 0.292969 0.381944
0 0.628125 0.915972 0.089062 0.140278
3 0.730469 0.838194 0.2625 0.3125
1 0.285156 0.44375 0.035937 0.115278