6 0.227659 0.765769 0.040625 0.183333
6 0.370068 0.929839 0.033594 0.256944
1 0.14329 0.473313 0.053906 0.097222
0 0.203342 0.832705 0.061719 0.138889
5 0.677981 0.371372 0.228125 0.251389
0 0.450369 0.344065 0.023438 0.043056
1 0.908078 0.435815 0.046875 0.123611
1 0.966642 0.457822 0.066406 0.138889
1 0.452861 0.694462 0.13125 0.202778
6 0.038109 0.558278 0.028125 0.120833
2 0.43293 0.561077 0.120312 0.144444
3 0.783295 0.517231 0.13125 0.163889
2 0.569485 0.47356 0.105469 0.166667
1 0.070152 0.343424 0.035937 0.084722
5 0.096268 0.242446 0.046094 0.116667
5 0.219975 0.284519 0.097656 0.159722
2 0.145702 0.234525 0.028906 0.054167
2 0.296484 0.423611 0.075781 0.102778
2 0.3625 0.315278 0.051562 0.077778
2 0.803516 0.686111 0.191406 0.225