2 0.762691 0.439312 0.023438 0.086111
2 0.745163 0.379666 0.023438 0.059722
1 0.657952 0.550859 0.033594 0.104167
1 0.590225 0.884517 0.063281 0.120833
1 0.623383 0.473125 0.028125 0.070833
0 0.047817 0.534968 0.038281 0.058333
2 0.209054 0.436808 0.055469 0.052778
4 0.61612 0.2838 0.045313 0.077778
2 0.291667 0.407058 0.05 0.055556
2 0.146614 0.492657 0.067969 0.075
1 0.580806 0.700246 0.057031 0.184722
2 0.560835 0.433381 0.038281 0.059722
3 0.418514 0.528627 0.060156 0.088889
1 0.492636 0.792845 0.061719 0.184722
1 0.619402 0.677568 0.039844 0.095833
0 0.182627 0.906149 0.075781 0.109722
2 0.396046 0.636465 0.09375 0.141667
1 0.501239 0.652276 0.057031 0.126389
5 0.563135 0.320427 0.055469 0.093056
2 0.198738 0.696751 0.155469 0.227778
3 0.398828 0.420139 0.041406 0.084722