1 0.640117 0.480004 0.024219 0.063889
1 0.685143 0.783793 0.05625 0.177778
2 0.793328 0.411061 0.0375 0.088889
2 0.764664 0.35713 0.025781 0.052778
2 0.310692 0.399008 0.038281 0.05
2 0.609592 0.408166 0.039844 0.083333
3 0.579092 0.373192 0.039844 0.098611
1 0.699457 0.363537 0.021875 0.051389
1 0.681951 0.43434 0.035156 0.070833
2 0.45027 0.425014 0.054688 0.076389
3 0.481536 0.378482 0.053125 0.091667
2 0.351548 0.614232 0.077344 0.086111
0 0.343588 0.501057 0.03125 0.043056
5 0.161371 0.523459 0.257031 0.247222
5 0.654594 0.285011 0.042188 0.0875
5 0.689022 0.305043 0.039062 0.077778
1 0.604177 0.72278 0.069531 0.109722
5 0.098828 0.804167 0.191406 0.363889
2 0.290625 0.738194 0.159375 0.251389