3 0.297975 0.237458 0.051562 0.088889
1 0.922944 0.37849 0.053906 0.120833
0 0.147269 0.778068 0.071094 0.151389
3 0.392797 0.306876 0.06875 0.141667
3 0.492432 0.357116 0.10625 0.183333
3 0.618811 0.472918 0.11875 0.186111
3 0.877173 0.579606 0.282031 0.401389
5 0.379393 0.181191 0.090625 0.148611
1 0.514621 0.260161 0.0375 0.081944
5 0.269654 0.144334 0.075 0.133333
0 0.377503 0.441212 0.038281 0.088889
1 0.047143 0.522326 0.052344 0.106944
3 0.656553 0.417045 0.1125 0.208333
1 0.862684 0.353623 0.038281 0.115278
0 0.541915 0.31677 0.036719 0.075
3 0.238281 0.670139 0.104687 0.259722
5 0.681641 0.7625 0.475781 0.469444