5 0.319966 0.239364 0.077344 0.130556
1 0.22213 0.297909 0.03125 0.070833
0 0.404492 0.332606 0.027344 0.084722
2 0.545458 0.375654 0.034375 0.094444
1 0.35358 0.399797 0.042188 0.084722
5 0.40669 0.146726 0.038281 0.059722
3 0.405695 0.185857 0.027344 0.070833
3 0.351989 0.269623 0.051562 0.093056
1 0.330608 0.322402 0.05 0.105556
3 0.432703 0.390087 0.002344 0.011111
3 0.430468 0.387725 0.064062 0.180556
5 0.268493 0.325295 0.060156 0.1375
5 0.166763 0.32171 0.104687 0.122222
5 0.446159 0.252595 0.064062 0.169444
5 0.544354 0.256143 0.052344 0.148611
5 0.196836 0.598546 0.260156 0.493056
5 0.111307 0.542461 0.221094 0.394444
3 0.587095 0.77029 0.083594 0.223611
4 0.682813 0.619444 0.151562 0.402778
0 0.861328 0.840972 0.050781 0.148611
6 0.321875 0.774306 0.235938 0.445833