1 0.618692 0.588345 0.024219 0.063889
2 0.772167 0.395908 0.025781 0.052778
1 0.697913 0.423325 0.021875 0.051389
1 0.67855 0.493534 0.035156 0.070833
1 0.662414 0.645963 0.055469 0.097222
1 0.688879 0.837998 0.059375 0.188889
6 0.618236 0.93105 0.029687 0.151389
2 0.245905 0.469416 0.051562 0.063889
2 0.118003 0.935579 0.210156 0.275
2 0.195667 0.791356 0.119531 0.116667
5 0.487722 0.379598 0.10625 0.1375
2 0.323718 0.430912 0.047656 0.05
2 0.191085 0.528049 0.074219 0.081944
2 0.487574 0.603691 0.078906 0.152778
3 0.528756 0.470456 0.039844 0.061111
5 0.636647 0.408688 0.061719 0.109722
5 0.611518 0.371848 0.067969 0.130556
5 0.688498 0.341766 0.040625 0.070833
3 0.471978 0.506196 0.076563 0.154167
2 0.795248 0.444148 0.028906 0.073611