1 0.660556 0.389636 0.024219 0.063889
1 0.700241 0.413378 0.039062 0.056944
1 0.66348 0.761938 0.05625 0.177778
2 0.775269 0.406986 0.0375 0.088889
2 0.751449 0.335758 0.025781 0.052778
6 0.734767 0.580496 0.030469 0.123611
2 0.157599 0.455151 0.074219 0.075
2 0.219503 0.400663 0.057031 0.063889
5 0.457579 0.326421 0.114063 0.129167
1 0.520983 0.85455 0.085156 0.172222
3 0.113083 0.564354 0.171094 0.170833
1 0.267969 0.450694 0.040625 0.081944
5 0.271094 0.650694 0.317187 0.520833
2 0.464063 0.511806 0.075 0.145833