5 0.175522 0.298321 0.097656 0.118056
5 0.657353 0.309046 0.077344 0.15
5 0.185418 0.439182 0.171094 0.322222
5 0.312281 0.280211 0.101562 0.233333
1 0.714647 0.351749 0.035156 0.073611
2 0.53946 0.34752 0.030469 0.063889
0 0.268153 0.569154 0.038281 0.104167
5 0.876405 0.723276 0.2625 0.455556
2 0.654639 1.0 0.109375 0.276389
1 0.377506 0.409131 0.04375 0.118056
0 0.623836 0.457619 0.017969 0.026389
2 0.413095 0.617527 0.091406 0.183333
5 0.511758 0.162302 0.032031 0.084722
1 0.554259 0.203887 0.017188 0.048611
1 0.29698 0.622923 0.078906 0.198611
5 0.396847 0.290829 0.066406 0.202778
3 0.342074 0.471271 0.074219 0.166667
3 0.453277 0.290919 0.032031 0.102778
3 0.456417 0.197899 0.025781 0.066667
2 0.622546 0.570201 0.075781 0.194444
1 0.048047 0.846528 0.096094 0.2375
5 0.05625 0.529167 0.153125 0.375