1 0.51296 0.306319 0.021875 0.056944
1 0.502055 0.259016 0.020312 0.052778
1 0.330557 0.246611 0.071875 0.131944
2 0.367935 0.483997 0.065625 0.140278
5 0.358379 0.357373 0.09375 0.219444
5 0.261675 0.248985 0.0625 0.101389
2 0.258181 0.332567 0.048437 0.066667
3 0.459813 0.212627 0.027344 0.059722
3 0.742215 0.530676 0.085938 0.163889
5 0.620505 0.391688 0.134375 0.208333
5 0.213245 0.517308 0.182812 0.381944
5 0.149318 0.411789 0.145313 0.259722
2 0.473904 0.419521 0.03125 0.077778
0 0.473274 0.319014 0.014062 0.029167
5 0.857386 0.769787 0.283594 0.483333
0 0.110061 0.714523 0.025 0.091667
3 0.313742 0.684317 0.149219 0.336111
1 0.046094 0.829861 0.092188 0.256944
5 0.048047 0.500694 0.096094 0.265278