1 0.72868 0.30522 0.024219 0.063889
1 0.714087 0.442207 0.039062 0.056944
1 0.701348 0.733437 0.05625 0.177778
2 0.264783 0.339235 0.060938 0.056944
2 0.344751 0.311648 0.051562 0.059722
6 0.734543 0.707092 0.025781 0.122222
2 0.825944 0.327289 0.0375 0.088889
2 0.801852 0.274364 0.025781 0.052778
2 0.168121 0.448562 0.082031 0.083333
3 0.259753 0.430596 0.102344 0.120833
0 0.090489 0.494036 0.0375 0.061111
5 0.479666 0.439703 0.153125 0.288889
2 0.579904 0.385553 0.049219 0.098611
1 0.365765 0.391374 0.049219 0.061111
0 0.462438 0.702352 0.063281 0.115278
6 0.794584 0.530103 0.014062 0.123611
6 0.777305 0.516674 0.017969 0.108333
5 0.189844 0.6875 0.407813 0.536111