2 0.751134 0.388622 0.025781 0.052778
2 0.770823 0.450495 0.028906 0.073611
0 0.069426 0.557206 0.04375 0.052778
2 0.155726 0.509493 0.071875 0.070833
2 0.219725 0.453001 0.057031 0.056944
1 0.599105 0.934339 0.069531 0.218056
2 0.309351 0.416975 0.051562 0.055556
1 0.659768 0.831606 0.04375 0.1875
2 0.539173 0.418834 0.039844 0.063889
1 0.669332 0.47915 0.01875 0.073611
2 0.621037 0.424111 0.024219 0.05
3 0.608866 0.368562 0.029687 0.072222
4 0.496174 0.433983 0.05625 0.129167
1 0.52945 0.851733 0.071875 0.172222
3 0.346726 0.688061 0.100781 0.152778
3 0.345969 0.588841 0.086719 0.097222
3 0.430576 0.52822 0.090625 0.111111
1 0.613704 0.491709 0.035937 0.088889
1 0.379591 0.46505 0.049219 0.091667
0 0.179439 0.906732 0.070312 0.1375
0 0.112845 0.900093 0.059375 0.081944
2 0.184527 0.751648 0.134375 0.191667
1 0.226759 0.914583 0.117188 0.091667
5 0.488556 0.696286 0.208594 0.411111
3 0.642187 0.386111 0.03125 0.055556
0 0.283984 0.639583 0.033594 0.070833
0 0.287891 0.715972 0.017969 0.059722