2 0.765997 0.483143 0.023438 0.086111
2 0.746246 0.420449 0.023438 0.059722
1 0.592466 0.952167 0.058594 0.172222
1 0.665912 0.863286 0.057031 0.181944
1 0.65859 0.426005 0.021094 0.051389
1 0.621829 0.426062 0.017969 0.038889
2 0.608847 0.395148 0.025781 0.052778
2 0.440521 0.539886 0.05625 0.083333
2 0.498428 0.501926 0.050781 0.065278
2 0.53626 0.458006 0.04375 0.063889
1 0.67227 0.544856 0.027344 0.075
4 0.308463 0.638372 0.1375 0.229167
1 0.594934 0.582721 0.042188 0.106944
1 0.473931 0.595259 0.046875 0.090278
5 0.315951 0.449454 0.085938 0.120833
5 0.401931 0.434119 0.117188 0.140278
5 0.256663 0.915839 0.280469 0.188889
5 0.133203 0.619444 0.266406 0.319444
1 0.461328 0.720833 0.069531 0.141667
0 0.513672 0.533333 0.016406 0.052778
0 0.566797 0.546528 0.019531 0.065278
1 0.6875 0.3625 0.01875 0.044444