2 0.743323 0.389245 0.025781 0.052778
2 0.765539 0.454532 0.028906 0.073611
2 0.162304 0.51174 0.065625 0.091667
2 0.207967 0.454656 0.059375 0.070833
1 0.656867 0.834856 0.057813 0.1875
2 0.289357 0.41945 0.049219 0.047222
1 0.568513 0.637504 0.039844 0.127778
0 0.054446 0.559049 0.0375 0.058333
5 0.6118 0.297085 0.033594 0.05
2 0.334825 0.595137 0.053906 0.068056
1 0.4239 0.429541 0.03125 0.0625
1 0.564761 0.486754 0.033594 0.075
2 0.537917 0.435891 0.027344 0.065278
3 0.500685 0.453036 0.0375 0.075
0 0.323385 0.500746 0.029687 0.043056
2 0.55801 0.407787 0.026563 0.05
2 0.440234 0.532639 0.060156 0.068056
1 0.630078 0.713194 0.049219 0.173611
5 0.628516 0.453472 0.069531 0.176389
5 0.407422 0.697222 0.232031 0.388889
5 0.138281 0.701389 0.3375 0.497222
5 0.167578 0.896528 0.317969 0.240278