2 0.750252 0.390725 0.025781 0.052778
2 0.769971 0.452454 0.028906 0.073611
0 0.068212 0.558578 0.04375 0.052778
2 0.165429 0.512847 0.071875 0.070833
2 0.21882 0.454934 0.057031 0.056944
1 0.601367 0.931004 0.069531 0.218056
2 0.30878 0.418696 0.051562 0.055556
1 0.665457 0.819437 0.04375 0.1875
3 0.44997 0.50399 0.065625 0.1
4 0.534293 0.403944 0.047656 0.095833
1 0.650087 0.432344 0.025781 0.056944
0 0.570573 0.461842 0.016406 0.036111
3 0.377631 0.647516 0.084375 0.119444
3 0.380521 0.563732 0.06875 0.073611
2 0.576655 0.387571 0.039844 0.063889
5 0.537144 0.640001 0.150781 0.356944
2 0.124607 0.877697 0.185156 0.222222
1 0.683932 0.443835 0.01875 0.073611
0 0.436684 0.618776 0.025 0.048611
0 0.284181 0.785978 0.04375 0.088889
0 0.233764 0.804613 0.026563 0.056944
1 0.508241 0.895969 0.05625 0.111111
1 0.358349 0.835639 0.085156 0.180556
2 0.66698 0.368747 0.024219 0.05
3 0.638489 0.345184 0.029687 0.072222
2 0.104272 0.811359 0.157031 0.222222
2 0.265985 0.683721 0.111719 0.158333