2 0.741066 0.54451 0.023438 0.086111
2 0.724085 0.484663 0.023438 0.059722
1 0.638187 0.936202 0.057813 0.166667
1 0.645785 0.550834 0.017969 0.031944
1 0.621279 0.514795 0.024219 0.043056
0 0.646902 0.636875 0.020312 0.070833
1 0.366497 0.514576 0.030469 0.048611
2 0.410798 0.539445 0.063281 0.072222
0 0.329012 0.601425 0.029687 0.051389
1 0.565655 0.850819 0.051562 0.125
5 0.568565 0.471152 0.054688 0.119444
4 0.500211 0.439184 0.0625 0.105556
1 0.625069 0.453203 0.020312 0.041667
5 0.23313 0.57905 0.150781 0.177778
3 0.152864 0.675087 0.160938 0.201389
5 0.479291 0.550424 0.089844 0.170833
0 0.585156 0.536111 0.010937 0.044444
1 0.339453 0.929861 0.110156 0.1625