3 0.326807 0.252546 0.051562 0.088889
1 0.92543 0.373338 0.053906 0.120833
0 0.140363 0.774233 0.071094 0.151389
3 0.418418 0.302291 0.06875 0.141667
3 0.496805 0.376218 0.10625 0.183333
3 0.657756 0.517339 0.11875 0.186111
3 0.970017 0.645452 0.282031 0.401389
1 0.046554 0.602708 0.052344 0.106944
3 0.787988 0.468384 0.1125 0.208333
1 0.863379 0.360372 0.038281 0.115278
0 0.678196 0.397846 0.036719 0.075
3 0.187271 0.540959 0.104687 0.259722
1 0.6321 0.331356 0.048437 0.105556
5 0.460467 0.223496 0.123438 0.1625
5 0.314319 0.172121 0.09375 0.102778
0 0.308546 0.399544 0.032031 0.075
0 0.240966 0.313384 0.011719 0.052778
0 0.375 0.466667 0.034375 0.086111
5 0.687891 0.756944 0.471094 0.477778