2 0.748715 0.485281 0.023438 0.086111
2 0.731982 0.424033 0.023438 0.059722
2 0.200434 0.480005 0.055469 0.052778
2 0.284989 0.449044 0.05 0.055556
2 0.14342 0.541258 0.082031 0.081944
1 0.34908 0.447499 0.039844 0.076389
1 0.574742 0.966539 0.085938 0.179167
1 0.647371 0.869899 0.060156 0.163889
2 0.574358 0.462156 0.021875 0.045833
4 0.428228 0.547239 0.092188 0.169444
4 0.559488 0.411612 0.059375 0.105556
0 0.522478 0.529003 0.017188 0.05
1 0.367373 0.774889 0.071875 0.154167
2 0.661609 0.370915 0.026563 0.051389
5 0.612843 0.469987 0.063281 0.134722
1 0.647319 0.746466 0.041406 0.118056