6 0.229245 0.773354 0.040625 0.183333
0 0.1986 0.8136 0.061719 0.138889
6 0.040796 0.555966 0.028125 0.120833
1 0.153474 0.327141 0.057813 0.120833
1 0.099713 0.380815 0.042188 0.080556
2 1.0 0.766983 0.227344 0.315278
5 0.922706 0.457982 0.323438 0.383333
2 0.155083 0.247566 0.046094 0.081944
2 0.210622 0.291009 0.057031 0.084722
5 0.134182 0.188365 0.0625 0.116667
0 0.199149 0.449661 0.030469 0.093056
1 0.248313 0.93756 0.142188 0.123611
6 0.373258 0.893693 0.039844 0.195833
3 0.27073 0.348993 0.080469 0.151389
2 0.557627 0.422578 0.098438 0.170833
0 0.855011 0.652176 0.063281 0.091667
3 0.389124 0.32797 0.059375 0.098611
2 0.453533 0.341296 0.060156 0.088889
1 0.406641 0.650694 0.083594 0.1625
1 0.535547 0.66875 0.091406 0.2125
2 0.699219 0.595139 0.140625 0.1875
0 0.448047 0.541667 0.039844 0.086111