5 0.175969 0.311102 0.097656 0.118056
5 0.656202 0.324015 0.077344 0.15
2 0.515297 0.226481 0.01875 0.036111
2 0.551852 0.313207 0.029687 0.063889
1 0.926878 0.740326 0.069531 0.109722
5 0.1767 0.475067 0.171094 0.322222
5 0.295067 0.290359 0.101562 0.233333
2 0.537835 0.422549 0.038281 0.083333
0 0.634328 0.51903 0.014062 0.056944
3 0.423712 0.503368 0.067969 0.208333
3 0.414784 0.387909 0.060156 0.109722
3 0.443802 0.313093 0.051562 0.134722
5 0.42454 0.214071 0.035937 0.131944
2 0.399869 0.306316 0.027344 0.068056
1 0.712989 0.360835 0.035156 0.073611
5 0.806747 0.611102 0.200781 0.381944
5 0.068104 0.540314 0.135156 0.345833
1 0.321484 0.85625 0.083594 0.248611
5 0.314844 0.535417 0.1625 0.379167
5 0.714844 0.790972 0.276563 0.356944
2 0.573047 0.61875 0.075781 0.234722