0 0.186351 0.780752 0.064062 0.133333
6 0.217901 0.767078 0.027344 0.163889
1 0.078669 0.563705 0.0625 0.148611
0 0.101164 0.359278 0.016406 0.047222
1 0.074934 0.339785 0.033594 0.093056
1 0.73505 0.429448 0.046094 0.134722
1 0.559822 0.440248 0.060156 0.120833
0 0.820771 0.59958 0.057031 0.108333
5 0.300907 0.228041 0.117188 0.152778
3 0.674078 0.570232 0.124219 0.190278
0 0.60054 0.722487 0.059375 0.126389
1 0.15855 0.562017 0.060156 0.147222
1 0.423291 0.361569 0.055469 0.111111
1 0.438598 0.32626 0.041406 0.102778
3 0.317755 0.3885 0.096094 0.170833
2 0.422938 0.554735 0.119531 0.159722
5 0.259309 0.511578 0.200781 0.338889
2 0.188395 0.931439 0.182031 0.119444
5 0.489893 0.25584 0.121094 0.184722
6 0.355469 0.884028 0.045313 0.204167
6 0.037109 0.467361 0.025781 0.106944
6 0.013281 0.547917 0.026563 0.120833