5 0.456933 0.24823 0.053125 0.144444
5 0.346274 0.351772 0.114844 0.222222
5 0.184077 0.339043 0.103125 0.109722
5 0.285667 0.326677 0.065625 0.180556
5 0.34364 0.242067 0.076563 0.061111
1 0.309841 0.466246 0.067969 0.152778
1 0.263609 0.644444 0.060156 0.102778
1 0.720665 0.358936 0.046875 0.061111
3 0.420998 0.183655 0.023438 0.054167
1 0.402327 0.265919 0.024219 0.045833
5 0.475561 0.144625 0.034375 0.056944
2 0.447181 0.315466 0.053906 0.104167
2 0.536469 0.3042 0.033594 0.048611
3 0.574678 0.252082 0.020312 0.05
2 0.526877 0.209959 0.0125 0.034722
5 0.665724 0.334326 0.071094 0.148611
5 0.164253 0.518954 0.25 0.365278
5 0.389409 0.575273 0.170312 0.534722
3 0.545069 0.357804 0.041406 0.113889
0 0.452014 0.874035 0.032812 0.108333
5 0.045954 0.76737 0.136719 0.445833
5 0.642855 0.565498 0.169531 0.451389