5 0.183411 0.295115 0.097656 0.118056
5 0.65667 0.326396 0.077344 0.15
1 0.710502 0.351432 0.035156 0.073611
5 0.926208 0.758195 0.2625 0.455556
1 0.719726 0.42947 0.047656 0.080556
3 0.509272 0.237493 0.017969 0.047222
2 0.458778 0.211546 0.023438 0.056944
2 0.461976 0.267599 0.032812 0.056944
5 0.319058 0.259951 0.05625 0.118056
2 0.52248 0.33534 0.034375 0.079167
2 0.547951 0.291777 0.027344 0.081944
5 0.71025 0.989759 0.248437 0.484722
1 0.725615 0.638633 0.052344 0.144444
5 0.516243 0.153933 0.024219 0.056944
3 0.552842 0.195092 0.017969 0.052778
3 0.379543 0.737872 0.160156 0.336111
1 0.325301 0.598703 0.071875 0.169444
3 0.302662 0.429213 0.124219 0.272222
5 0.619411 0.364206 0.086719 0.223611
0 0.267037 0.826111 0.061719 0.130556
5 0.422359 0.445713 0.110937 0.294444
0 0.539606 0.457111 0.020312 0.056944
5 0.394494 0.173159 0.067969 0.076389
5 0.383012 0.267424 0.0625 0.140278
5 0.198792 0.432906 0.13125 0.245833
2 0.582422 0.607917 0.072656 0.219444
5 0.074847 0.527768 0.14375 0.354167
2 0.170703 0.6875 0.164844 0.244444