1 0.202176 0.677202 0.10625 0.213889
2 0.616972 0.473933 0.042188 0.1125
0 0.466552 0.47642 0.020312 0.065278
5 0.919639 0.782125 0.275781 0.325
2 0.487255 0.425226 0.050781 0.098611
5 0.435095 0.270737 0.080469 0.113889
0 0.574218 0.464057 0.014062 0.048611
0 0.299458 0.661534 0.049219 0.105556
5 0.743792 0.498866 0.110937 0.277778
5 0.689061 0.388037 0.079687 0.184722
5 0.510818 0.323859 0.072656 0.129167
5 0.390138 0.411525 0.127344 0.222222
5 0.267626 0.436326 0.149219 0.2375
2 0.285883 0.834493 0.178906 0.233333
3 0.397223 0.578473 0.140625 0.259722
5 0.102016 0.523139 0.194531 0.245833
5 0.057692 0.690009 0.109375 0.347222
1 0.285862 0.522407 0.060938 0.144444
1 0.648765 0.703687 0.061719 0.148611
4 0.597991 0.320318 0.065625 0.152778