1 0.720019 0.40543 0.044531 0.084722
5 0.891833 0.679407 0.219531 0.381944
1 0.737598 0.524572 0.051562 0.109722
1 0.642975 0.426716 0.022656 0.047222
5 0.637192 0.333785 0.057813 0.133333
5 0.24818 0.504302 0.142969 0.448611
5 0.38036 0.340641 0.073437 0.169444
5 0.4509 0.346574 0.070312 0.186111
3 0.531832 0.382475 0.029687 0.066667
1 0.558816 0.352516 0.027344 0.043056
1 0.390569 0.463342 0.04375 0.116667
1 0.434799 0.45773 0.042188 0.109722
3 0.441047 0.563588 0.070312 0.159722
1 0.353486 0.582076 0.05625 0.168056
1 0.837636 0.847114 0.091406 0.213889
3 0.608682 0.744774 0.089844 0.194444
2 0.560683 0.482964 0.064844 0.151389
1 0.393025 0.665753 0.060938 0.176389
0 0.761328 0.95625 0.077344 0.0875
5 0.054297 0.733333 0.272656 0.541667
5 0.2875 0.805556 0.26875 0.233333