1 0.299551 0.580219 0.060156 0.102778
3 0.419139 0.175042 0.023438 0.054167
1 0.401988 0.277091 0.024219 0.045833
0 0.46237 0.644781 0.032031 0.102778
2 0.529808 0.223913 0.025781 0.070833
3 0.591837 0.297572 0.032812 0.0875
2 0.449743 0.273109 0.035156 0.075
5 0.453218 0.225488 0.038281 0.102778
1 0.350476 0.441835 0.058594 0.130556
5 0.474652 0.15679 0.022656 0.080556
2 0.537733 0.350403 0.0375 0.0875
2 0.55616 0.310143 0.026563 0.069444
5 0.756641 0.735417 0.339844 0.523611
5 0.699219 0.373611 0.1125 0.194444
5 0.426953 0.442361 0.102344 0.345833
5 0.188281 0.511111 0.25625 0.336111
5 0.364453 0.309722 0.086719 0.158333
5 0.339063 0.258333 0.057813 0.111111
5 0.283203 0.306944 0.071094 0.116667
5 0.180469 0.336111 0.10625 0.127778
5 0.044922 0.750694 0.144531 0.423611
5 0.282422 0.88125 0.307031 0.2125
1 0.085156 0.959028 0.079687 0.073611
3 0.561328 0.459028 0.071094 0.151389
0 0.601562 0.366667 0.021875 0.052778