5 0.320619 0.229935 0.077344 0.130556
1 0.220331 0.289722 0.03125 0.070833
0 0.416356 0.252122 0.027344 0.084722
1 0.332131 0.281438 0.05 0.105556
3 0.433522 0.364893 0.002344 0.011111
5 0.165423 0.313232 0.104687 0.122222
5 0.453656 0.196134 0.064062 0.169444
1 0.137271 0.722356 0.115625 0.251389
5 0.522781 0.204619 0.035937 0.118056
5 0.553403 0.192962 0.024219 0.061111
3 0.443325 0.292975 0.052344 0.127778
1 0.369856 0.329834 0.032031 0.052778
2 0.585545 0.533483 0.057813 0.130556
5 0.264657 0.282643 0.071094 0.1
3 0.373844 0.222714 0.0375 0.0625
5 0.591017 0.34804 0.079687 0.206944
5 0.104884 0.512279 0.209375 0.375
5 0.385831 0.534537 0.126563 0.386111
5 0.262195 0.480467 0.161719 0.359722