2 0.748547 0.483292 0.023438 0.086111
2 0.731901 0.422008 0.023438 0.059722
2 0.199988 0.477989 0.055469 0.052778
2 0.285056 0.444474 0.05 0.055556
2 0.143188 0.538709 0.082031 0.081944
1 0.579555 0.954874 0.085938 0.179167
1 0.652029 0.862105 0.060156 0.163889
4 0.536529 0.426141 0.059375 0.105556
0 0.452096 0.631176 0.017188 0.05
2 0.641212 0.397731 0.026563 0.051389
1 0.647122 0.721317 0.041406 0.118056
1 0.372422 0.435527 0.024219 0.059722
1 0.141654 1.0 0.100781 0.202778
2 0.532573 0.521928 0.033594 0.081944
4 0.356872 0.610771 0.121875 0.226389
5 0.573907 0.537086 0.077344 0.181944
1 0.670556 0.379948 0.01875 0.051389
0 0.117966 0.702441 0.065625 0.091667