2 0.766906 0.486815 0.023438 0.086111
2 0.747151 0.424033 0.023438 0.059722
1 0.59579 0.951709 0.058594 0.172222
1 0.665098 0.862658 0.057031 0.181944
1 0.643996 0.449077 0.021094 0.051389
1 0.603412 0.454532 0.017969 0.038889
2 0.596474 0.409862 0.025781 0.052778
2 0.426553 0.554222 0.05625 0.083333
2 0.486076 0.51614 0.050781 0.065278
2 0.52157 0.471117 0.04375 0.063889
1 0.679372 0.535752 0.027344 0.075
1 0.57477 0.623318 0.042188 0.106944
1 0.42018 0.783804 0.069531 0.141667
0 0.481058 0.586744 0.016406 0.052778
0 0.537939 0.594641 0.019531 0.065278
1 0.681441 0.374106 0.01875 0.044444
4 0.271838 0.674624 0.185156 0.280556
5 0.454544 0.41926 0.095312 0.125
5 0.278803 0.523274 0.198437 0.244444
4 0.110971 0.604437 0.109375 0.134722
1 0.393331 0.687333 0.066406 0.133333
2 0.163281 0.545139 0.067188 0.084722