6 0.314708 0.76661 0.040625 0.183333
0 0.175197 0.848589 0.058594 0.141667
0 0.614811 0.354906 0.029687 0.063889
2 0.901115 0.799922 0.198437 0.25
3 0.53655 0.474554 0.092188 0.1375
1 0.131386 0.279799 0.03125 0.101389
1 0.115497 0.351199 0.057031 0.109722
2 0.366048 0.288034 0.034375 0.076389
2 0.791128 0.574631 0.108594 0.194444
6 0.486503 0.866021 0.033594 0.166667
0 0.616183 0.41163 0.032031 0.055556
1 0.892518 0.453137 0.067188 0.152778
1 0.944693 0.453359 0.073437 0.125
2 0.69375 0.54375 0.145313 0.251389