2 0.764324 0.475743 0.023438 0.086111
2 0.744772 0.412828 0.023438 0.059722
1 0.589522 0.938574 0.058594 0.172222
1 0.665527 0.851097 0.057031 0.181944
1 0.686779 0.497649 0.027344 0.075
2 0.208777 0.460652 0.057031 0.05
5 0.319688 0.42597 0.100781 0.108333
2 0.440825 0.535604 0.0625 0.073611
2 0.163522 0.524343 0.06875 0.077778
2 0.498226 0.53523 0.058594 0.127778
1 0.604728 0.475903 0.032031 0.075
2 0.273076 0.685523 0.105469 0.134722
1 0.283953 0.787182 0.078125 0.116667
1 0.54505 0.697362 0.0625 0.134722
1 0.458396 0.428854 0.023438 0.059722
1 0.387351 0.476083 0.032812 0.068056
2 0.366077 0.684983 0.092188 0.133333
2 0.35173 0.518351 0.064844 0.069444
3 0.355246 0.46067 0.045313 0.081944
5 0.546484 0.369444 0.057031 0.075
1 0.033984 0.665278 0.067969 0.133333