2 0.762647 0.441127 0.023438 0.086111
2 0.741832 0.373337 0.023438 0.059722
1 0.652367 0.423398 0.020312 0.043056
3 0.512702 0.445746 0.034375 0.065278
0 0.5544 0.588346 0.01875 0.031944
2 0.604379 0.385125 0.019531 0.052778
1 0.640097 0.393201 0.017188 0.034722
1 0.565981 0.802435 0.058594 0.131944
1 0.621324 0.569608 0.033594 0.104167
2 0.289537 0.4039 0.046094 0.061111
4 0.338469 0.548618 0.108594 0.219444
1 0.513354 0.854092 0.059375 0.159722
1 0.628303 0.673194 0.048437 0.151389
2 0.443538 0.491683 0.052344 0.081944
1 0.579257 0.893295 0.063281 0.120833
0 0.458254 0.563899 0.024219 0.059722
2 0.292828 0.875035 0.149219 0.240278
3 0.407182 0.382478 0.064062 0.073611
4 0.520764 0.327068 0.060156 0.056944
3 0.52419 0.404187 0.042188 0.088889
3 0.381756 0.599783 0.078906 0.177778
5 0.147656 0.555556 0.278125 0.316667
3 0.182031 0.715278 0.203125 0.263889
3 0.4125 0.675 0.089062 0.169444