6 0.370185 0.888007 0.045313 0.204167
6 0.036637 0.399243 0.025781 0.106944
1 0.081254 0.356367 0.047656 0.109722
1 0.062078 0.455152 0.051562 0.123611
6 0.23471 0.772234 0.040625 0.183333
1 0.48236 0.401908 0.039844 0.091667
2 0.360686 0.312045 0.042969 0.076389
0 0.197393 0.788566 0.064062 0.166667
0 0.366661 0.478857 0.025 0.097222
2 0.242044 0.309447 0.065625 0.109722
5 0.181887 0.402303 0.153125 0.265278
0 0.256903 0.447912 0.024219 0.069444
5 0.869096 0.582726 0.400781 0.520833
3 0.444568 0.547574 0.157031 0.229167
3 0.331995 0.448529 0.091406 0.173611
1 0.644897 0.482831 0.064062 0.134722
2 0.348217 0.596509 0.041406 0.108333
5 0.523877 0.286773 0.178906 0.211111
3 0.40003 0.240627 0.049219 0.088889
1 0.454336 0.912765 0.090625 0.1375
2 0.654688 0.879167 0.210938 0.230556
1 0.121094 0.944444 0.196875 0.105556
2 0.032813 0.843056 0.140625 0.188889