2 0.74412 0.386948 0.025781 0.052778
2 0.763734 0.448944 0.028906 0.073611
0 0.059966 0.552599 0.04375 0.052778
2 0.157695 0.507147 0.071875 0.070833
2 0.211153 0.448731 0.057031 0.056944
5 0.546623 0.611391 0.125781 0.305556
1 0.59569 0.939724 0.069531 0.218056
2 0.301772 0.413446 0.051562 0.055556
1 0.658685 0.815632 0.04375 0.1875
1 0.632716 0.469208 0.022656 0.052778
1 0.684959 0.427671 0.020312 0.045833
3 0.474389 0.475779 0.065625 0.1
0 0.436972 0.399112 0.025781 0.047222
0 0.47388 0.378617 0.015625 0.031944
2 0.191342 0.832801 0.135937 0.247222
2 0.212902 0.707196 0.109375 0.154167
2 0.309193 0.630203 0.075 0.116667
0 0.315131 0.733309 0.024219 0.0625
3 0.24762 0.899708 0.135937 0.220833
0 0.400402 0.757696 0.029687 0.0875
1 0.665495 0.384906 0.025781 0.056944
5 0.581875 0.296025 0.049219 0.070833
1 0.461643 0.661408 0.03125 0.152778
0 0.163756 0.647845 0.04375 0.055556
0 0.61562 0.407631 0.016406 0.036111
3 0.021484 0.842361 0.158594 0.234722
3 0.410156 0.6125 0.084375 0.119444
3 0.410156 0.532639 0.06875 0.073611
2 0.608594 0.361111 0.035937 0.063889
4 0.571875 0.376389 0.053125 0.094444