1 0.596767 0.911399 0.063281 0.120833
0 0.052515 0.571981 0.038281 0.058333
2 0.213584 0.467374 0.055469 0.052778
2 0.293266 0.434522 0.05 0.055556
1 0.617609 0.583728 0.041406 0.141667
1 0.656084 0.615174 0.039844 0.080556
2 0.150867 0.540314 0.082031 0.081944
1 0.556747 0.617469 0.024219 0.1
1 0.679266 0.50414 0.032031 0.084722
3 0.597838 0.384051 0.038281 0.084722
1 0.108227 0.581756 0.05 0.113889
3 0.250036 0.677302 0.089844 0.145833
3 0.120455 0.829429 0.160938 0.198611
0 0.470703 0.634028 0.025781 0.076389
2 0.280078 0.807639 0.136719 0.215278