1 0.586888 0.912463 0.063281 0.120833
0 0.051967 0.572869 0.038281 0.058333
2 0.213065 0.468517 0.055469 0.052778
2 0.292844 0.435553 0.05 0.055556
1 0.617236 0.584501 0.041406 0.141667
1 0.655708 0.616201 0.039844 0.080556
2 0.151945 0.527414 0.082031 0.081944
1 0.556375 0.618535 0.024219 0.1
1 0.678936 0.504884 0.032031 0.084722
3 0.591901 0.39072 0.038281 0.084722
1 0.125787 0.572816 0.05 0.113889
3 0.091643 0.85263 0.160938 0.198611
0 0.457071 0.651819 0.025781 0.076389
2 0.276198 0.80935 0.136719 0.215278
3 0.242188 0.691667 0.117188 0.125