3 0.425117 0.174483 0.023438 0.054167
1 0.40115 0.277591 0.024219 0.045833
2 0.531956 0.252455 0.025781 0.070833
3 0.600219 0.328818 0.032812 0.0875
2 0.45253 0.252245 0.035156 0.075
5 0.452742 0.210746 0.038281 0.102778
5 0.474428 0.153484 0.022656 0.080556
5 0.819031 0.998697 0.339844 0.523611
5 0.726009 0.421607 0.1125 0.194444
5 0.364807 0.309362 0.086719 0.158333
5 0.338517 0.257829 0.057813 0.111111
5 0.283416 0.307038 0.071094 0.116667
5 0.180986 0.335473 0.10625 0.127778
0 0.627476 0.46182 0.021875 0.052778
3 0.548657 0.201567 0.017188 0.045833
1 0.568167 0.217886 0.009375 0.043056
0 0.609715 0.378113 0.011719 0.045833
0 0.466539 0.531326 0.021875 0.063889
1 0.324452 0.50193 0.055469 0.091667
1 0.352596 0.412114 0.036719 0.102778
2 0.569105 0.354544 0.034375 0.075
2 0.544198 0.422324 0.046094 0.116667
5 0.20004 0.496823 0.242969 0.320833
3 0.585838 0.588505 0.096094 0.201389
1 0.818639 0.483856 0.035156 0.070833
5 0.433243 0.392832 0.09375 0.275
1 0.123581 0.894889 0.088281 0.144444
5 0.289453 0.759028 0.342969 0.476389
5 0.042188 0.747917 0.18125 0.476389