1 0.60795 0.303965 0.017969 0.043056
3 0.517915 0.230886 0.016406 0.043056
4 0.555708 0.201086 0.028125 0.081944
1 0.704509 0.404059 0.020312 0.054167
3 0.567192 0.277563 0.01875 0.0625
3 0.112348 0.410171 0.05 0.127778
0 0.393981 0.594007 0.03125 0.095833
2 0.418219 0.767718 0.115625 0.247222
2 0.549942 0.436116 0.046094 0.155556
1 0.724178 0.353374 0.032812 0.081944
5 0.455907 0.231108 0.050781 0.095833
5 0.426674 0.428786 0.114844 0.318056
5 0.384585 0.263678 0.073437 0.125
5 0.294331 0.405083 0.165625 0.223611
5 0.187033 0.356374 0.095312 0.180556
5 0.338352 0.22905 0.050781 0.077778
5 0.279561 0.289479 0.077344 0.113889
1 0.188419 0.62238 0.053906 0.0875
1 0.859385 0.592283 0.196094 0.348611
2 0.697839 0.88118 0.117188 0.263889
3 0.6875 0.507639 0.078125 0.1875
5 0.133984 0.809722 0.261719 0.363889
5 0.069922 0.611806 0.139844 0.226389