6 0.320601 0.763204 0.040625 0.183333
0 0.158434 0.851088 0.058594 0.141667
0 0.623876 0.359643 0.029687 0.063889
2 0.903102 0.818873 0.198437 0.25
3 0.535124 0.480667 0.092188 0.1375
1 0.124526 0.277363 0.03125 0.101389
1 0.103308 0.348538 0.057031 0.109722
2 0.369508 0.295551 0.034375 0.076389
6 0.485561 0.86218 0.033594 0.166667
0 0.630418 0.415976 0.032031 0.055556
1 0.886623 0.454217 0.067188 0.152778
1 0.938793 0.454031 0.073437 0.125
2 0.691009 0.545072 0.145313 0.251389
2 0.798828 0.585417 0.138281 0.1875