2 0.739349 0.55095 0.023438 0.086111
2 0.722393 0.491238 0.023438 0.059722
1 0.644592 0.932237 0.057813 0.166667
2 0.271684 0.527237 0.054688 0.052778
1 0.641433 0.683079 0.042188 0.081944
1 0.613476 0.653888 0.035937 0.055556
2 0.19275 0.561062 0.064844 0.059722
2 0.53448 0.449199 0.029687 0.043056
5 0.423232 0.477124 0.0625 0.105556
3 0.484808 0.475137 0.050781 0.058333
3 0.59875 0.495498 0.032031 0.070833
1 0.110086 0.660675 0.053906 0.088889
3 0.271036 0.607692 0.129688 0.145833
0 0.188217 0.637449 0.024219 0.048611
2 0.136647 0.621381 0.071094 0.058333
1 0.678698 0.48254 0.017969 0.063889
1 0.648675 0.465806 0.01875 0.047222
1 0.5671 0.49932 0.025781 0.069444
1 0.511163 0.634581 0.04375 0.095833
1 0.38496 0.844331 0.075781 0.1625
5 0.371875 0.65 0.182812 0.308333
5 0.041406 0.874306 0.190625 0.279167
1 0.05 0.718056 0.075 0.113889
1 0.635547 0.527083 0.025781 0.065278