2 0.746944 0.39118 0.025781 0.052778
2 0.76654 0.453161 0.028906 0.073611
0 0.063714 0.557565 0.04375 0.052778
2 0.161318 0.512289 0.071875 0.070833
2 0.214626 0.454084 0.057031 0.056944
1 0.59021 0.934359 0.069531 0.218056
2 0.304829 0.418456 0.051562 0.055556
1 0.652883 0.814093 0.04375 0.1875
3 0.462009 0.499865 0.065625 0.1
0 0.507554 0.354288 0.015625 0.031944
0 0.328049 0.890539 0.029687 0.0875
4 0.555623 0.391778 0.047656 0.095833
1 0.663077 0.399229 0.025781 0.056944
5 0.608183 0.287784 0.049219 0.070833
0 0.596724 0.424356 0.016406 0.036111
3 0.383187 0.634693 0.084375 0.119444
3 0.396215 0.541391 0.06875 0.073611
0 0.299572 0.765556 0.042188 0.061111
2 0.592702 0.373935 0.039844 0.063889
1 0.41809 0.732845 0.071875 0.15
5 0.542854 0.626554 0.150781 0.356944
0 0.474795 0.377743 0.010156 0.018056
2 0.285511 0.654611 0.092188 0.130556
2 0.151819 0.760361 0.144531 0.183333
2 0.166755 0.859064 0.185156 0.222222
1 0.680524 0.444515 0.01875 0.073611
0 0.338828 0.52436 0.021094 0.038889