5 0.180549 0.293118 0.097656 0.118056
5 0.655131 0.324262 0.077344 0.15
1 0.710215 0.353714 0.035156 0.073611
5 0.926829 0.760498 0.2625 0.455556
1 0.720029 0.433144 0.047656 0.080556
3 0.507581 0.216884 0.017969 0.047222
2 0.45695 0.208914 0.023438 0.056944
2 0.459861 0.265479 0.032812 0.056944
5 0.316698 0.257858 0.05625 0.118056
2 0.52252 0.327611 0.034375 0.079167
2 0.541003 0.271043 0.027344 0.081944
2 0.167132 0.705413 0.199219 0.315278
5 0.714942 0.93995 0.248437 0.484722
1 0.711135 0.612041 0.052344 0.144444
5 0.514775 0.150722 0.024219 0.056944
3 0.547678 0.192099 0.017969 0.052778
3 0.371245 0.771567 0.160156 0.336111
1 0.319265 0.614589 0.071875 0.169444
3 0.299683 0.427527 0.124219 0.272222
5 0.618565 0.367146 0.086719 0.223611
0 0.246176 0.872886 0.061719 0.130556
5 0.420101 0.444462 0.110937 0.294444
0 0.537962 0.435355 0.020312 0.056944
5 0.3925 0.170131 0.067969 0.076389
5 0.381493 0.279428 0.0625 0.140278
5 0.196025 0.431404 0.13125 0.245833
2 0.576172 0.573611 0.072656 0.219444
5 0.071875 0.527083 0.14375 0.354167