5 0.31835 0.240578 0.077344 0.130556
1 0.223402 0.299117 0.03125 0.070833
5 0.16985 0.326343 0.121094 0.126389
5 0.103235 0.462901 0.192188 0.252778
3 1.0 1.0 0.078906 0.280556
0 0.389653 0.422545 0.027344 0.084722
5 0.527492 0.203528 0.042969 0.106944
0 0.730556 0.518278 0.020312 0.0625
3 0.553089 0.526587 0.050781 0.138889
2 0.529689 0.307533 0.034375 0.094444
1 0.339931 0.444388 0.042188 0.084722
5 0.156816 0.70735 0.292188 0.566667
5 0.267086 0.355811 0.074219 0.177778
5 0.445755 0.273101 0.074219 0.209722
5 0.396767 0.149901 0.038281 0.059722
3 0.399094 0.200794 0.027344 0.070833
3 0.340138 0.274077 0.051562 0.093056
1 0.320757 0.340827 0.05 0.105556
2 0.806198 1.0 0.138281 0.252778
3 0.416616 0.530882 0.082813 0.245833
3 0.440339 0.406651 0.002344 0.011111
1 0.42432 0.410381 0.049219 0.070833
3 0.607687 0.822078 0.13125 0.331944
0 0.866058 0.918868 0.060156 0.1625
4 0.611328 0.427778 0.091406 0.241667