5 0.903189 0.50247 0.186719 0.266667
5 0.203839 0.325381 0.151562 0.222222
5 0.41107 0.261772 0.095312 0.134722
5 0.112563 0.246793 0.071094 0.116667
1 0.133978 0.52289 0.044531 0.122222
1 0.069667 0.722043 0.06875 0.141667
0 0.178253 0.858133 0.064062 0.133333
6 0.276449 0.929382 0.032812 0.175
6 0.219243 0.803459 0.027344 0.163889
3 0.439192 0.424428 0.055469 0.105556
0 0.107549 0.666796 0.057031 0.101389
0 0.168837 0.648224 0.029687 0.098611
0 0.173738 0.479428 0.020312 0.063889
5 0.66863 0.835491 0.505469 0.438889
3 0.621189 0.44353 0.089844 0.138889
5 0.352606 0.310741 0.107031 0.159722
6 0.039465 0.604719 0.027344 0.113889
1 0.558829 0.362024 0.032031 0.088889