1 0.712274 0.405366 0.044531 0.084722
1 0.616262 0.412335 0.019531 0.043056
2 0.510664 0.313476 0.021875 0.052778
1 0.711159 0.482322 0.035156 0.088889
5 0.320079 0.444418 0.107031 0.255556
5 0.411971 0.30269 0.045313 0.126389
5 0.456763 0.23171 0.04375 0.094444
5 0.417213 0.220442 0.0375 0.055556
5 0.35433 0.26146 0.063281 0.095833
5 0.289203 0.338484 0.097656 0.141667
5 0.178798 0.372292 0.09375 0.108333
5 0.879451 0.668065 0.219531 0.381944
2 0.462081 0.302642 0.034375 0.066667
0 0.558833 0.899503 0.038281 0.136111
5 0.573505 0.25456 0.049219 0.088889
5 0.417223 0.505253 0.153906 0.409722
2 0.518086 0.401925 0.017969 0.079167
5 0.170795 0.641816 0.288281 0.654167
3 0.525864 0.326229 0.027344 0.055556
1 0.288822 0.83664 0.104687 0.265278
5 0.582439 0.514997 0.105469 0.302778
1 0.378906 0.869444 0.09375 0.233333