2 0.767197 0.435186 0.023438 0.086111
2 0.746812 0.366963 0.023438 0.059722
3 0.502616 0.449101 0.034375 0.065278
1 0.570052 0.788009 0.058594 0.131944
1 0.632349 0.659938 0.033594 0.104167
1 0.521233 0.82563 0.059375 0.159722
1 0.584647 0.886399 0.063281 0.120833
0 0.430671 0.608004 0.024219 0.059722
3 0.435752 0.367324 0.064062 0.073611
4 0.542878 0.318549 0.060156 0.056944
3 0.522215 0.408987 0.042188 0.088889
4 0.304391 0.568423 0.121094 0.229167
3 0.362162 0.736485 0.097656 0.156944
3 0.345815 0.633522 0.082813 0.179167
0 0.509123 0.634801 0.025 0.052778
2 0.590909 0.41345 0.041406 0.058333
2 0.650897 0.324716 0.023438 0.040278
1 0.628395 0.414225 0.025781 0.063889
1 0.653699 0.422138 0.028125 0.070833
2 0.248061 0.911408 0.149219 0.1375
3 0.112541 0.776849 0.217969 0.261111
0 0.053384 0.532903 0.038281 0.058333
2 0.426886 0.499355 0.079687 0.1125
1 0.606655 0.601491 0.047656 0.119444
5 0.2875 0.464583 0.176563 0.215278
2 0.158203 0.491667 0.077344 0.075