1 0.908819 0.372397 0.053906 0.120833
1 0.861648 0.36337 0.038281 0.115278
0 0.199463 0.287447 0.032031 0.075
0 0.160763 0.238289 0.011719 0.052778
0 0.221187 0.316227 0.034375 0.086111
5 0.696288 0.766005 0.471094 0.477778
3 0.13894 0.444897 0.094531 0.177778
3 0.721292 0.548929 0.142969 0.226389
5 0.545075 0.266515 0.149219 0.194444
5 0.390025 0.216242 0.108594 0.148611
3 0.341861 0.281893 0.071094 0.102778
3 0.53166 0.399355 0.120312 0.195833
3 0.418833 0.314348 0.080469 0.144444
0 0.145684 0.783091 0.060156 0.138889
3 0.930888 0.563584 0.103125 0.236111
0 0.862103 0.501396 0.053125 0.081944
1 0.037109 0.677778 0.053906 0.125
1 0.767969 0.411806 0.084375 0.145833