1 0.714803 0.397864 0.044531 0.084722
1 0.723785 0.507208 0.051562 0.109722
5 0.163711 0.360201 0.089062 0.179167
5 0.326842 0.310862 0.039844 0.138889
1 0.606843 0.409079 0.020312 0.059722
5 0.649261 0.352426 0.082031 0.176389
1 0.573205 0.368687 0.017969 0.0625
5 0.262048 0.403348 0.109375 0.370833
5 0.564996 0.296688 0.041406 0.098611
5 0.099597 0.630361 0.190625 0.393056
0 0.419224 0.718782 0.041406 0.102778
5 0.199394 0.736682 0.349219 0.445833
2 0.419141 0.524306 0.058594 0.134722
5 0.428906 0.229861 0.045313 0.070833
5 0.406641 0.348611 0.069531 0.186111
3 0.571875 0.73125 0.115625 0.304167
1 0.628516 0.63125 0.060156 0.179167
3 0.530469 0.395833 0.057813 0.205556
5 0.50625 0.24375 0.042188 0.106944