1 0.51436 0.334064 0.021875 0.056944
1 0.499563 0.273568 0.020312 0.052778
1 0.323628 0.249154 0.071875 0.131944
5 0.356001 0.352765 0.09375 0.219444
5 0.253535 0.252027 0.0625 0.101389
2 0.24815 0.328802 0.048437 0.066667
3 0.457979 0.232526 0.027344 0.059722
3 0.731654 0.531567 0.085938 0.163889
5 0.219911 0.531125 0.182812 0.381944
5 0.140237 0.413905 0.145313 0.259722
5 0.851753 0.758888 0.283594 0.483333
3 0.301251 0.658822 0.149219 0.336111
2 0.474013 0.510335 0.051562 0.109722
0 0.110735 0.683907 0.039844 0.091667
2 0.357616 0.485305 0.057031 0.101389
0 0.473502 0.347838 0.021875 0.045833
5 0.618283 0.403453 0.158594 0.275
1 0.049609 0.803472 0.092969 0.268056
5 0.038281 0.500694 0.076563 0.279167