3 0.520709 0.318281 0.033594 0.079167
3 0.357444 0.313373 0.048437 0.127778
3 0.436475 0.284708 0.04375 0.093056
3 0.268826 0.298122 0.057813 0.098611
3 0.363206 0.247491 0.039844 0.084722
5 0.3026 0.241214 0.077344 0.130556
5 0.383623 0.197685 0.041406 0.105556
1 0.591472 0.408254 0.025781 0.070833
1 0.418588 0.346944 0.045313 0.1
1 0.21791 0.296397 0.03125 0.070833
5 0.155498 0.316722 0.121094 0.126389
2 0.573797 0.286517 0.03125 0.066667
0 0.698745 0.587409 0.024219 0.066667
0 0.556011 0.386488 0.016406 0.045833
4 0.527281 0.220613 0.032812 0.070833
0 0.522989 0.437292 0.013281 0.052778
5 0.495391 0.120614 0.024219 0.065278
2 0.658601 1.0 0.147656 0.279167
3 0.864975 0.617979 0.114844 0.219444
0 0.678867 0.810567 0.038281 0.106944
1 0.640407 0.578058 0.046875 0.138889
2 0.692837 0.470338 0.053906 0.104167
3 0.553568 0.565169 0.053906 0.140278
2 0.415911 0.402304 0.049219 0.080556
6 0.979825 0.713727 0.035937 0.161111
6 0.675502 0.736026 0.029687 0.070833
6 0.191836 0.752004 0.035937 0.141667
1 0.166203 0.880467 0.0875 0.151389
5 0.338672 0.695833 0.225781 0.597222
5 0.096484 0.548611 0.192969 0.397222
5 0.222266 0.493056 0.177344 0.322222