2 0.769427 0.426503 0.023438 0.086111
2 0.748833 0.358424 0.023438 0.059722
1 0.659261 0.549231 0.033594 0.104167
1 0.58457 0.890568 0.063281 0.120833
1 0.627942 0.450825 0.028125 0.070833
0 0.04958 0.533282 0.038281 0.058333
2 0.210676 0.435217 0.055469 0.052778
4 0.617328 0.282168 0.045313 0.077778
2 0.293228 0.40531 0.05 0.055556
2 0.148217 0.491139 0.067969 0.075
3 0.367858 0.44236 0.071094 0.113889
1 0.586587 0.689802 0.057031 0.184722
2 0.57471 0.424712 0.038281 0.059722
3 0.427692 0.514448 0.060156 0.088889
1 0.50298 0.781257 0.061719 0.184722
1 0.615778 0.679049 0.039844 0.095833
0 0.215234 0.890972 0.075781 0.109722
2 0.417188 0.615278 0.09375 0.141667
1 0.520703 0.61875 0.057031 0.126389
5 0.548828 0.31875 0.055469 0.093056
2 0.23125 0.677083 0.15 0.209722