6 0.225924 0.769243 0.040625 0.183333
5 0.113595 0.292104 0.114844 0.194444
6 0.026841 0.559164 0.029687 0.118056
1 0.05443 0.393525 0.038281 0.120833
5 1.0 0.536271 0.339063 0.343056
5 0.627805 0.347248 0.207031 0.2625
2 0.456973 0.33798 0.060938 0.111111
2 0.213166 0.313062 0.072656 0.102778
3 0.180929 0.264367 0.059375 0.109722
3 0.140459 0.24441 0.033594 0.105556
3 0.556511 0.395179 0.067969 0.123611
2 0.725286 0.617536 0.153125 0.2
5 0.369595 0.435265 0.213281 0.320833
2 0.4875 0.427083 0.082813 0.1375
2 0.708984 0.8875 0.233594 0.225
6 0.366016 0.90625 0.033594 0.256944
0 0.314453 0.588889 0.024219 0.075
0 0.198437 0.384028 0.014062 0.059722
1 0.199609 0.575694 0.055469 0.109722
0 0.2 0.816667 0.065625 0.155556