5 0.184314 0.289385 0.097656 0.118056
5 0.654312 0.314454 0.077344 0.15
5 0.192008 0.455809 0.171094 0.322222
5 0.329402 0.269906 0.101562 0.233333
1 0.710765 0.355116 0.035156 0.073611
5 0.899823 0.761712 0.2625 0.455556
5 0.526754 0.245957 0.032031 0.084722
1 0.575659 0.287764 0.017188 0.048611
3 0.46226 0.215799 0.032031 0.102778
3 0.399377 0.320913 0.054688 0.105556
1 0.198535 0.570025 0.069531 0.184722
0 0.362716 0.369481 0.020312 0.0625
5 0.43259 0.22421 0.051562 0.130556
1 0.384144 0.396351 0.055469 0.109722
2 0.435782 0.392027 0.052344 0.090278
5 0.068844 0.494194 0.1375 0.2625
3 0.394526 0.235367 0.025781 0.088889
1 0.729999 0.646075 0.06875 0.155556
2 0.628247 0.902042 0.101562 0.244444
2 0.403485 0.539441 0.032812 0.116667
5 0.216353 0.734827 0.352344 0.522222