2 0.769408 0.388103 0.025781 0.052778
1 0.685731 0.446503 0.021875 0.051389
1 0.670322 0.496783 0.035156 0.070833
1 0.669093 0.625605 0.055469 0.097222
1 0.684973 0.828457 0.059375 0.188889
2 0.242735 0.46158 0.051562 0.063889
2 0.320728 0.423281 0.047656 0.05
2 0.187797 0.520355 0.074219 0.081944
2 0.792507 0.436433 0.028906 0.073611
1 0.604113 0.60046 0.044531 0.1
2 0.112804 0.900233 0.2125 0.191667
5 0.527734 0.352083 0.060156 0.090278
5 0.563672 0.405556 0.083594 0.158333
5 0.603516 0.445139 0.069531 0.1625
5 0.665234 0.363194 0.046094 0.109722
3 0.475391 0.5125 0.047656 0.1
3 0.398438 0.569444 0.107813 0.219444
2 0.426172 0.673611 0.127344 0.222222