2 0.75244 0.492282 0.023438 0.086111
2 0.73579 0.430927 0.023438 0.059722
1 0.656105 0.607637 0.041406 0.118056
2 0.527995 0.464705 0.032031 0.052778
2 0.554962 0.440893 0.028125 0.0375
1 0.583995 0.963892 0.058594 0.172222
1 0.653807 0.865656 0.057031 0.181944
2 0.492896 0.495847 0.032031 0.056944
5 0.263315 0.900255 0.315625 0.266667
2 0.143617 0.542159 0.071094 0.081944
0 0.579015 0.452205 0.011719 0.041667
1 0.519329 0.629431 0.048437 0.123611
1 0.595239 0.52579 0.035937 0.088889
1 0.651869 0.466925 0.027344 0.079167
1 0.608542 0.440407 0.028125 0.068056
1 0.165415 0.553868 0.049219 0.091667
2 0.415848 0.661977 0.09375 0.155556
4 0.427578 0.525662 0.10625 0.169444
5 0.258145 0.490319 0.101562 0.156944
2 0.083203 0.911111 0.166406 0.169444