5 0.99406 0.487177 0.186719 0.266667
0 0.182952 0.827402 0.064062 0.133333
6 0.32392 0.889765 0.032812 0.175
6 0.216051 0.773007 0.027344 0.163889
1 0.076686 0.624903 0.0625 0.148611
1 0.209733 0.66183 0.08125 0.163889
0 0.027536 0.609428 0.034375 0.081944
5 0.104213 0.202721 0.078906 0.148611
3 0.46436 0.415948 0.069531 0.104167
0 0.541888 0.429814 0.015625 0.048611
1 0.382948 0.340635 0.035156 0.070833
1 0.321555 0.301154 0.028125 0.072222
0 0.095071 0.446282 0.016406 0.047222
1 0.081272 0.387402 0.033594 0.093056
5 0.312956 0.590099 0.253125 0.375
5 0.24304 0.226923 0.079687 0.120833
1 0.347128 0.276319 0.026563 0.055556
2 0.698747 0.893683 0.214062 0.172222
3 0.463493 0.54111 0.141406 0.236111
5 0.445703 0.254861 0.099219 0.1625
5 0.7625 0.534028 0.379687 0.481944