2 0.753523 0.537695 0.023438 0.086111
2 0.736067 0.477996 0.023438 0.059722
1 0.702967 0.48039 0.027344 0.075
1 0.608905 0.49675 0.021875 0.041667
2 0.495173 0.491386 0.04375 0.052778
2 0.52843 0.461801 0.038281 0.041667
1 0.452781 0.60614 0.033594 0.070833
5 0.576135 0.410754 0.054688 0.080556
0 0.439019 0.762428 0.04375 0.098611
0 0.364532 0.593416 0.033594 0.044444
2 0.145403 0.616445 0.076563 0.077778
2 0.202743 0.549795 0.061719 0.070833
5 0.414615 0.480224 0.089062 0.122222
5 0.333269 0.499966 0.09375 0.1125
1 0.226317 0.6658 0.057813 0.098611
1 0.655078 0.915278 0.041406 0.172222