2 0.766154 0.381472 0.025781 0.052778
1 0.679224 0.840868 0.059375 0.188889
2 0.309624 0.418181 0.047656 0.05
2 0.783066 0.431273 0.028906 0.073611
1 0.576383 0.652682 0.044531 0.1
5 0.188936 0.563456 0.25 0.2875
3 0.402122 0.582228 0.065625 0.108333
2 0.301895 0.861286 0.179688 0.305556
5 0.63414 0.390028 0.053906 0.116667
5 0.552669 0.496428 0.101562 0.215278
5 0.515232 0.434819 0.1125 0.205556
1 0.685113 0.48391 0.027344 0.070833
1 0.677731 0.573649 0.028125 0.05
1 0.65421 0.510278 0.029687 0.098611
3 0.296484 0.651389 0.155469 0.275
2 0.099609 0.902778 0.221094 0.194444