3 0.29809 0.238505 0.051562 0.088889
1 0.923724 0.379518 0.053906 0.120833
0 0.146579 0.778609 0.071094 0.151389
3 0.392835 0.307894 0.06875 0.141667
3 0.497603 0.361464 0.10625 0.183333
3 0.623132 0.46662 0.11875 0.186111
3 0.89251 0.581798 0.282031 0.401389
5 0.379378 0.18214 0.090625 0.148611
5 0.277442 0.149158 0.075 0.133333
0 0.346284 0.413311 0.038281 0.088889
1 0.047136 0.523234 0.052344 0.106944
3 0.661849 0.417419 0.1125 0.208333
1 0.856721 0.371028 0.038281 0.115278
0 0.571032 0.332413 0.036719 0.075
3 0.238367 0.671033 0.104687 0.259722
5 0.69907 0.756127 0.475781 0.469444
1 0.535156 0.265278 0.048437 0.105556
1 0.476562 0.227778 0.042188 0.061111