2 0.765498 0.483133 0.023438 0.086111
2 0.745724 0.420449 0.023438 0.059722
1 0.590222 0.956253 0.058594 0.172222
1 0.659141 0.871359 0.057031 0.181944
1 0.666719 0.414801 0.021094 0.051389
1 0.631559 0.417745 0.017969 0.038889
2 0.617567 0.390887 0.025781 0.052778
2 0.446285 0.53849 0.05625 0.083333
2 0.497867 0.501887 0.050781 0.065278
2 0.53562 0.45801 0.04375 0.063889
0 0.576082 0.548082 0.015625 0.033333
2 0.215474 0.475653 0.060938 0.073611
1 0.670977 0.56156 0.027344 0.075
4 0.318135 0.631532 0.1375 0.229167
1 0.47225 0.702153 0.06875 0.152778
1 0.602979 0.581286 0.042188 0.106944
1 0.486585 0.581404 0.046875 0.090278
5 0.3052 0.452272 0.085938 0.120833
5 0.387229 0.435548 0.117188 0.140278
5 0.114844 0.64375 0.246875 0.331944
2 0.085547 0.911111 0.207031 0.161111
5 0.254297 0.906944 0.280469 0.188889