2 0.740524 0.397608 0.025781 0.052778
2 0.75971 0.460105 0.028906 0.073611
2 0.148147 0.513182 0.065625 0.091667
2 0.201213 0.460211 0.059375 0.070833
1 0.662975 0.816868 0.057813 0.1875
2 0.28263 0.424876 0.049219 0.047222
1 0.562471 0.647288 0.039844 0.127778
0 0.047013 0.561836 0.0375 0.058333
5 0.626073 0.290093 0.033594 0.05
2 0.321342 0.607653 0.053906 0.068056
1 0.458185 0.412863 0.03125 0.0625
1 0.538423 0.504711 0.033594 0.075
2 0.524216 0.452433 0.027344 0.065278
3 0.479972 0.473821 0.0375 0.075
0 0.374693 0.465266 0.029687 0.043056
2 0.542682 0.427282 0.026563 0.05
2 0.419748 0.534025 0.060156 0.068056
1 0.620612 0.710695 0.049219 0.173611
5 0.611001 0.482881 0.069531 0.176389
5 0.379076 0.710733 0.232031 0.388889
5 0.150975 0.901141 0.301562 0.233333
5 0.139062 0.727778 0.290625 0.447222