6 0.394332 0.710232 0.035156 0.176389
0 0.134914 0.797215 0.064844 0.141667
3 0.380936 0.324794 0.061719 0.1125
3 0.317924 0.272466 0.053906 0.1
1 0.469262 0.257216 0.041406 0.084722
1 0.133995 0.465369 0.065625 0.148611
1 0.583824 0.316841 0.038281 0.065278
3 0.237662 0.219924 0.047656 0.105556
3 0.271458 0.848319 0.128125 0.248611
5 0.824449 0.427602 0.314063 0.380556
3 0.722301 0.563174 0.146094 0.204167
3 0.517842 0.361399 0.151562 0.188889
5 0.471049 0.479602 0.257031 0.295833
5 0.687891 0.779167 0.471094 0.463889