5 0.644893 0.300704 0.077344 0.15
0 0.270706 0.493556 0.028125 0.098611
1 0.799282 0.448501 0.033594 0.068056
5 0.451023 0.222912 0.053906 0.136111
1 0.310792 0.429515 0.059375 0.1375
1 0.448487 0.408114 0.0375 0.156944
1 0.400456 0.356953 0.033594 0.104167
3 0.447421 0.314255 0.055469 0.133333
3 0.368715 0.282967 0.083594 0.1375
5 0.316608 0.263013 0.074219 0.141667
5 0.898303 0.748301 0.220313 0.404167
3 0.706827 0.461679 0.067969 0.131944
2 0.330877 0.355194 0.054688 0.075
5 0.077138 0.503144 0.149219 0.279167
1 0.70984 0.351371 0.036719 0.081944
3 0.578048 0.873565 0.089844 0.236111
5 0.570852 0.238968 0.045313 0.1375
5 0.371818 0.541772 0.142969 0.408333
1 0.194017 0.551932 0.069531 0.070833
5 0.214844 0.404167 0.146875 0.247222
5 0.121484 0.777083 0.283594 0.420833
2 0.335547 0.950694 0.119531 0.173611
2 0.512109 0.247917 0.033594 0.065278