3 0.275376 0.306921 0.057813 0.098611
3 0.381027 0.23452 0.039844 0.084722
5 0.301616 0.247915 0.077344 0.130556
5 0.391618 0.176122 0.041406 0.105556
1 0.224783 0.30063 0.03125 0.070833
5 0.163591 0.322357 0.121094 0.126389
5 0.514346 0.177771 0.024219 0.065278
2 0.515971 0.259362 0.023438 0.073611
5 0.097428 0.459563 0.192188 0.252778
0 0.579864 0.83948 0.0375 0.116667
0 0.725228 0.565307 0.016406 0.061111
0 0.686797 0.488483 0.014844 0.065278
1 0.308044 0.549313 0.05625 0.109722
0 0.634413 0.322639 0.0125 0.054167
2 0.641669 0.522983 0.061719 0.127778
3 0.548871 0.479443 0.061719 0.156944
5 0.254345 0.43735 0.111719 0.268056
5 0.766797 0.903472 0.128906 0.1875
3 0.960547 0.826389 0.078906 0.280556
3 0.521484 0.361806 0.039844 0.109722
4 0.558594 0.299306 0.057813 0.159722
3 0.370703 0.932639 0.186719 0.343056
1 0.396484 0.682639 0.075781 0.206944
0 0.329297 0.675694 0.041406 0.148611
5 0.406641 0.355556 0.097656 0.255556
5 0.110547 0.740278 0.260156 0.483333