1 0.923238 0.414994 0.073437 0.125
3 0.316916 0.309421 0.042188 0.094444
0 0.096507 0.251339 0.025 0.056944
6 0.3987 0.746314 0.035156 0.176389
0 0.916478 0.588289 0.039062 0.073611
3 0.610561 0.520193 0.116406 0.148611
3 0.276544 0.273672 0.055469 0.109722
3 0.414982 0.35505 0.109375 0.158333
5 0.68056 0.825772 0.384375 0.311111
0 0.886999 0.472672 0.051562 0.073611
5 0.454472 0.280252 0.149219 0.201389
2 0.763804 0.541653 0.120312 0.1875
1 0.242133 0.668943 0.08125 0.201389
2 0.890114 0.631959 0.15625 0.172222
1 0.866092 0.416312 0.059375 0.127778
0 0.138672 0.8375 0.064844 0.141667