5 0.885697 0.656397 0.222656 0.3875
1 0.712973 0.386174 0.044531 0.084722
5 0.334257 0.266949 0.061719 0.084722
5 0.280271 0.308729 0.091406 0.156944
5 0.179504 0.403465 0.100781 0.190278
3 0.106478 0.420097 0.060156 0.123611
5 0.399765 0.258094 0.039844 0.094444
2 0.456749 0.326445 0.039844 0.091667
3 0.44509 0.430139 0.039844 0.080556
5 0.543074 0.218311 0.026563 0.059722
1 0.602652 0.299442 0.019531 0.043056
5 0.28126 0.470501 0.145313 0.329167
5 0.443224 0.182336 0.033594 0.05
0 0.52641 0.537026 0.017969 0.054167
5 0.452889 0.244553 0.0625 0.123611
4 0.845748 0.998064 0.246094 0.533333
5 0.543061 0.359614 0.05625 0.165278
2 0.506026 0.256728 0.021875 0.052778
3 0.388485 0.422989 0.065625 0.070833
3 0.586111 0.916156 0.134375 0.236111
2 0.583349 0.580814 0.064844 0.176389
1 0.644332 0.394083 0.035156 0.088889
0 0.757422 0.714583 0.033594 0.079167
5 0.366016 0.698611 0.207031 0.541667
5 0.119141 0.704861 0.250781 0.595833
6 0.598828 0.794444 0.032031 0.066667
6 0.570312 0.788889 0.026563 0.072222