1 0.232058 0.287286 0.03125 0.070833
3 0.450321 0.354777 0.002344 0.011111
5 0.176886 0.310501 0.104687 0.122222
1 0.387076 0.287995 0.032031 0.052778
5 0.274484 0.279617 0.071094 0.1
3 0.392729 0.199553 0.0375 0.0625
5 0.461989 0.1782 0.046094 0.090278
5 0.53992 0.265212 0.0625 0.172222
5 0.127661 0.516985 0.232812 0.376389
5 0.045057 0.736691 0.082031 0.4125
2 0.687404 0.994979 0.117188 0.281944
1 0.199132 0.620421 0.079687 0.190278
5 0.430192 0.358682 0.075 0.227778
5 0.29761 0.427262 0.125781 0.304167
2 0.395276 0.640742 0.096094 0.227778
3 0.451468 0.217982 0.035937 0.0625
5 0.580358 0.202031 0.041406 0.102778
5 0.708348 0.539368 0.195312 0.440278
5 0.319141 0.209722 0.069531 0.077778
1 0.092578 0.958333 0.096094 0.108333