2 0.753129 0.528572 0.023438 0.086111
2 0.735548 0.46887 0.023438 0.059722
0 0.273412 0.938584 0.04375 0.098611
2 0.146501 0.603022 0.076563 0.077778
2 0.202137 0.551602 0.061719 0.070833
5 0.350298 0.492909 0.09375 0.1125
1 0.650408 0.917066 0.041406 0.172222
1 0.402819 0.537408 0.026563 0.070833
5 0.598805 0.398371 0.046875 0.063889
2 0.558999 0.430738 0.021875 0.034722
2 0.540262 0.455959 0.026563 0.031944
0 0.131923 0.681844 0.035937 0.077778
1 0.328165 0.726123 0.063281 0.120833
1 0.562161 0.550596 0.029687 0.077778
0 0.289842 0.640116 0.033594 0.034722
5 0.459538 0.450548 0.067969 0.088889
2 0.285925 0.514315 0.047656 0.052778
1 0.034766 0.728472 0.069531 0.076389
1 0.026563 0.81875 0.051562 0.118056