5 0.178238 0.299817 0.097656 0.118056
5 0.653723 0.304663 0.077344 0.15
1 0.725254 0.365454 0.035156 0.073611
5 0.925551 0.767907 0.2625 0.455556
3 0.418492 0.240765 0.032031 0.043056
1 0.43139 0.283731 0.035156 0.079167
2 0.453803 0.277037 0.033594 0.086111
2 0.440826 0.351803 0.020312 0.098611
5 0.439255 0.167797 0.035937 0.101389
2 0.505966 0.250154 0.017969 0.05
1 0.747442 0.48278 0.047656 0.080556
5 0.059917 0.515996 0.119531 0.351389
1 0.859486 0.971191 0.134375 0.225
5 0.3375 0.719444 0.228125 0.547222
5 0.557422 0.379167 0.096094 0.219444
5 0.566016 0.233333 0.046094 0.113889
5 0.379687 0.356944 0.098438 0.169444
5 0.363281 0.252778 0.089062 0.216667
5 0.198047 0.434722 0.157031 0.255556
3 0.228516 0.556944 0.180469 0.372222
1 0.632031 0.382639 0.05 0.093056
5 0.302734 0.275694 0.032031 0.098611