2 0.747943 0.486779 0.023438 0.086111
2 0.731278 0.425721 0.023438 0.059722
2 0.199531 0.481843 0.055469 0.052778
2 0.283227 0.449602 0.05 0.055556
2 0.142696 0.542985 0.082031 0.081944
1 0.579056 0.95496 0.085938 0.179167
1 0.652336 0.856326 0.060156 0.163889
1 0.648623 0.690258 0.041406 0.118056
1 0.408088 0.415989 0.024219 0.059722
1 0.646604 0.421394 0.01875 0.051389
0 0.426706 0.476454 0.021875 0.038889
4 0.20279 0.759171 0.185937 0.311111
0 0.268359 0.918056 0.053906 0.108333
2 0.500781 0.535417 0.060938 0.0875
2 0.432031 0.638194 0.090625 0.1375
2 0.598828 0.445833 0.039844 0.083333
2 0.566797 0.426389 0.032031 0.052778
4 0.515234 0.440278 0.071094 0.108333
5 0.516797 0.644444 0.136719 0.283333