2 0.749108 0.493321 0.023438 0.086111
2 0.732395 0.431782 0.023438 0.059722
2 0.284791 0.456027 0.05 0.055556
1 0.586698 0.959861 0.060156 0.163889
1 0.652646 0.648333 0.041406 0.118056
2 0.550391 0.45785 0.032031 0.052778
1 0.644157 0.457523 0.028125 0.055556
1 0.675971 0.412969 0.017969 0.044444
1 0.644287 0.390945 0.014844 0.036111
2 0.572512 0.429959 0.028125 0.0375
0 0.461033 0.62902 0.021875 0.045833
5 0.168828 0.549887 0.176563 0.201389
1 0.295028 0.553006 0.05 0.115278
1 0.647402 0.86951 0.058594 0.172222
1 0.590915 0.511556 0.033594 0.080556
2 0.51839 0.538012 0.063281 0.108333
2 0.322775 0.690881 0.105469 0.116667
4 0.475857 0.488245 0.083594 0.1375
2 0.193345 0.939342 0.152344 0.158333
5 0.376172 0.847222 0.266406 0.386111