5 0.170121 0.299815 0.097656 0.118056
5 0.647485 0.314182 0.077344 0.15
1 0.708411 0.359012 0.035156 0.073611
1 0.694041 0.382356 0.047656 0.080556
0 0.211939 0.584685 0.028125 0.098611
5 0.555473 0.211363 0.039062 0.095833
5 0.390163 0.164692 0.04375 0.081944
5 0.94956 1.0 0.314063 0.531944
5 0.885122 0.742328 0.2 0.431944
1 0.791796 0.490166 0.033594 0.068056
5 0.442147 0.271196 0.053906 0.136111
5 0.302857 0.754972 0.2375 0.483333
1 0.271632 0.509341 0.059375 0.1375
1 0.42547 0.56563 0.0375 0.156944
1 0.386821 0.410622 0.033594 0.104167
2 0.314006 0.419964 0.075781 0.130556
3 0.435963 0.400327 0.055469 0.133333
3 0.358666 0.292751 0.083594 0.1375
5 0.323458 0.262913 0.074219 0.141667
5 0.390912 0.258656 0.057031 0.147222
5 0.211607 0.446325 0.152344 0.297222
2 0.60719 0.741007 0.09375 0.288889
2 0.593466 0.50715 0.067969 0.141667
3 0.520673 0.421835 0.0375 0.106944
3 0.595758 0.339124 0.045313 0.105556
1 0.051953 0.857639 0.099219 0.229167
5 0.064844 0.541667 0.13125 0.388889