5 0.175948 0.310261 0.097656 0.118056
5 0.657061 0.322774 0.077344 0.15
2 0.515303 0.225528 0.01875 0.036111
2 0.55392 0.31107 0.029687 0.063889
1 0.928438 0.739952 0.069531 0.109722
5 0.17654 0.474251 0.171094 0.322222
5 0.294804 0.289386 0.101562 0.233333
2 0.543414 0.44909 0.038281 0.083333
0 0.642906 0.526834 0.014062 0.056944
3 0.431055 0.459007 0.067969 0.208333
3 0.423284 0.374468 0.060156 0.109722
3 0.444671 0.309575 0.051562 0.134722
5 0.424492 0.213097 0.035937 0.131944
2 0.401479 0.297284 0.027344 0.068056
1 0.708915 0.373362 0.035156 0.073611
5 0.807856 0.628022 0.200781 0.381944
5 0.068071 0.539258 0.135156 0.345833
1 0.328702 0.809814 0.083594 0.248611
5 0.323965 0.498039 0.1625 0.379167
5 0.704755 0.812737 0.276563 0.356944
2 0.578735 0.658916 0.075781 0.234722