5 0.171932 0.297819 0.097656 0.118056
5 0.648969 0.311553 0.077344 0.15
1 0.709567 0.356104 0.035156 0.073611
1 0.693146 0.390971 0.047656 0.080556
5 0.381042 0.255437 0.0625 0.140278
3 0.35203 0.324964 0.086719 0.195833
0 0.190522 0.61499 0.028125 0.098611
0 0.35316 0.489237 0.025781 0.080556
1 0.381986 0.4146 0.047656 0.136111
3 0.429135 0.450056 0.097656 0.226389
5 0.20705 0.443204 0.158594 0.293056
3 0.52005 0.387226 0.028125 0.077778
5 0.553912 0.201786 0.039062 0.095833
5 0.391742 0.162122 0.04375 0.081944
5 0.321347 0.25467 0.08125 0.101389
3 0.58433 0.313946 0.029687 0.081944
5 0.440809 0.297706 0.067969 0.175
5 0.866875 0.897581 0.314063 0.531944
5 0.89974 0.756782 0.2 0.431944
1 0.795875 0.473167 0.033594 0.068056
2 0.582531 0.445016 0.04375 0.102778
1 0.413139 0.580036 0.048437 0.152778
5 0.05872 0.527024 0.135156 0.322222
2 0.305499 0.433341 0.079687 0.130556
5 0.300781 0.754167 0.270312 0.436111
5 0.597656 0.914583 0.154687 0.168056
2 0.586328 0.621528 0.082031 0.2375
1 0.030078 0.886111 0.066406 0.188889
1 0.260938 0.5375 0.059375 0.141667