2 0.748989 0.484975 0.023438 0.086111
2 0.732409 0.423767 0.023438 0.059722
2 0.200768 0.479994 0.055469 0.052778
2 0.284224 0.448374 0.05 0.055556
2 0.144165 0.541145 0.082031 0.081944
1 0.5899 0.954925 0.085938 0.179167
1 0.658043 0.855454 0.060156 0.163889
4 0.518379 0.450271 0.059375 0.105556
2 0.609878 0.430181 0.026563 0.051389
1 0.644321 0.716452 0.041406 0.118056
1 0.393669 0.420457 0.024219 0.059722
1 0.657928 0.3969 0.01875 0.051389
0 0.3341 0.816415 0.029687 0.075
2 0.524419 0.504216 0.030469 0.045833
2 0.45975 0.601294 0.046875 0.102778
2 0.552976 0.437027 0.021875 0.05
0 0.383019 0.504782 0.021875 0.038889
4 0.249219 0.718056 0.185937 0.311111
5 0.539453 0.609722 0.113281 0.252778