5 0.921599 0.502633 0.186719 0.266667
5 0.103517 0.223681 0.071094 0.116667
1 0.114845 0.494399 0.044531 0.122222
0 0.176922 0.876252 0.064062 0.133333
6 0.27503 0.913589 0.032812 0.175
6 0.212178 0.786673 0.027344 0.163889
0 0.133782 0.60705 0.029687 0.098611
0 0.137411 0.418202 0.020312 0.063889
6 0.03141 0.577822 0.027344 0.113889
5 0.165742 0.297542 0.101562 0.175
3 0.538502 0.496457 0.078906 0.113889
3 0.707259 0.492219 0.108594 0.161111
3 0.280774 0.307637 0.045313 0.084722
0 0.081498 0.657554 0.038281 0.094444
1 0.063603 0.68513 0.0625 0.148611
1 0.580381 0.368706 0.045313 0.095833
1 0.53802 0.336434 0.03125 0.059722
1 0.489674 0.310547 0.028125 0.056944
1 0.613656 0.343552 0.0375 0.059722
5 0.394302 0.324601 0.139062 0.2
5 0.528453 0.787296 0.436719 0.477778
5 0.413281 0.233333 0.09375 0.105556
1 0.371875 0.929167 0.079687 0.116667