5 0.691558 0.776481 0.471094 0.477778
3 0.105484 0.401745 0.094531 0.177778
3 0.358627 0.280754 0.071094 0.102778
3 0.430942 0.33389 0.080469 0.144444
0 0.145262 0.769447 0.060156 0.138889
5 0.616407 0.299946 0.171094 0.215278
5 0.461197 0.272849 0.13125 0.173611
3 0.798339 0.606789 0.158594 0.258333
0 0.135109 0.224263 0.017188 0.059722
0 0.149495 0.267752 0.015625 0.038889
0 0.125759 0.19606 0.013281 0.043056
1 0.31026 0.169521 0.034375 0.063889
1 0.268951 0.171686 0.035156 0.056944
1 0.906287 0.497044 0.085938 0.155556
1 0.870105 0.36162 0.059375 0.115278
1 0.924556 0.366283 0.067969 0.134722
3 0.563672 0.424306 0.135156 0.220833
1 0.039453 0.740972 0.074219 0.165278
6 0.442969 0.745833 0.032812 0.191667
6 0.416016 0.728472 0.036719 0.204167