1 0.721472 0.403377 0.044531 0.084722
5 0.883363 0.649394 0.219531 0.381944
1 0.740139 0.52262 0.051562 0.109722
1 0.64277 0.426155 0.022656 0.047222
5 0.637639 0.330193 0.057813 0.133333
1 0.383312 0.707823 0.073437 0.222222
5 0.249195 0.50617 0.142969 0.448611
5 0.369462 0.364662 0.073437 0.169444
5 0.445246 0.362236 0.070312 0.186111
3 0.532399 0.373319 0.029687 0.066667
1 0.561464 0.331037 0.027344 0.043056
2 0.549239 0.453992 0.04375 0.1375
1 0.385776 0.486198 0.04375 0.116667
1 0.441435 0.472633 0.042188 0.109722
3 0.449516 0.614331 0.070312 0.159722
1 0.34991 0.616273 0.05625 0.168056
0 0.70964 0.837973 0.033594 0.109722
5 0.078906 0.701389 0.226562 0.502778
5 0.253516 0.870139 0.296094 0.259722
2 0.618359 0.915278 0.136719 0.183333
1 0.791797 0.788889 0.091406 0.213889
3 0.590234 0.663889 0.089844 0.194444