5 0.88067 0.620094 0.222656 0.3875
1 0.708231 0.373537 0.044531 0.084722
2 0.536292 0.305007 0.028906 0.056944
0 0.638901 0.375534 0.019531 0.036111
5 0.516951 0.237335 0.029687 0.061111
5 0.329405 0.256168 0.061719 0.084722
5 0.278577 0.324896 0.091406 0.156944
5 0.177931 0.37492 0.100781 0.190278
3 0.099016 0.423471 0.060156 0.123611
2 0.445615 0.443057 0.0625 0.147222
1 0.388143 0.415007 0.04375 0.068056
3 0.522839 0.377241 0.029687 0.094444
1 0.765869 0.617518 0.050781 0.170833
5 0.077786 0.732739 0.15 0.508333
3 0.393489 0.729217 0.089844 0.094444
0 0.506917 0.312459 0.01875 0.027778
1 0.394224 0.510938 0.057813 0.119444
5 0.210451 0.64323 0.204688 0.466667
3 0.315777 0.834124 0.164844 0.256944
3 0.667578 0.665278 0.102344 0.288889
4 0.596875 0.367361 0.082813 0.226389
5 0.444922 0.175 0.033594 0.066667
5 0.446094 0.279167 0.059375 0.155556
5 0.398047 0.220833 0.039844 0.094444
5 0.360938 0.338194 0.092188 0.201389
0 0.433594 0.372222 0.015625 0.038889