2 0.751928 0.388342 0.025781 0.052778
2 0.771706 0.450274 0.028906 0.073611
0 0.070686 0.556487 0.04375 0.052778
2 0.156781 0.509099 0.071875 0.070833
2 0.220765 0.452581 0.057031 0.056944
1 0.599656 0.940295 0.069531 0.218056
2 0.310839 0.416647 0.051562 0.055556
1 0.654825 0.827506 0.04375 0.1875
1 0.639467 0.450845 0.025781 0.056944
2 0.56046 0.403365 0.039844 0.063889
1 0.677989 0.464961 0.01875 0.073611
0 0.245405 0.83715 0.04375 0.088889
0 0.192647 0.843108 0.026563 0.056944
1 0.302141 0.890143 0.085156 0.180556
2 0.644692 0.390333 0.024219 0.05
3 0.629411 0.35536 0.029687 0.072222
2 0.216068 0.725985 0.111719 0.158333
4 0.513472 0.425415 0.05625 0.129167
1 0.241066 0.56442 0.067188 0.095833
1 0.519868 0.892954 0.071875 0.172222
5 0.513092 0.647956 0.180469 0.365278
3 0.371856 0.670806 0.100781 0.152778
3 0.361046 0.577696 0.086719 0.097222
3 0.441897 0.517943 0.090625 0.111111
2 0.094141 0.886806 0.177344 0.151389
2 0.078516 0.815972 0.157031 0.1875