1 0.70658 0.398618 0.044531 0.084722
1 0.722766 0.493437 0.051562 0.109722
5 0.166091 0.345508 0.089062 0.179167
5 0.335334 0.290711 0.039844 0.138889
5 0.654737 0.350188 0.082031 0.176389
5 0.434895 0.199818 0.045313 0.070833
5 0.413039 0.288306 0.069531 0.186111
5 0.269454 0.351942 0.101562 0.304167
0 0.42452 0.411188 0.021094 0.076389
2 0.431819 0.363573 0.047656 0.111111
5 0.518088 0.306343 0.044531 0.134722
5 0.603086 0.372638 0.061719 0.122222
0 0.247862 0.787004 0.027344 0.083333
5 0.3491 0.464559 0.138281 0.35
5 0.112369 0.583673 0.217969 0.383333
1 0.307894 0.823217 0.085938 0.204167
3 0.563281 0.595833 0.092188 0.336111
1 0.661719 0.539583 0.054688 0.1375
1 0.615234 0.488194 0.039844 0.120833