1 0.705591 0.398028 0.044531 0.084722
5 0.554939 0.238262 0.026563 0.059722
1 0.608404 0.304235 0.019531 0.043056
2 0.506409 0.258732 0.021875 0.052778
1 0.668488 0.421237 0.035156 0.088889
5 0.393841 0.627157 0.166406 0.497222
5 0.314002 0.445501 0.107031 0.255556
5 0.406509 0.288597 0.045313 0.126389
5 0.457161 0.231105 0.04375 0.094444
5 0.416453 0.204557 0.0375 0.055556
5 0.351819 0.269287 0.063281 0.095833
5 0.288717 0.331312 0.097656 0.141667
5 0.178152 0.355141 0.09375 0.108333
5 0.551946 0.39399 0.08125 0.188889
5 0.87545 0.659193 0.219531 0.381944
2 0.458287 0.313137 0.034375 0.066667
2 0.607326 0.718311 0.082813 0.215278
0 0.533126 0.612008 0.019531 0.081944
0 0.823566 0.891663 0.038281 0.136111
5 0.136328 0.672222 0.282031 0.611111