2 0.761705 0.488296 0.023438 0.086111
2 0.741946 0.425483 0.023438 0.059722
1 0.585453 0.950517 0.058594 0.172222
1 0.658934 0.858101 0.057031 0.181944
1 0.684198 0.517815 0.027344 0.075
1 0.648784 0.414634 0.01875 0.044444
2 0.549637 0.474966 0.035156 0.079167
2 0.205668 0.477135 0.057031 0.05
1 0.516738 0.582555 0.035156 0.070833
1 0.605092 0.555667 0.028906 0.073611
1 0.478048 0.753283 0.060156 0.148611
5 0.318384 0.444048 0.100781 0.108333
0 0.241997 0.825625 0.042188 0.084722
0 0.336101 0.752456 0.038281 0.077778
2 0.484149 0.498921 0.0625 0.073611
2 0.450585 0.566237 0.059375 0.091667
2 0.373202 0.598882 0.082813 0.106944
3 0.247824 0.522682 0.075 0.079167
2 0.149538 0.545626 0.06875 0.077778
1 0.300455 0.547919 0.046875 0.095833
0 0.416015 0.745139 0.033594 0.081944
1 0.1375 0.618056 0.067188 0.066667
5 0.457031 0.429861 0.089062 0.1375
5 0.524609 0.372917 0.049219 0.073611
4 0.10625 0.79375 0.271875 0.376389