1 0.65593 0.387529 0.024219 0.063889
1 0.695621 0.411275 0.039062 0.056944
1 0.657827 0.766511 0.05625 0.177778
2 0.770774 0.404942 0.0375 0.088889
2 0.747111 0.333878 0.025781 0.052778
6 0.733716 0.581909 0.030469 0.123611
2 0.172263 0.456832 0.074219 0.075
2 0.213883 0.39786 0.057031 0.063889
5 0.476029 0.318337 0.114063 0.129167
1 0.526674 0.83808 0.085156 0.172222
3 0.157198 0.546554 0.171094 0.170833
1 0.290703 0.435448 0.040625 0.081944
5 0.265627 0.648351 0.317187 0.520833
2 0.459054 0.509465 0.075 0.145833