1 0.731675 0.510256 0.051562 0.109722
5 0.337595 0.27309 0.039844 0.138889
5 0.27403 0.355133 0.101562 0.304167
0 0.34183 0.524207 0.027344 0.083333
1 0.656656 0.618716 0.039844 0.120833
5 0.423213 0.230601 0.046875 0.127778
2 0.443835 0.299663 0.032812 0.076389
5 0.539273 0.366757 0.064844 0.201389
5 0.652054 0.317736 0.069531 0.181944
5 0.167708 0.330158 0.097656 0.118056
2 0.503407 0.219796 0.021875 0.038889
1 0.707525 0.379978 0.035937 0.081944
3 0.627837 0.857008 0.152344 0.480556
3 0.370047 0.716981 0.164844 0.377778
1 0.369999 0.530514 0.054688 0.095833
2 0.263472 0.685651 0.121875 0.205556
5 0.380963 0.357497 0.091406 0.222222
5 0.127564 0.543377 0.219531 0.379167
5 0.630872 0.416636 0.103906 0.208333
1 0.737109 0.725694 0.080469 0.198611