2 0.763521 0.382724 0.025781 0.052778
1 0.684439 0.460552 0.021875 0.051389
1 0.664375 0.49021 0.035156 0.070833
1 0.673332 0.585844 0.055469 0.097222
1 0.674933 0.820729 0.059375 0.188889
2 0.235619 0.456819 0.051562 0.063889
2 0.313945 0.418341 0.047656 0.05
2 0.786724 0.431204 0.028906 0.073611
1 0.584804 0.625974 0.044531 0.1
5 0.525529 0.428576 0.083594 0.158333
5 0.566928 0.483469 0.069531 0.1625
5 0.645381 0.3763 0.046094 0.109722
3 0.424465 0.550884 0.047656 0.1
3 0.33814 0.613263 0.141406 0.252778
5 0.114063 0.615278 0.221875 0.319444
2 0.108203 0.905556 0.214844 0.183333
2 0.345313 0.820139 0.16875 0.326389