3 0.169654 0.749274 0.178906 0.333333
5 0.111008 0.605388 0.189844 0.359722
5 0.067188 0.558333 0.134375 0.269444
5 0.28125 0.415278 0.064062 0.102778
5 0.717188 0.815972 0.292188 0.356944
5 0.531641 0.529861 0.119531 0.254167
1 0.457812 0.671528 0.046875 0.134722
1 0.433594 0.552778 0.045313 0.122222
1 0.326562 0.33125 0.025 0.043056
3 0.363672 0.565972 0.053906 0.143056
2 0.430859 0.399306 0.033594 0.084722
1 0.403906 0.436806 0.03125 0.073611
4 0.388281 0.305556 0.035937 0.088889
1 0.458203 0.401389 0.011719 0.061111