3 0.307586 0.237061 0.051562 0.088889
1 0.92292 0.381349 0.053906 0.120833
0 0.145644 0.780384 0.071094 0.151389
3 0.407996 0.306621 0.06875 0.141667
3 0.496769 0.372485 0.10625 0.183333
3 0.628452 0.472003 0.11875 0.186111
3 0.903646 0.588297 0.282031 0.401389
5 0.400788 0.194131 0.090625 0.148611
5 0.292704 0.171846 0.075 0.133333
0 0.321079 0.399926 0.038281 0.088889
1 0.045879 0.523386 0.052344 0.106944
3 0.684303 0.419091 0.1125 0.208333
1 0.870283 0.377908 0.038281 0.115278
0 0.588437 0.340934 0.036719 0.075
3 0.225373 0.621561 0.104687 0.259722
5 0.684244 0.745932 0.475781 0.469444
1 0.566524 0.288535 0.048437 0.105556
1 0.478285 0.230378 0.042188 0.061111
0 0.446108 0.523914 0.05 0.0875