5 0.171519 0.31121 0.097656 0.118056
5 0.64859 0.320679 0.077344 0.15
5 0.330388 0.286547 0.101562 0.233333
1 0.709635 0.357406 0.035156 0.073611
5 0.904148 0.762882 0.2625 0.455556
3 0.414391 0.296292 0.054688 0.105556
5 0.43301 0.225377 0.051562 0.130556
1 0.393213 0.372557 0.055469 0.109722
2 0.449417 0.358445 0.052344 0.090278
3 0.393919 0.218231 0.025781 0.088889
5 0.530665 0.259566 0.055469 0.116667
1 0.230701 0.517589 0.047656 0.113889
5 0.548411 0.194778 0.033594 0.084722
1 0.589086 0.311075 0.027344 0.058333
1 0.732489 0.703163 0.061719 0.198611
5 0.293647 0.688149 0.246094 0.576389
5 0.194062 0.419178 0.151562 0.197222
5 0.078516 0.486806 0.157031 0.251389
3 0.091016 0.863889 0.224219 0.261111
1 0.766797 0.539583 0.046094 0.059722