2 0.741245 0.393685 0.025781 0.052778
2 0.760445 0.456152 0.028906 0.073611
2 0.158891 0.506785 0.065625 0.091667
2 0.212114 0.4522 0.059375 0.070833
2 0.2874 0.418201 0.049219 0.047222
2 0.234635 0.658389 0.053906 0.068056
1 0.498305 0.365615 0.03125 0.0625
2 0.368777 0.564491 0.060156 0.068056
1 0.661051 0.835604 0.051562 0.191667
1 0.612905 0.744843 0.082031 0.166667
1 0.55249 0.676227 0.072656 0.173611
1 0.492667 0.553844 0.047656 0.109722
5 0.336117 0.768547 0.24375 0.438889
5 0.089267 0.751415 0.21875 0.420833
5 0.6 0.522222 0.0875 0.25
2 0.575391 0.424306 0.039844 0.079167
2 0.530469 0.427083 0.029687 0.059722
2 0.507422 0.45625 0.039844 0.076389
3 0.455859 0.503472 0.063281 0.095833
2 0.380078 0.477083 0.052344 0.070833
0 0.337109 0.482639 0.025781 0.040278
0 0.432031 0.407639 0.015625 0.029167
0 0.403125 0.424306 0.021875 0.029167