2 0.740189 0.538207 0.023438 0.086111
2 0.723177 0.478414 0.023438 0.059722
1 0.641588 0.926723 0.057813 0.166667
1 0.658971 0.536134 0.017969 0.031944
1 0.643979 0.475249 0.024219 0.043056
0 0.633061 0.668202 0.020312 0.070833
1 0.350018 0.526667 0.030469 0.048611
1 0.257213 0.559042 0.026563 0.043056
2 0.275807 0.520302 0.049219 0.047222
5 0.537294 0.4965 0.057813 0.106944
4 0.457416 0.460558 0.085938 0.1125
1 0.474853 0.752888 0.046094 0.131944
5 0.591539 0.452703 0.05625 0.0875
1 0.527994 0.939816 0.064062 0.091667
2 0.341066 0.586773 0.063281 0.072222
0 0.296895 0.758315 0.028125 0.061111
5 0.149609 0.636806 0.183594 0.220833
0 0.210156 0.702083 0.029687 0.051389