2 0.745378 0.38962 0.025781 0.052778
2 0.764967 0.451491 0.028906 0.073611
0 0.06149 0.555316 0.04375 0.052778
2 0.15926 0.510224 0.071875 0.070833
2 0.212814 0.451936 0.057031 0.056944
1 0.592368 0.933619 0.069531 0.218056
2 0.302973 0.416154 0.051562 0.055556
1 0.660386 0.811377 0.04375 0.1875
1 0.679963 0.438726 0.020312 0.045833
3 0.460164 0.498169 0.065625 0.1
0 0.501723 0.362042 0.015625 0.031944
0 0.35219 0.829823 0.029687 0.0875
4 0.553914 0.389937 0.047656 0.095833
1 0.663056 0.39465 0.025781 0.056944
5 0.606531 0.286114 0.049219 0.070833
0 0.296103 0.546724 0.04375 0.055556
0 0.605218 0.410338 0.016406 0.036111
3 0.383667 0.632932 0.084375 0.119444
3 0.3943 0.539628 0.06875 0.073611
1 0.616845 0.486302 0.039062 0.070833
0 0.304874 0.747073 0.042188 0.061111
2 0.591033 0.372366 0.039844 0.063889
1 0.438354 0.71169 0.071875 0.15
5 0.540347 0.624721 0.150781 0.356944
0 0.466797 0.379861 0.010156 0.018056
2 0.291406 0.645833 0.092188 0.130556
2 0.178516 0.738889 0.144531 0.183333
2 0.176172 0.829167 0.185156 0.222222