3 0.485963 0.390795 0.082031 0.148611
3 0.387234 0.307473 0.082813 0.158333
3 0.336352 0.265114 0.051562 0.088889
1 0.912525 0.383896 0.053906 0.120833
1 0.854413 0.37008 0.052344 0.130556
1 0.822907 0.399389 0.054688 0.105556
0 0.135755 0.803052 0.071094 0.151389
6 0.358826 0.75889 0.039844 0.198611
5 0.70726 0.78119 0.496875 0.448611
3 0.676499 0.489057 0.207031 0.276389
3 0.901763 0.728763 0.101562 0.211111
2 0.202708 0.36783 0.0875 0.104167
3 0.089465 0.360204 0.069531 0.138889
5 0.171534 0.233443 0.098438 0.155556
3 0.278813 0.235186 0.053125 0.091667