1 0.707447 0.395209 0.044531 0.084722
1 0.727051 0.504014 0.051562 0.109722
5 0.165286 0.361995 0.089062 0.179167
5 0.32811 0.312915 0.039844 0.138889
1 0.593477 0.381035 0.020312 0.059722
5 0.649466 0.347833 0.082031 0.176389
1 0.565981 0.342428 0.017969 0.0625
5 0.263447 0.404885 0.109375 0.370833
5 0.50942 0.237615 0.032031 0.076389
3 0.52185 0.352218 0.038281 0.113889
5 0.560073 0.285454 0.041406 0.098611
1 0.599663 0.52905 0.0375 0.122222
5 0.100311 0.639535 0.190625 0.393056
5 0.422795 0.257969 0.045313 0.105556
5 0.396643 0.395227 0.089844 0.233333
2 0.395703 0.633333 0.077344 0.169444
0 0.4 0.954861 0.03125 0.073611
5 0.170312 0.826389 0.317187 0.375
3 0.552734 0.597222 0.097656 0.219444