2 0.755544 0.537602 0.023438 0.086111
2 0.736341 0.474647 0.023438 0.059722
1 0.655889 0.904783 0.057031 0.181944
1 0.69212 0.505493 0.027344 0.075
0 0.598728 0.512296 0.015625 0.058333
1 0.629566 0.409652 0.023438 0.043056
2 0.235215 0.737623 0.092969 0.144444
2 0.261589 0.804134 0.177344 0.269444
2 0.15465 0.562424 0.080469 0.077778
5 0.334039 0.537559 0.192969 0.211111
3 0.458594 0.447222 0.0375 0.061111
5 0.061719 0.63125 0.123438 0.195833
2 0.055469 0.772917 0.11875 0.109722
1 0.357812 0.851389 0.095312 0.194444
2 0.207031 0.5125 0.059375 0.063889