2 0.748615 0.493101 0.023438 0.086111
2 0.731959 0.431784 0.023438 0.059722
2 0.284482 0.456046 0.05 0.055556
1 0.582131 0.951695 0.060156 0.163889
1 0.652188 0.648398 0.041406 0.118056
1 0.431946 0.417245 0.024219 0.059722
2 0.550016 0.457854 0.032031 0.052778
1 0.643759 0.457469 0.028125 0.055556
1 0.675503 0.412955 0.017969 0.044444
1 0.645617 0.385465 0.014844 0.036111
2 0.575175 0.42716 0.028125 0.0375
0 0.468378 0.615188 0.021875 0.045833
5 0.166706 0.559484 0.176563 0.201389
1 0.278109 0.579072 0.05 0.115278
1 0.637012 0.863364 0.058594 0.172222
1 0.592801 0.504637 0.033594 0.080556
2 0.525662 0.532417 0.063281 0.108333
2 0.335506 0.68764 0.105469 0.116667
5 0.391309 0.839953 0.2125 0.377778
4 0.475461 0.488216 0.083594 0.1375
2 0.211328 0.923611 0.152344 0.158333