2 0.750963 0.390091 0.025781 0.052778
2 0.77052 0.451958 0.028906 0.073611
0 0.069077 0.558246 0.04375 0.052778
2 0.166275 0.512596 0.071875 0.070833
2 0.219536 0.454747 0.057031 0.056944
1 0.599083 0.931166 0.069531 0.218056
2 0.30949 0.418332 0.051562 0.055556
1 0.662354 0.821517 0.04375 0.1875
3 0.445227 0.524367 0.065625 0.1
1 0.64673 0.431689 0.025781 0.056944
3 0.368174 0.674777 0.084375 0.119444
3 0.373385 0.57453 0.06875 0.073611
2 0.571016 0.391215 0.039844 0.063889
5 0.52852 0.639607 0.150781 0.356944
2 0.121712 0.89833 0.185156 0.222222
1 0.679092 0.456823 0.01875 0.073611
0 0.283142 0.785293 0.04375 0.088889
0 0.226683 0.810987 0.026563 0.056944
1 0.512455 0.880756 0.05625 0.111111
1 0.345888 0.85309 0.085156 0.180556
2 0.660616 0.372576 0.024219 0.05
3 0.636676 0.351715 0.029687 0.072222
2 0.091521 0.819694 0.157031 0.222222
2 0.266789 0.683145 0.111719 0.158333
4 0.523438 0.417361 0.05625 0.129167
1 0.060547 0.697917 0.091406 0.148611