3 0.10721 0.409595 0.05 0.127778
1 0.719274 0.364045 0.032812 0.081944
5 0.36867 0.271337 0.073437 0.125
5 0.313029 0.382323 0.165625 0.223611
5 0.181771 0.349907 0.095312 0.180556
5 0.321683 0.236024 0.050781 0.077778
5 0.261343 0.295493 0.077344 0.113889
1 0.881856 0.61605 0.196094 0.348611
0 0.391954 0.547127 0.021875 0.063889
1 0.621525 0.361843 0.026563 0.058333
3 0.574395 0.329283 0.039844 0.098611
3 0.514726 0.251568 0.024219 0.0625
0 0.362709 0.758626 0.017969 0.073611
2 0.420672 0.63188 0.083594 0.201389
5 0.143252 0.778971 0.274219 0.425
3 0.756906 0.648768 0.102344 0.2375
1 0.714528 0.455003 0.03125 0.098611
4 0.555673 0.231673 0.042969 0.109722
2 0.573196 0.653209 0.0875 0.258333
1 0.387121 0.859767 0.0875 0.208333
5 0.452316 0.207054 0.04375 0.101389
5 0.436246 0.378981 0.102344 0.254167
0 0.60625 0.278472 0.010937 0.029167
5 0.067578 0.60625 0.135156 0.215278
1 0.386719 0.429861 0.028125 0.065278