1 0.65407 0.419202 0.024219 0.063889
1 0.717927 0.402536 0.039062 0.056944
1 0.672512 0.770728 0.05625 0.177778
2 0.781158 0.402533 0.0375 0.088889
2 0.758095 0.331576 0.025781 0.052778
6 0.738427 0.577754 0.030469 0.123611
2 0.171739 0.458541 0.074219 0.075
2 0.226777 0.397442 0.057031 0.063889
2 0.310953 0.363403 0.038281 0.05
1 0.709564 0.304206 0.015625 0.036111
2 0.656427 0.310006 0.020312 0.05
3 0.621559 0.300134 0.029687 0.063889
1 0.681947 0.402754 0.019531 0.063889
5 0.565109 0.267409 0.071875 0.091667
3 0.480352 0.350241 0.039062 0.068056
3 0.377928 0.403634 0.109375 0.109722
1 0.574552 0.761142 0.066406 0.106944
5 0.156012 0.742463 0.340625 0.502778
2 0.377218 0.600293 0.123438 0.195833