2 0.752307 0.482484 0.023438 0.086111
2 0.735333 0.421535 0.023438 0.059722
2 0.200076 0.485763 0.055469 0.052778
2 0.288561 0.447958 0.05 0.055556
2 0.148772 0.543939 0.082031 0.081944
1 0.284853 0.491704 0.039844 0.076389
4 0.566564 0.426766 0.042188 0.068056
5 0.682994 0.373794 0.038281 0.077778
4 0.599542 0.371603 0.038281 0.061111
1 0.62526 0.44014 0.027344 0.056944
1 0.662352 0.538855 0.028125 0.056944
1 0.659701 0.492275 0.021094 0.055556
2 0.229297 0.618056 0.099219 0.088889
3 0.317969 0.668056 0.132812 0.247222
1 0.367188 0.8875 0.089062 0.211111
1 0.579687 0.946528 0.085938 0.179167