5 0.171991 0.294781 0.097656 0.118056
5 0.647424 0.305443 0.077344 0.15
1 0.710932 0.354108 0.035156 0.073611
5 0.931166 0.751462 0.2625 0.455556
1 0.7956 0.482671 0.047656 0.080556
2 0.456869 0.16803 0.023438 0.056944
2 0.454461 0.222921 0.032812 0.056944
5 0.381714 0.25428 0.0625 0.140278
1 0.19377 0.690994 0.123438 0.254167
3 0.340631 0.344946 0.086719 0.195833
0 0.126006 0.718079 0.028125 0.098611
0 0.355142 0.657465 0.032031 0.095833
0 0.334737 0.604958 0.025781 0.080556
1 0.357817 0.491241 0.047656 0.136111
3 0.417977 0.515821 0.097656 0.226389
2 0.275684 0.502483 0.11875 0.194444
5 0.198171 0.446297 0.158594 0.293056
3 0.512044 0.29362 0.028125 0.077778
5 0.53561 0.185814 0.039062 0.095833
5 0.428184 0.36316 0.083594 0.255556
5 0.392617 0.162265 0.04375 0.081944
5 0.32155 0.24414 0.08125 0.101389
2 0.563538 0.441494 0.044531 0.116667
2 0.563408 0.339987 0.0375 0.058333
1 0.403894 0.71208 0.063281 0.215278
3 0.551178 0.569822 0.067969 0.165278
3 0.566075 0.271476 0.029687 0.081944
5 0.737996 0.721684 0.245312 0.626389
5 0.3 0.835417 0.2125 0.226389
5 0.064453 0.534028 0.141406 0.354167
1 0.425781 0.179167 0.015625 0.038889