2 0.748629 0.386731 0.025781 0.052778
2 0.768128 0.448707 0.028906 0.073611
0 0.059449 0.550468 0.04375 0.052778
2 0.163872 0.509092 0.071875 0.070833
2 0.214264 0.456089 0.057031 0.056944
5 0.553589 0.611411 0.125781 0.305556
1 0.588527 0.952319 0.069531 0.218056
2 0.295644 0.424223 0.051562 0.055556
2 0.362682 0.574614 0.057031 0.0625
1 0.660329 0.816973 0.04375 0.1875
1 0.397554 0.950795 0.0875 0.2875
2 0.287354 0.634979 0.074219 0.118056
1 0.66756 0.406981 0.022656 0.052778
1 0.693647 0.413069 0.020312 0.045833
4 0.606442 0.345078 0.030469 0.070833
2 0.292028 0.737535 0.11875 0.193056
3 0.406698 0.702397 0.09375 0.176389
3 0.150777 0.771525 0.151562 0.2625
3 0.472773 0.546773 0.060156 0.1
3 0.472179 0.483786 0.057813 0.0875
3 0.524456 0.442597 0.065625 0.1
5 0.531113 0.339963 0.057031 0.088889
0 0.288268 0.507882 0.025781 0.047222
0 0.368461 0.444169 0.015625 0.031944
0 0.150911 0.914492 0.057813 0.151389