5 0.456287 0.249233 0.053125 0.144444
5 0.346416 0.346434 0.114844 0.222222
5 0.184628 0.334704 0.103125 0.109722
5 0.285933 0.321524 0.065625 0.180556
5 0.344269 0.236639 0.076563 0.061111
1 0.310078 0.46101 0.067969 0.152778
1 0.260755 0.641351 0.060156 0.102778
1 0.722041 0.353856 0.046875 0.061111
3 0.42124 0.178331 0.023438 0.054167
1 0.402416 0.260231 0.024219 0.045833
5 0.475849 0.139429 0.034375 0.056944
2 0.447461 0.317042 0.053906 0.104167
2 0.532466 0.295944 0.033594 0.048611
3 0.574867 0.246501 0.020312 0.05
2 0.526215 0.201612 0.0125 0.034722
5 0.663465 0.325956 0.071094 0.148611
5 0.162866 0.524864 0.25 0.365278
5 0.385999 0.574075 0.170312 0.534722
3 0.539729 0.345494 0.041406 0.113889
0 0.442969 0.925 0.032812 0.108333
5 0.068359 0.774306 0.136719 0.445833
5 0.630078 0.527083 0.169531 0.451389