2 0.765287 0.384059 0.025781 0.052778
1 0.686245 0.461769 0.021875 0.051389
1 0.666154 0.491355 0.035156 0.070833
1 0.675176 0.586988 0.055469 0.097222
1 0.682252 0.818281 0.059375 0.188889
2 0.237843 0.45769 0.051562 0.063889
2 0.316043 0.419264 0.047656 0.05
2 0.183009 0.516622 0.074219 0.081944
2 0.78842 0.432429 0.028906 0.073611
1 0.592796 0.627142 0.044531 0.1
5 0.546996 0.407272 0.083594 0.158333
5 0.572727 0.480212 0.069531 0.1625
5 0.652611 0.375533 0.046094 0.109722
3 0.450746 0.525575 0.047656 0.1
3 0.363662 0.592127 0.107813 0.219444
2 0.385081 0.75506 0.139844 0.290278
2 0.105469 0.895833 0.217187 0.191667
5 0.08125 0.629861 0.1625 0.268056