1 0.701082 0.396213 0.044531 0.084722
1 0.725443 0.511486 0.051562 0.109722
5 0.164963 0.358315 0.089062 0.179167
5 0.333874 0.299971 0.039844 0.138889
5 0.642272 0.353753 0.082031 0.176389
5 0.574714 0.306022 0.041406 0.098611
5 0.430142 0.217811 0.045313 0.070833
5 0.421778 0.31454 0.069531 0.186111
1 0.677121 0.769773 0.060156 0.179167
3 0.542851 0.453078 0.057813 0.205556
5 0.51123 0.262507 0.042188 0.106944
1 0.58676 0.389289 0.03125 0.084722
1 0.627559 0.449462 0.035937 0.088889
5 0.094789 0.614218 0.214844 0.456944
5 0.285149 0.650585 0.242969 0.545833
5 0.26481 0.373704 0.101562 0.304167
3 0.597696 0.887383 0.157031 0.363889
0 0.423047 0.579861 0.021094 0.076389
2 0.423828 0.447222 0.047656 0.111111