2 0.768421 0.387129 0.025781 0.052778
1 0.684644 0.445552 0.021875 0.051389
1 0.669249 0.495935 0.035156 0.070833
1 0.67436 0.5985 0.055469 0.097222
1 0.68343 0.834929 0.059375 0.188889
2 0.241486 0.46066 0.051562 0.063889
2 0.319645 0.422625 0.047656 0.05
2 0.186635 0.51971 0.074219 0.081944
2 0.791396 0.435512 0.028906 0.073611
1 0.602998 0.599603 0.044531 0.1
2 0.111889 0.899762 0.2125 0.191667
5 0.526655 0.351389 0.060156 0.090278
5 0.562675 0.417401 0.083594 0.158333
5 0.593858 0.45284 0.069531 0.1625
5 0.650224 0.376431 0.046094 0.109722
3 0.457931 0.525879 0.047656 0.1
3 0.39119 0.585499 0.107813 0.219444
2 0.411877 0.68544 0.127344 0.222222