2 0.752076 0.383039 0.025781 0.052778
2 0.7716 0.444971 0.028906 0.073611
2 0.598692 0.318173 0.032031 0.043056
0 0.062178 0.559745 0.04375 0.052778
2 0.169591 0.514212 0.071875 0.070833
2 0.218263 0.452689 0.057031 0.056944
3 0.551156 0.400533 0.04375 0.054167
1 0.613784 0.45064 0.028125 0.0625
5 0.561971 0.606237 0.125781 0.305556
1 0.11041 0.934952 0.111719 0.2125
1 0.598135 0.951867 0.069531 0.218056
2 0.299824 0.420422 0.051562 0.055556
2 0.391046 0.622406 0.0875 0.134722
2 0.424543 0.515175 0.057031 0.0625
3 0.245528 0.679079 0.11875 0.206944
1 0.660626 0.818344 0.04375 0.1875
5 0.483704 0.349622 0.109375 0.141667
0 0.252774 0.509838 0.040625 0.05
3 0.349909 0.858119 0.117188 0.273611
1 0.449289 0.876559 0.0875 0.2875
0 0.279231 0.788605 0.04375 0.088889
2 0.357031 0.588045 0.074219 0.118056
0 0.189889 0.830756 0.029687 0.0875
1 0.685085 0.375151 0.022656 0.052778
1 0.69807 0.402228 0.020312 0.045833
4 0.637461 0.327142 0.030469 0.070833
3 0.527134 0.478069 0.042969 0.077778
3 0.500613 0.454485 0.032031 0.086111