1 0.706931 0.394206 0.044531 0.084722
1 0.728532 0.500399 0.051562 0.109722
5 0.166807 0.340566 0.089062 0.179167
5 0.335829 0.28589 0.039844 0.138889
5 0.655276 0.337008 0.082031 0.176389
5 0.272472 0.368284 0.101562 0.304167
0 0.419172 0.396803 0.021094 0.076389
0 0.274702 0.711658 0.027344 0.083333
5 0.11279 0.574462 0.217969 0.383333
1 0.326977 0.736149 0.085938 0.204167
3 0.577588 0.653712 0.092188 0.336111
1 0.679104 0.570072 0.054688 0.1375
1 0.625163 0.5037 0.039844 0.120833
2 0.174039 0.909352 0.153125 0.215278
5 0.421431 0.2601 0.046875 0.127778
2 0.435857 0.343922 0.032812 0.076389
5 0.358432 0.444063 0.111719 0.2875
5 0.605078 0.381944 0.083594 0.183333
5 0.522266 0.315972 0.064844 0.201389
3 0.323438 0.9875 0.182812 0.311111