2 0.766396 0.491749 0.023438 0.086111
2 0.746637 0.428766 0.023438 0.059722
1 0.594406 0.951272 0.058594 0.172222
1 0.657211 0.863966 0.057031 0.181944
2 0.407574 0.568615 0.05625 0.083333
2 0.476016 0.549789 0.050781 0.065278
2 0.504467 0.501985 0.04375 0.063889
1 0.678732 0.540499 0.027344 0.075
0 0.415732 0.669284 0.016406 0.052778
0 0.487626 0.659728 0.019531 0.065278
1 0.665265 0.397207 0.01875 0.044444
4 0.180248 0.564398 0.109375 0.134722
5 0.487334 0.397769 0.075 0.098611
0 0.348577 0.712296 0.022656 0.059722
2 0.579544 0.432425 0.035156 0.079167
1 0.020105 0.614237 0.067969 0.093056
2 0.21136 0.480296 0.057031 0.05
1 0.569944 0.507493 0.035156 0.070833
1 0.62785 0.51019 0.028906 0.073611
1 0.535006 0.688751 0.060156 0.148611
4 0.200105 0.737741 0.219531 0.319444
1 0.253125 0.809722 0.098438 0.177778
5 0.391406 0.461806 0.1125 0.151389
5 0.323828 0.447222 0.100781 0.108333