5 0.175218 0.313007 0.097656 0.118056
5 0.653001 0.326023 0.077344 0.15
2 0.516358 0.217038 0.01875 0.036111
2 0.546085 0.284114 0.029687 0.063889
1 0.926954 0.775758 0.069531 0.109722
5 0.175973 0.476695 0.171094 0.322222
5 0.29438 0.29184 0.101562 0.233333
2 0.532687 0.384147 0.038281 0.083333
0 0.617832 0.453748 0.014062 0.056944
3 0.419701 0.538439 0.067969 0.208333
3 0.412261 0.407598 0.060156 0.109722
3 0.443079 0.321506 0.051562 0.134722
5 0.42412 0.215944 0.035937 0.131944
2 0.39187 0.324525 0.027344 0.068056
5 0.272335 0.621469 0.214844 0.525
5 0.696802 0.758988 0.3125 0.509722
1 0.706458 0.371732 0.035156 0.073611
2 0.547266 0.55 0.044531 0.188889
5 0.789453 0.61875 0.200781 0.381944
5 0.080078 0.550694 0.160156 0.393056