6 0.294301 0.777727 0.040625 0.183333
5 1.0 0.558271 0.323438 0.383333
6 0.452963 0.865177 0.039844 0.195833
3 0.16123 0.223647 0.051562 0.115278
0 0.200973 0.82037 0.058594 0.141667
0 0.558991 0.326304 0.029687 0.063889
0 0.529407 0.339625 0.020312 0.0375
6 0.540115 0.766471 0.032031 0.166667
2 0.895797 0.75423 0.198437 0.25
2 0.711713 0.534906 0.160938 0.261111
3 0.520419 0.432319 0.092188 0.1375
1 0.215987 0.329879 0.03125 0.101389
1 0.188412 0.389166 0.057031 0.109722
1 0.078261 0.322181 0.029687 0.056944
2 0.327344 0.240972 0.034375 0.076389