1 0.726904 0.308097 0.024219 0.063889
1 0.712091 0.444917 0.039062 0.056944
1 0.703437 0.73473 0.05625 0.177778
2 0.263188 0.341032 0.060938 0.056944
2 0.343138 0.313853 0.051562 0.059722
6 0.752117 0.644559 0.025781 0.122222
2 0.823821 0.330244 0.0375 0.088889
2 0.799831 0.277344 0.025781 0.052778
2 0.172565 0.440488 0.082031 0.083333
3 0.278423 0.426945 0.102344 0.120833
5 0.477754 0.442149 0.153125 0.288889
2 0.578227 0.388174 0.049219 0.098611
1 0.388452 0.383999 0.049219 0.061111
0 0.437328 0.749211 0.063281 0.115278
6 0.803792 0.549861 0.014062 0.123611
6 0.780446 0.532236 0.017969 0.108333
5 0.199609 0.70625 0.399219 0.548611