1 0.705012 0.406023 0.044531 0.084722
1 0.727871 0.510692 0.051562 0.109722
5 0.157367 0.368682 0.089062 0.179167
5 0.330783 0.316289 0.039844 0.138889
1 0.589992 0.348017 0.020312 0.059722
5 0.652627 0.338613 0.082031 0.176389
5 0.974889 0.974057 0.204688 0.444444
5 0.092512 0.701745 0.173438 0.579167
1 0.588175 0.462223 0.030469 0.066667
1 0.566988 0.31407 0.017969 0.0625
5 0.257028 0.425353 0.109375 0.370833
5 0.386281 0.49804 0.121094 0.363889
5 0.423813 0.288022 0.057813 0.123611
5 0.503342 0.203823 0.032031 0.076389
2 0.375434 0.852771 0.107813 0.240278
3 0.538584 0.500378 0.071875 0.173611
3 0.515972 0.296665 0.038281 0.113889
5 0.557147 0.272545 0.041406 0.098611