1 0.71182 0.403612 0.044531 0.084722
1 0.602877 0.371204 0.019531 0.043056
2 0.511062 0.289691 0.021875 0.052778
1 0.693323 0.456318 0.035156 0.088889
5 0.319613 0.435019 0.107031 0.255556
5 0.411352 0.293013 0.045313 0.126389
5 0.456261 0.221598 0.04375 0.094444
5 0.416744 0.210427 0.0375 0.055556
5 0.352406 0.265366 0.063281 0.095833
5 0.28889 0.328952 0.097656 0.141667
5 0.178515 0.362761 0.09375 0.108333
5 0.879948 0.660378 0.219531 0.381944
2 0.458565 0.316272 0.034375 0.066667
0 0.541573 0.730938 0.038281 0.136111
2 0.635973 0.89201 0.097656 0.291667
5 0.566934 0.460888 0.089844 0.222222
5 0.566891 0.240518 0.049219 0.088889
5 0.404841 0.556272 0.153906 0.409722
2 0.516016 0.378472 0.017969 0.079167
1 0.255469 0.890972 0.09375 0.215278
1 0.345703 0.9125 0.108594 0.113889
5 0.148828 0.667361 0.288281 0.654167