1 0.591733 0.918927 0.063281 0.120833
0 0.054872 0.560708 0.038281 0.058333
2 0.211849 0.465197 0.055469 0.052778
2 0.300281 0.422883 0.05 0.055556
1 0.608973 0.625622 0.041406 0.141667
3 0.569961 0.345629 0.032031 0.066667
0 0.552689 0.528077 0.014062 0.041667
1 0.651803 0.648476 0.039844 0.080556
2 0.16256 0.522904 0.082031 0.081944
1 0.586474 0.550378 0.024219 0.1
1 0.671538 0.522549 0.032031 0.084722
3 0.324361 0.606186 0.084375 0.118056
3 0.250319 0.700868 0.1 0.147222
3 0.629871 0.357767 0.038281 0.084722
1 0.043611 0.607069 0.05 0.113889
0 0.433195 0.433286 0.014062 0.031944
2 0.38125 0.679167 0.098438 0.155556