3 0.297985 0.23675 0.051562 0.088889
1 0.930052 0.371007 0.053906 0.120833
0 0.147338 0.777271 0.071094 0.151389
6 0.447224 0.736757 0.039844 0.198611
3 0.395088 0.292483 0.06875 0.141667
3 0.48759 0.35344 0.10625 0.183333
3 0.616498 0.470451 0.11875 0.186111
3 0.865544 0.576524 0.282031 0.401389
5 0.707758 0.770439 0.474219 0.477778
5 0.363879 0.179228 0.090625 0.148611
1 0.50727 0.253446 0.0375 0.081944
5 0.26207 0.139534 0.075 0.133333
3 0.250885 0.709422 0.127344 0.340278
0 0.396867 0.478654 0.038281 0.088889
1 0.047131 0.520619 0.052344 0.106944
3 0.635984 0.404235 0.1125 0.208333
1 0.857514 0.354433 0.038281 0.115278
0 0.536328 0.3125 0.036719 0.075