2 0.742925 0.536401 0.023438 0.086111
2 0.725565 0.476359 0.023438 0.059722
1 0.647327 0.920799 0.057813 0.166667
1 0.660387 0.529868 0.017969 0.031944
1 0.649824 0.464666 0.024219 0.043056
2 0.197161 0.547514 0.063281 0.052778
0 0.624783 0.687369 0.020312 0.070833
5 0.490362 0.420415 0.053125 0.076389
1 0.339739 0.52365 0.030469 0.048611
1 0.262001 0.553865 0.026563 0.043056
2 0.278606 0.517119 0.049219 0.047222
5 0.551958 0.476502 0.057813 0.106944
0 0.493361 0.474096 0.009375 0.022222
4 0.442784 0.457994 0.085938 0.1125
0 0.143458 0.736779 0.053125 0.0625
1 0.496645 0.715822 0.046094 0.131944
5 0.60644 0.436876 0.05625 0.0875
1 0.511719 0.940278 0.064062 0.091667
2 0.310547 0.615278 0.063281 0.072222
5 0.110937 0.677083 0.204688 0.251389
0 0.364062 0.698611 0.028125 0.061111