2 0.751929 0.38914 0.025781 0.052778
2 0.774113 0.454024 0.028906 0.073611
1 0.693006 0.480976 0.028125 0.05
2 0.16583 0.5164 0.065625 0.091667
2 0.215718 0.453604 0.059375 0.070833
1 0.664719 0.829267 0.057813 0.1875
2 0.304943 0.409039 0.049219 0.047222
3 0.576155 0.398408 0.025781 0.059722
2 0.605192 0.375323 0.025 0.040278
1 0.659797 0.591287 0.036719 0.098611
1 0.609972 0.572513 0.039844 0.127778
1 0.446645 0.88672 0.061719 0.216667
5 0.283836 0.807968 0.269531 0.406944
2 0.5378 0.442803 0.045313 0.05
2 0.530283 0.385933 0.038281 0.041667
1 0.625392 0.387657 0.020312 0.056944
0 0.596099 0.443388 0.017969 0.031944
5 0.550975 0.325974 0.053125 0.079167
1 0.051993 0.571337 0.053125 0.125
5 0.500499 0.592025 0.117969 0.263889
5 0.353996 0.582326 0.190625 0.3
3 0.086328 0.836111 0.191406 0.269444
2 0.478516 0.415972 0.030469 0.045833
5 0.695312 0.349306 0.0375 0.095833