2 0.760889 0.492265 0.023438 0.086111
2 0.741462 0.429311 0.023438 0.059722
1 0.586826 0.965876 0.058594 0.172222
1 0.659644 0.869685 0.057031 0.181944
1 0.689517 0.488865 0.027344 0.075
2 0.204711 0.480246 0.057031 0.05
5 0.319997 0.44739 0.100781 0.108333
1 0.517752 0.40623 0.023438 0.059722
3 0.407671 0.440225 0.045313 0.081944
1 0.457124 0.983304 0.086719 0.197222
1 0.539902 0.58532 0.04375 0.0875
1 0.468187 0.423542 0.025781 0.043056
2 0.467086 0.444219 0.035937 0.051389
1 0.230078 0.557639 0.041406 0.095833
2 0.417969 0.629861 0.1 0.2125
2 0.365234 0.6125 0.082031 0.127778
2 0.176953 0.886111 0.178906 0.225
2 0.123828 0.836806 0.166406 0.229167
5 0.101562 0.647917 0.234375 0.301389