1 0.72911 0.499012 0.051562 0.109722
5 0.33712 0.279632 0.039844 0.138889
5 0.273447 0.361739 0.101562 0.304167
0 0.31128 0.621997 0.027344 0.083333
5 0.113736 0.567466 0.217969 0.383333
1 0.69973 0.625516 0.054688 0.1375
1 0.639882 0.545102 0.039844 0.120833
5 0.422468 0.25385 0.046875 0.127778
2 0.438486 0.328353 0.032812 0.076389
5 0.371832 0.402965 0.111719 0.2875
5 0.626679 0.414543 0.083594 0.183333
5 0.527963 0.342391 0.064844 0.201389
3 0.339868 0.842121 0.182812 0.311111
5 0.645465 0.330054 0.069531 0.181944
2 0.22315 0.821652 0.146094 0.258333
1 0.356683 0.623065 0.070312 0.145833
5 0.166908 0.336747 0.097656 0.118056
3 0.591521 0.763306 0.127344 0.45
2 0.498713 0.215237 0.021875 0.038889
1 0.703942 0.390489 0.035937 0.081944