2 0.750914 0.384687 0.025781 0.052778
2 0.770377 0.446584 0.028906 0.073611
0 0.060678 0.560811 0.04375 0.052778
2 0.168126 0.515196 0.071875 0.070833
2 0.216871 0.454186 0.057031 0.056944
3 0.538171 0.414469 0.04375 0.054167
5 0.551409 0.609186 0.125781 0.305556
1 0.594518 0.943553 0.069531 0.218056
2 0.298468 0.422073 0.051562 0.055556
2 0.408287 0.523954 0.057031 0.0625
1 0.666523 0.820466 0.04375 0.1875
0 0.291976 0.476506 0.040625 0.05
1 0.434088 0.887869 0.0875 0.2875
0 0.236729 0.83913 0.04375 0.088889
2 0.327401 0.601047 0.074219 0.118056
0 0.138106 0.879851 0.029687 0.0875
1 0.682381 0.385207 0.022656 0.052778
1 0.696959 0.403928 0.020312 0.045833
4 0.630947 0.335877 0.030469 0.070833
3 0.508574 0.497718 0.042969 0.077778
3 0.48373 0.469891 0.032031 0.086111
3 0.311033 0.911175 0.132031 0.25
3 0.478204 0.588386 0.050781 0.141667
5 0.492953 0.349295 0.075781 0.104167
1 0.056898 0.94314 0.140625 0.145833
3 0.209669 0.721738 0.141406 0.181944
2 0.357916 0.649414 0.11875 0.193056
0 0.095703 0.632639 0.049219 0.084722