6 0.223887 0.779744 0.040625 0.183333
6 0.37353 0.927779 0.033594 0.256944
0 0.197894 0.820349 0.061719 0.138889
1 0.963255 0.448183 0.066406 0.138889
6 0.036956 0.552271 0.028125 0.120833
5 0.173439 0.217779 0.097656 0.159722
2 0.205108 0.313449 0.075781 0.102778
3 0.322534 0.288663 0.0375 0.075
0 0.343307 0.671501 0.055469 0.141667
2 0.28199 0.372072 0.078125 0.090278
3 0.453892 0.551162 0.176563 0.276389
5 0.796875 0.433333 0.296875 0.358333
2 0.788672 0.617361 0.196094 0.265278
0 0.585156 0.449306 0.039062 0.076389
2 0.496094 0.433333 0.095312 0.102778
2 0.420312 0.316667 0.071875 0.122222
1 0.24375 0.446528 0.057813 0.120833
1 0.114844 0.419444 0.042188 0.080556