2 0.749017 0.482992 0.023438 0.086111
2 0.732319 0.421475 0.023438 0.059722
2 0.199644 0.478206 0.055469 0.052778
2 0.283969 0.445628 0.05 0.055556
2 0.142993 0.539218 0.082031 0.081944
1 0.577703 0.959963 0.085938 0.179167
1 0.644306 0.861305 0.060156 0.163889
4 0.528649 0.442565 0.059375 0.105556
2 0.617982 0.421207 0.026563 0.051389
1 0.647847 0.702586 0.041406 0.118056
1 0.393223 0.418775 0.024219 0.059722
1 0.657494 0.394988 0.01875 0.051389
0 0.372209 0.755158 0.029687 0.075
2 0.552024 0.48554 0.030469 0.045833
5 0.543736 0.599817 0.098438 0.213889
4 0.27051 0.685779 0.150781 0.269444
2 0.478715 0.581491 0.046875 0.102778
2 0.577503 0.417049 0.021875 0.05
0 0.3375 0.531944 0.021875 0.038889