5 0.52507 0.400148 0.120312 0.233333
0 0.552174 0.57667 0.021875 0.0875
1 0.757991 0.310756 0.024219 0.063889
1 0.70384 0.476147 0.039062 0.056944
1 0.718446 0.715304 0.05625 0.177778
2 0.629126 0.337404 0.035156 0.0875
2 0.275185 0.346216 0.060938 0.056944
2 0.35466 0.317991 0.051562 0.059722
6 0.811014 0.538484 0.017188 0.118056
6 0.783932 0.532695 0.021875 0.102778
6 0.759645 0.648807 0.025781 0.122222
2 0.834802 0.329004 0.0375 0.088889
2 0.810385 0.276027 0.025781 0.052778
3 0.603663 0.304874 0.032031 0.066667
2 0.138672 0.477778 0.082031 0.083333
3 0.163672 0.515972 0.102344 0.120833
0 0.059375 0.529167 0.0375 0.061111
0 0.403125 0.384722 0.01875 0.038889
0 0.423047 0.397222 0.013281 0.033333
0 0.452734 0.647917 0.049219 0.095833
5 0.237891 0.685417 0.403906 0.551389