1 0.717207 0.398118 0.044531 0.084722
5 0.890295 0.677189 0.219531 0.381944
1 0.73423 0.516712 0.051562 0.109722
5 0.645883 0.356853 0.057813 0.133333
1 0.577234 0.404062 0.028125 0.073611
1 0.970047 0.99383 0.154687 0.197222
2 0.591282 0.644291 0.08125 0.206944
3 0.537296 0.444322 0.04375 0.097222
3 0.51044 0.250134 0.027344 0.070833
0 0.53116 0.368244 0.014062 0.034722
3 0.449383 0.494151 0.055469 0.144444
1 0.370899 0.494563 0.042188 0.102778
1 0.409099 0.518257 0.030469 0.075
1 0.403227 0.418876 0.030469 0.098611
1 0.433189 0.391426 0.028125 0.068056
5 0.176387 0.409337 0.089062 0.179167
5 0.083984 0.729167 0.199219 0.502778
5 0.258594 0.465278 0.117188 0.394444
5 0.394141 0.311111 0.071094 0.15
1 0.651953 0.475694 0.030469 0.059722
5 0.330859 0.3375 0.039844 0.138889
5 0.285937 0.743056 0.284375 0.413889
5 0.449609 0.311111 0.055469 0.15