1 0.729377 0.507598 0.051562 0.109722
5 0.337222 0.277478 0.039844 0.138889
5 0.273555 0.359465 0.101562 0.304167
0 0.315269 0.600602 0.027344 0.083333
5 0.114009 0.565454 0.217969 0.383333
1 0.706701 0.656215 0.054688 0.1375
1 0.641245 0.564826 0.039844 0.120833
5 0.422676 0.251791 0.046875 0.127778
2 0.444153 0.308238 0.032812 0.076389
5 0.382849 0.378909 0.111719 0.2875
5 0.644876 0.424886 0.083594 0.183333
5 0.530858 0.35464 0.064844 0.201389
3 0.347856 0.804972 0.182812 0.311111
5 0.646975 0.326463 0.069531 0.181944
2 0.249125 0.771273 0.146094 0.258333
1 0.358644 0.604066 0.070312 0.145833
5 0.16694 0.3343 0.097656 0.118056
3 0.591391 0.773639 0.127344 0.45
2 0.498822 0.213098 0.021875 0.038889
1 0.704767 0.387637 0.035937 0.081944