5 0.170194 0.295907 0.097656 0.118056
5 0.649863 0.300807 0.077344 0.15
1 0.708063 0.339715 0.035156 0.073611
0 0.244082 0.523363 0.028125 0.098611
5 0.562892 0.229845 0.039062 0.095833
5 0.390015 0.159785 0.04375 0.081944
1 0.796596 0.475509 0.033594 0.068056
5 0.443655 0.262066 0.053906 0.136111
1 0.300553 0.452141 0.059375 0.1375
1 0.43681 0.474833 0.0375 0.156944
1 0.390569 0.393616 0.033594 0.104167
2 0.317805 0.383327 0.075781 0.130556
3 0.443065 0.328481 0.055469 0.133333
3 0.358552 0.287815 0.083594 0.1375
5 0.323108 0.257972 0.074219 0.141667
5 0.390894 0.254376 0.057031 0.147222
5 0.197523 0.436185 0.152344 0.297222
5 0.893883 0.737739 0.220313 0.404167
5 0.340584 0.672869 0.2125 0.522222
3 0.539776 0.556839 0.050781 0.134722
2 0.658043 0.724541 0.092969 0.211111
3 0.643148 0.404587 0.067969 0.131944
1 0.687915 0.373927 0.032031 0.097222
5 0.059766 0.519444 0.152344 0.333333
1 0.140625 0.673611 0.089062 0.111111
2 0.508594 0.215972 0.026563 0.048611