1 0.719107 0.407083 0.044531 0.084722
5 0.883754 0.659373 0.219531 0.381944
5 0.602655 0.296906 0.049219 0.088889
5 0.3538 0.385089 0.082813 0.219444
1 0.663614 0.50798 0.035156 0.084722
1 0.73467 0.498322 0.051562 0.109722
0 0.589961 0.445744 0.020312 0.043056
5 0.426999 0.262043 0.038281 0.091667
5 0.420493 0.437951 0.096094 0.276389
1 0.627023 0.376588 0.022656 0.047222
2 0.521736 0.355712 0.029687 0.080556
5 0.647031 0.745533 0.184375 0.541667
2 0.536328 0.527083 0.036719 0.134722
3 0.542578 0.417361 0.041406 0.079167
5 0.049609 0.713889 0.182031 0.533333
5 0.220313 0.543056 0.185937 0.497222
1 0.25 0.884028 0.10625 0.218056
1 0.344922 0.634028 0.067969 0.1625
1 0.421875 0.633333 0.059375 0.169444
3 0.413281 0.857639 0.117188 0.259722