2 0.750204 0.366271 0.025781 0.052778
2 0.777176 0.420687 0.028906 0.073611
1 0.656525 0.529559 0.027344 0.070833
1 0.695287 0.511534 0.028125 0.05
1 0.621238 0.532715 0.029687 0.098611
2 0.161144 0.502124 0.065625 0.091667
1 0.105074 0.523041 0.033594 0.084722
2 0.219975 0.440996 0.059375 0.070833
2 0.505129 0.45777 0.033594 0.070833
3 0.111581 0.746083 0.21875 0.304167
1 0.666922 0.806861 0.057813 0.1875
1 0.518737 0.772665 0.067969 0.173611
2 0.306488 0.412042 0.049219 0.047222
5 0.380872 0.732191 0.1875 0.419444
5 0.425296 0.484065 0.158594 0.240278
2 0.247118 0.584128 0.08125 0.088889
3 0.262156 0.683704 0.114844 0.165278
5 0.565861 0.488609 0.085938 0.183333
5 0.482423 0.348558 0.076563 0.097222
3 0.604297 0.35625 0.025781 0.059722
2 0.625781 0.352083 0.025 0.040278