5 0.171483 0.312169 0.097656 0.118056
5 0.653567 0.318215 0.077344 0.15
5 0.328614 0.285621 0.101562 0.233333
1 0.710621 0.350317 0.035156 0.073611
5 0.904305 0.753931 0.2625 0.455556
5 0.432767 0.226195 0.051562 0.130556
3 0.393277 0.218711 0.025781 0.088889
5 0.533683 0.278124 0.055469 0.116667
5 0.548139 0.195483 0.033594 0.084722
1 0.594506 0.329174 0.027344 0.058333
1 0.737068 0.725504 0.061719 0.198611
5 0.313319 0.638478 0.246094 0.576389
5 0.199288 0.407607 0.151562 0.197222
3 0.113957 0.85247 0.224219 0.261111
5 0.059828 0.467523 0.141406 0.240278
3 0.412109 0.272917 0.032031 0.043056
1 0.404297 0.339583 0.035156 0.079167
2 0.444922 0.336111 0.033594 0.086111
2 0.424219 0.449306 0.020312 0.098611
1 0.762891 0.530556 0.038281 0.055556