5 0.933299 0.499125 0.186719 0.266667
5 0.103969 0.215058 0.071094 0.116667
1 0.101669 0.47789 0.044531 0.122222
0 0.176674 0.856033 0.064062 0.133333
6 0.280604 0.923026 0.032812 0.175
6 0.213131 0.789457 0.027344 0.163889
0 0.111749 0.577016 0.029687 0.098611
0 0.114418 0.378567 0.020312 0.063889
6 0.028457 0.56728 0.027344 0.113889
5 0.1527 0.282981 0.101562 0.175
3 0.30773 0.320134 0.045313 0.084722
1 0.053291 0.649955 0.0625 0.148611
1 0.599081 0.377278 0.045313 0.095833
1 0.545586 0.32723 0.03125 0.059722
1 0.611158 0.334886 0.0375 0.059722
5 0.411304 0.22313 0.09375 0.105556
3 0.631019 0.550836 0.113281 0.152778
1 0.342323 0.877612 0.08125 0.163889
1 0.646783 0.859387 0.113281 0.223611
3 0.790624 0.546528 0.145313 0.215278
5 0.444531 0.747222 0.348437 0.458333
5 0.437891 0.34375 0.167969 0.240278