6 0.359886 0.863419 0.045313 0.204167
6 0.040359 0.418203 0.025781 0.106944
5 0.210959 0.453044 0.182812 0.313889
1 0.095182 0.419573 0.047656 0.109722
1 0.076276 0.499329 0.051562 0.123611
6 0.223425 0.761662 0.040625 0.183333
1 0.283755 0.399232 0.071094 0.102778
1 0.901138 0.424887 0.046094 0.109722
1 0.94523 0.431555 0.046094 0.130556
1 0.309645 0.4738 0.071094 0.152778
2 0.101238 0.853735 0.194531 0.202778
5 0.650455 0.354163 0.196875 0.283333
5 0.39938 0.235765 0.113281 0.168056
1 0.325434 0.26163 0.039844 0.091667
1 0.426235 0.558388 0.082031 0.159722
2 0.383872 0.485522 0.091406 0.130556
0 0.344878 0.653146 0.045313 0.116667
0 0.678095 0.767038 0.074219 0.1625
2 0.261371 0.220784 0.042969 0.076389
5 0.59487 0.425584 0.25 0.348611
3 0.176183 0.220163 0.053906 0.101389
2 0.17806 0.278862 0.045313 0.052778
0 0.195312 0.8125 0.064062 0.166667
3 0.507812 0.747917 0.139062 0.259722
3 0.830469 0.870139 0.33125 0.248611