5 0.870493 0.652807 0.222656 0.3875
1 0.714697 0.388193 0.044531 0.084722
2 0.55683 0.38963 0.028906 0.056944
5 0.330672 0.286357 0.061719 0.084722
5 0.27959 0.354632 0.091406 0.156944
5 0.179001 0.404453 0.100781 0.190278
3 0.099895 0.452151 0.060156 0.123611
1 0.392183 0.43097 0.04375 0.068056
0 0.507461 0.394931 0.01875 0.027778
5 0.442579 0.185221 0.033594 0.066667
5 0.452016 0.276921 0.059375 0.155556
5 0.399209 0.251123 0.039844 0.094444
5 0.362635 0.36943 0.092188 0.201389
0 0.430811 0.338507 0.015625 0.038889
1 0.585808 0.32026 0.020312 0.048611
5 0.520416 0.278289 0.035937 0.105556
2 0.44997 0.397538 0.039844 0.091667
5 0.248141 0.572199 0.161719 0.409722
3 0.422537 0.597904 0.039844 0.080556
3 0.352189 0.646469 0.103906 0.2625
3 0.537743 0.501444 0.045313 0.122222
1 0.820707 0.793977 0.067188 0.201389
1 0.547101 0.240151 0.015625 0.047222
4 0.642825 0.520157 0.114063 0.338889
5 0.077734 0.624306 0.155469 0.284722
5 0.051562 0.788194 0.195312 0.409722
5 0.524219 0.182639 0.026563 0.059722
5 0.307422 0.852778 0.278906 0.3