2 0.755013 0.376204 0.025781 0.052778
2 0.777244 0.441943 0.028906 0.073611
1 0.694367 0.507289 0.028125 0.05
2 0.171691 0.498484 0.065625 0.091667
1 0.0999 0.547246 0.033594 0.084722
2 0.2189 0.440332 0.059375 0.070833
2 0.504432 0.457491 0.033594 0.070833
3 0.070481 0.782507 0.21875 0.304167
1 0.667978 0.828872 0.057813 0.1875
1 0.501683 0.774547 0.067969 0.173611
2 0.317036 0.418455 0.049219 0.047222
5 0.42429 0.483846 0.158594 0.240278
2 0.303741 0.534925 0.08125 0.088889
5 0.558789 0.49821 0.085938 0.183333
5 0.4816 0.348098 0.076563 0.097222
3 0.6035 0.356267 0.025781 0.059722
2 0.624925 0.351902 0.025 0.040278
3 0.242578 0.705556 0.135156 0.180556
5 0.363281 0.761111 0.196875 0.469444
1 0.656641 0.53125 0.036719 0.098611
1 0.623047 0.534722 0.039844 0.127778