1 0.519899 0.314847 0.021875 0.056944
1 0.50019 0.269008 0.020312 0.052778
1 0.327617 0.245408 0.071875 0.131944
2 0.3623 0.483157 0.065625 0.140278
5 0.355856 0.356517 0.09375 0.219444
5 0.258502 0.247845 0.0625 0.101389
2 0.25466 0.33187 0.048437 0.066667
3 0.458255 0.218114 0.027344 0.059722
3 0.738577 0.529484 0.085938 0.163889
5 0.625617 0.389679 0.134375 0.208333
5 0.207288 0.516918 0.182812 0.381944
5 0.145501 0.411163 0.145313 0.259722
0 0.470803 0.317584 0.014062 0.029167
5 0.864775 0.767878 0.283594 0.483333
0 0.103138 0.714283 0.025 0.091667
3 0.30896 0.679968 0.149219 0.336111
1 0.048828 0.822917 0.097656 0.265278
5 0.044531 0.507639 0.089062 0.259722
2 0.474219 0.436806 0.051562 0.109722