6 0.292218 0.777815 0.040625 0.183333
5 1.0 0.540991 0.323438 0.383333
6 0.44395 0.872819 0.039844 0.195833
3 0.162186 0.232295 0.051562 0.115278
0 0.199742 0.821743 0.058594 0.141667
0 0.557609 0.332396 0.029687 0.063889
0 0.515497 0.334225 0.020312 0.0375
6 0.54774 0.754578 0.032031 0.166667
2 0.874724 0.739878 0.198437 0.25
2 0.701806 0.53648 0.160938 0.261111
3 0.508193 0.41572 0.092188 0.1375
1 0.213281 0.338194 0.03125 0.101389
1 0.191797 0.402083 0.057031 0.109722
1 0.078906 0.328472 0.029687 0.056944