1 0.676869 0.362232 0.024219 0.063889
1 0.693118 0.440799 0.039062 0.056944
1 0.67134 0.746091 0.05625 0.177778
2 0.788869 0.386706 0.0375 0.088889
2 0.765432 0.31561 0.025781 0.052778
2 0.510418 0.458556 0.049219 0.098611
1 0.485565 0.925731 0.101562 0.130556
5 0.375513 0.554683 0.200781 0.356944
5 0.312386 0.410817 0.201562 0.190278
2 0.528177 0.384573 0.047656 0.038889
6 0.765751 0.547936 0.030469 0.123611
1 0.445442 0.339676 0.029687 0.034722
5 0.122266 0.76875 0.253906 0.390278
0 0.158203 0.488889 0.039844 0.05
2 0.168359 0.451389 0.074219 0.075