5 0.320922 0.230127 0.077344 0.130556
1 0.221531 0.288935 0.03125 0.070833
0 0.416848 0.251546 0.027344 0.084722
1 0.333005 0.281214 0.05 0.105556
3 0.436394 0.361671 0.002344 0.011111
5 0.166537 0.312953 0.104687 0.122222
5 0.454387 0.193825 0.064062 0.169444
1 0.165504 0.691262 0.115625 0.251389
5 0.523651 0.204239 0.035937 0.118056
5 0.55435 0.19248 0.024219 0.061111
3 0.444128 0.291119 0.052344 0.127778
1 0.371863 0.330353 0.032031 0.052778
5 0.26544 0.282589 0.071094 0.1
3 0.374173 0.222243 0.0375 0.0625
5 0.106053 0.511796 0.209375 0.375
5 0.407296 0.49405 0.126563 0.386111
5 0.264611 0.477235 0.161719 0.359722
5 0.602323 0.358669 0.105469 0.233333
2 0.59068 0.575995 0.065625 0.148611