5 0.171558 0.312001 0.097656 0.118056
5 0.650858 0.319969 0.077344 0.15
5 0.330469 0.287064 0.101562 0.233333
1 0.71012 0.354269 0.035156 0.073611
5 0.904069 0.763737 0.2625 0.455556
3 0.417544 0.284192 0.054688 0.105556
5 0.432954 0.226101 0.051562 0.130556
1 0.409647 0.351133 0.055469 0.109722
2 0.443934 0.353587 0.052344 0.090278
3 0.393664 0.218511 0.025781 0.088889
5 0.533727 0.277132 0.055469 0.116667
1 0.230934 0.518387 0.047656 0.113889
5 0.548401 0.195591 0.033594 0.084722
1 0.589571 0.310408 0.027344 0.058333
1 0.734908 0.706079 0.061719 0.198611
5 0.306547 0.658758 0.246094 0.576389
5 0.194108 0.42038 0.151562 0.197222
3 0.105833 0.864809 0.224219 0.261111
5 0.070703 0.474306 0.141406 0.240278
1 0.764063 0.535417 0.048437 0.073611