2 0.766431 0.483679 0.023438 0.086111
2 0.746528 0.421008 0.023438 0.059722
1 0.59397 0.941288 0.058594 0.172222
1 0.662975 0.865113 0.057031 0.181944
1 0.659059 0.426485 0.021094 0.051389
1 0.618383 0.431043 0.017969 0.038889
2 0.609209 0.395546 0.025781 0.052778
2 0.430889 0.541475 0.05625 0.083333
2 0.498773 0.502312 0.050781 0.065278
2 0.536581 0.458523 0.04375 0.063889
1 0.672721 0.545323 0.027344 0.075
1 0.59315 0.592895 0.042188 0.106944
1 0.452588 0.60419 0.046875 0.090278
1 0.449252 0.727672 0.069531 0.141667
0 0.504071 0.545019 0.016406 0.052778
0 0.567131 0.547109 0.019531 0.065278
1 0.687906 0.362925 0.01875 0.044444
4 0.295703 0.638889 0.185156 0.280556
1 0.033203 0.632639 0.066406 0.134722
5 0.178516 0.601389 0.247656 0.291667
5 0.31875 0.44375 0.095312 0.0875
5 0.416406 0.433333 0.095312 0.125