1 0.711568 0.413764 0.044531 0.084722
5 0.893699 0.721487 0.219531 0.381944
1 0.735776 0.526822 0.051562 0.109722
1 0.59376 0.470625 0.028125 0.073611
3 0.542931 0.513523 0.04375 0.097222
3 0.511053 0.271023 0.027344 0.070833
3 0.449176 0.468449 0.055469 0.144444
1 0.427778 0.370869 0.028125 0.068056
5 0.172013 0.40946 0.089062 0.179167
5 0.260117 0.446052 0.117188 0.394444
5 0.400655 0.309329 0.071094 0.15
1 0.661668 0.50248 0.030469 0.059722
5 0.330601 0.331752 0.039844 0.138889
1 0.585018 0.279306 0.020312 0.059722
1 0.560201 0.271893 0.01875 0.040278
0 0.541024 0.420151 0.021875 0.043056
5 0.644291 0.359425 0.082031 0.176389
5 0.306991 0.739386 0.260156 0.516667
2 0.650292 0.831671 0.140625 0.348611
5 0.080078 0.723611 0.217969 0.516667
1 0.380078 0.445833 0.035156 0.069444
1 0.401563 0.396528 0.029687 0.070833
5 0.452734 0.293056 0.049219 0.141667