2 0.744504 0.375742 0.025781 0.052778
2 0.764203 0.437867 0.028906 0.073611
1 0.593303 0.916179 0.069531 0.218056
2 0.301395 0.403368 0.051562 0.055556
1 0.655945 0.799633 0.04375 0.1875
2 0.518401 0.439388 0.039844 0.063889
1 0.65605 0.488468 0.01875 0.073611
3 0.5627 0.41255 0.029687 0.072222
1 0.546672 0.819892 0.071875 0.172222
3 0.308365 0.621724 0.086719 0.097222
3 0.401198 0.540099 0.090625 0.111111
3 0.601571 0.426074 0.03125 0.055556
0 0.212807 0.71687 0.033594 0.070833
2 0.56154 0.488309 0.042188 0.058333
3 0.255531 0.741527 0.085938 0.176389
0 0.153773 0.860299 0.047656 0.102778
4 0.464552 0.45104 0.075781 0.161111
5 0.372883 0.777045 0.3 0.415278
1 0.563678 0.57396 0.041406 0.118056
2 0.080859 0.820139 0.194531 0.220833
4 0.139453 0.576389 0.250781 0.269444