1 0.690223 0.343481 0.024219 0.063889
1 0.694503 0.448303 0.039062 0.056944
1 0.682979 0.747552 0.05625 0.177778
2 0.319815 0.330648 0.051562 0.059722
6 0.733967 0.660433 0.025781 0.122222
2 0.794662 0.368952 0.0375 0.088889
2 0.769836 0.306222 0.025781 0.052778
2 0.530571 0.428298 0.049219 0.098611
0 0.262686 0.935212 0.063281 0.115278
6 0.751615 0.558502 0.014062 0.123611
6 0.701521 0.596565 0.017969 0.108333
2 0.5584 0.368813 0.05 0.070833
3 0.336234 0.400803 0.063281 0.090278
1 0.426117 0.359348 0.047656 0.054167
5 0.422132 0.490172 0.175 0.318056
5 0.159297 0.710599 0.342969 0.501389
5 0.184375 0.473611 0.251563 0.247222
1 0.477344 0.947222 0.0875 0.122222