2 0.74837 0.484453 0.023438 0.086111
2 0.731704 0.423191 0.023438 0.059722
2 0.199799 0.478834 0.055469 0.052778
2 0.284968 0.447955 0.05 0.055556
2 0.142921 0.539963 0.082031 0.081944
1 0.565731 0.969039 0.085938 0.179167
1 0.627908 0.883656 0.060156 0.163889
4 0.544287 0.420425 0.059375 0.105556
0 0.487961 0.564395 0.017188 0.05
2 0.648877 0.389376 0.026563 0.051389
1 0.653081 0.732673 0.041406 0.118056
1 0.364408 0.443662 0.024219 0.059722
1 0.265183 0.888881 0.100781 0.202778
2 0.550462 0.489627 0.033594 0.081944
4 0.38743 0.584128 0.121875 0.226389
5 0.595703 0.507639 0.077344 0.181944
1 0.676562 0.365972 0.01875 0.051389