2 0.747165 0.532384 0.023438 0.086111
2 0.729727 0.472578 0.023438 0.059722
2 0.28345 0.507708 0.047656 0.052778
1 0.639479 0.927894 0.057813 0.166667
5 0.625716 0.414559 0.021875 0.05
5 0.654966 0.397625 0.022656 0.052778
5 0.438435 0.447102 0.071875 0.102778
1 0.674719 0.489167 0.017969 0.031944
1 0.61698 0.514715 0.025781 0.072222
1 0.540137 0.447707 0.01875 0.044444
0 0.340203 0.590921 0.016406 0.048611
0 0.44074 0.495259 0.011719 0.020833
4 0.157495 0.638223 0.238281 0.268056
0 0.575781 0.477778 0.0125 0.027778
0 0.553906 0.902083 0.0375 0.1125