3 0.105619 0.407664 0.05 0.127778
1 0.720469 0.357846 0.032812 0.081944
5 0.367083 0.269126 0.073437 0.125
5 0.311462 0.380477 0.165625 0.223611
5 0.180195 0.34789 0.095312 0.180556
5 0.320098 0.233756 0.050781 0.077778
5 0.259751 0.293022 0.077344 0.113889
0 0.404657 0.522885 0.021875 0.063889
1 0.623176 0.376026 0.026563 0.058333
3 0.573056 0.33405 0.039844 0.098611
3 0.513358 0.249389 0.024219 0.0625
0 0.364992 0.719989 0.017969 0.073611
2 0.436255 0.613254 0.083594 0.201389
5 0.145089 0.773825 0.274219 0.425
3 0.764533 0.667658 0.102344 0.2375
1 0.722034 0.466337 0.03125 0.098611
4 0.554117 0.229584 0.042969 0.109722
1 0.39719 0.810966 0.0875 0.208333
5 0.45069 0.204967 0.04375 0.101389
5 0.432482 0.379597 0.102344 0.254167
0 0.607251 0.278849 0.010937 0.029167
5 0.079687 0.609722 0.159375 0.230556
5 0.880078 0.622917 0.213281 0.376389
2 0.580078 0.707639 0.097656 0.298611
2 0.512891 0.259722 0.002344 0.011111
1 0.384375 0.427083 0.028125 0.059722