1 0.753984 0.530683 0.051562 0.109722
5 0.338763 0.270964 0.039844 0.138889
5 0.275447 0.352652 0.101562 0.304167
0 0.354177 0.457868 0.027344 0.083333
5 0.434504 0.223854 0.046875 0.127778
2 0.448805 0.269729 0.032812 0.076389
5 0.169243 0.32768 0.097656 0.118056
2 0.507676 0.241159 0.021875 0.038889
1 0.721088 0.400565 0.035937 0.081944
1 0.393703 0.446134 0.054688 0.095833
5 0.3925 0.330394 0.091406 0.222222
5 0.133965 0.525994 0.219531 0.379167
1 0.789488 0.860438 0.080469 0.198611
1 0.686484 0.740489 0.059375 0.166667
5 0.55201 0.421185 0.094531 0.273611
5 0.6464 0.305883 0.075 0.130556
3 0.38628 0.600287 0.121094 0.322222
1 0.172044 0.864748 0.123438 0.206944
3 0.326824 0.900961 0.134375 0.223611
2 0.303906 0.592361 0.090625 0.151389
3 0.655859 0.902778 0.153906 0.225
1 0.950391 0.922222 0.061719 0.172222
5 0.676953 0.472222 0.135156 0.263889