2 0.753774 0.536366 0.023438 0.086111
2 0.736302 0.476703 0.023438 0.059722
1 0.703392 0.479177 0.027344 0.075
1 0.608952 0.495698 0.021875 0.041667
2 0.495519 0.490139 0.04375 0.052778
2 0.528665 0.460322 0.038281 0.041667
1 0.446218 0.611655 0.033594 0.070833
5 0.576473 0.40938 0.054688 0.080556
0 0.427872 0.770857 0.04375 0.098611
0 0.376081 0.586522 0.033594 0.044444
2 0.145948 0.61536 0.076563 0.077778
2 0.203312 0.548887 0.061719 0.070833
5 0.418859 0.466486 0.089062 0.122222
5 0.333282 0.498397 0.09375 0.1125
1 0.253437 0.647935 0.057813 0.098611
1 0.648838 0.925754 0.041406 0.172222