5 0.279449 0.346744 0.101562 0.304167
5 0.173598 0.322674 0.097656 0.118056
0 0.388186 0.349357 0.020312 0.044444
1 0.933641 0.869115 0.075781 0.109722
5 0.157592 0.502428 0.185937 0.327778
5 0.652595 0.322674 0.077344 0.15
1 0.714596 0.361005 0.039844 0.076389
5 0.417193 0.259431 0.055469 0.144444
2 0.51633 0.297507 0.027344 0.073611
2 0.510359 0.205084 0.01875 0.036111
2 0.539682 0.249614 0.029687 0.063889
2 0.365043 0.42435 0.058594 0.1125
3 0.419506 0.436438 0.077344 0.1875
3 0.384412 0.601344 0.095312 0.265278
5 0.592402 0.606957 0.160938 0.4875
5 0.757552 0.567399 0.171875 0.348611
3 0.356768 0.821561 0.117969 0.301389
5 0.167606 0.741362 0.328125 0.45