5 0.87928 0.493851 0.186719 0.266667
5 0.206279 0.32727 0.151562 0.222222
5 0.413061 0.263091 0.095312 0.134722
5 0.114861 0.248249 0.071094 0.116667
1 0.13603 0.52426 0.044531 0.122222
1 0.072477 0.723324 0.06875 0.141667
0 0.186368 0.869918 0.064062 0.133333
6 0.281993 0.933179 0.032812 0.175
6 0.216415 0.810178 0.027344 0.163889
3 0.422179 0.414748 0.055469 0.105556
0 0.123402 0.660648 0.057031 0.101389
0 0.186242 0.658794 0.029687 0.098611
0 0.183951 0.478193 0.020312 0.063889
5 0.673825 0.847342 0.505469 0.438889
3 0.601371 0.435001 0.089844 0.138889
5 0.338572 0.289311 0.107031 0.159722
6 0.037653 0.596639 0.027344 0.113889
1 0.548828 0.355556 0.032031 0.088889