2 0.768713 0.427054 0.023438 0.086111
2 0.748142 0.359138 0.023438 0.059722
1 0.65871 0.549915 0.033594 0.104167
1 0.559796 0.912865 0.063281 0.120833
1 0.627249 0.451532 0.028125 0.070833
0 0.048778 0.534129 0.038281 0.058333
2 0.209857 0.435878 0.055469 0.052778
4 0.616793 0.282821 0.045313 0.077778
2 0.292484 0.406189 0.05 0.055556
2 0.147535 0.491708 0.067969 0.075
3 0.367211 0.443242 0.071094 0.113889
1 0.605287 0.682759 0.057031 0.184722
2 0.573983 0.425566 0.038281 0.059722
3 0.427028 0.515291 0.060156 0.088889
1 0.502859 0.78038 0.061719 0.184722
1 0.646366 0.664929 0.039844 0.095833
0 0.196047 0.902918 0.075781 0.109722
2 0.407839 0.622988 0.09375 0.141667
1 0.511962 0.640206 0.057031 0.126389
5 0.548164 0.319386 0.055469 0.093056
2 0.211328 0.686111 0.155469 0.227778