6 0.420828 0.946834 0.040625 0.183333
0 0.121772 0.880377 0.058594 0.141667
3 0.541871 0.524176 0.092188 0.1375
1 0.847945 0.48083 0.067188 0.152778
1 0.896089 0.501944 0.073437 0.125
0 0.256826 0.496519 0.046094 0.115278
0 0.681385 0.452445 0.035937 0.051389
6 0.500457 0.890245 0.046094 0.191667
1 0.047071 0.317865 0.039062 0.066667
1 0.041922 0.256129 0.020312 0.056944
2 0.876079 0.862924 0.114063 0.188889
3 0.231419 0.300785 0.042188 0.094444
5 0.243127 0.223016 0.083594 0.102778
2 0.902311 0.715923 0.113281 0.175
0 0.784481 0.553856 0.051562 0.080556
3 0.292315 0.310099 0.08125 0.130556
2 0.459808 0.402224 0.083594 0.109722
3 0.331641 0.8875 0.113281 0.197222
2 0.736719 0.658333 0.175 0.302778