6 0.238411 0.759951 0.040625 0.183333
6 0.038062 0.562275 0.028125 0.120833
5 1.0 0.493734 0.323438 0.383333
6 0.377909 0.898844 0.039844 0.195833
3 0.465875 0.386908 0.059375 0.098611
1 0.118125 0.270202 0.029687 0.059722
2 0.655894 0.488581 0.121875 0.2125
2 0.561887 0.410498 0.067188 0.109722
2 0.162723 0.238118 0.025781 0.063889
3 0.198213 0.269025 0.051562 0.115278
1 0.304347 0.415184 0.055469 0.130556
1 0.259327 0.48575 0.06875 0.125
1 0.069501 0.89782 0.167187 0.173611
2 0.826292 0.712052 0.182031 0.205556
1 0.089953 0.350197 0.029687 0.073611
0 0.208151 0.828276 0.058594 0.141667
6 0.573326 0.695063 0.039844 0.134722