6 0.221461 0.773926 0.040625 0.183333
6 0.037731 0.551712 0.029687 0.118056
1 0.064368 0.36581 0.038281 0.120833
6 0.366052 0.927962 0.033594 0.256944
0 0.216192 0.431916 0.024219 0.075
0 0.167558 0.32321 0.014062 0.059722
5 0.10477 0.254634 0.071875 0.155556
2 0.311089 0.250954 0.035937 0.055556
2 0.610769 0.533189 0.110937 0.1375
2 0.503496 0.387963 0.079687 0.1625
2 0.17873 0.269386 0.047656 0.081944
1 0.170042 0.516776 0.053906 0.097222
0 0.199247 0.811209 0.061719 0.138889
5 0.638381 0.346817 0.228125 0.251389
5 0.27862 0.351217 0.157031 0.230556
3 0.159379 0.235875 0.038281 0.073611
3 0.64367 0.449995 0.09375 0.155556
2 0.426952 0.577591 0.127344 0.169444
2 0.704535 0.834302 0.23125 0.233333
2 0.916227 0.748428 0.214062 0.280556
0 0.383534 0.282677 0.023438 0.043056
1 0.905469 0.432639 0.046875 0.123611
1 0.966797 0.451389 0.066406 0.138889