5 0.175805 0.291197 0.097656 0.118056
5 0.650669 0.302619 0.077344 0.15
1 0.706129 0.345416 0.035156 0.073611
5 0.92616 0.847158 0.2625 0.455556
1 0.802148 0.475653 0.047656 0.080556
3 0.509602 0.268476 0.017969 0.047222
2 0.456125 0.187337 0.023438 0.056944
2 0.457653 0.24598 0.032812 0.056944
2 0.559783 0.363781 0.027344 0.081944
5 0.526178 0.17978 0.024219 0.056944
3 0.558343 0.215584 0.017969 0.052778
1 0.343984 0.543193 0.071875 0.169444
5 0.425355 0.38688 0.110937 0.294444
5 0.388197 0.168607 0.067969 0.076389
5 0.376215 0.264606 0.0625 0.140278
5 0.207074 0.429922 0.13125 0.245833
0 0.3114 0.65736 0.039062 0.141667
0 0.329623 0.752451 0.055469 0.141667
3 0.534168 0.440052 0.046094 0.1125
1 0.843441 0.952101 0.083594 0.252778
3 0.396728 0.575779 0.116406 0.256944
0 0.55084 0.715034 0.027344 0.101389
2 0.553693 0.294738 0.023438 0.041667
1 0.113294 0.830344 0.123438 0.254167
5 0.664432 0.505147 0.148438 0.406944
3 0.317771 0.359163 0.086719 0.195833
2 0.239011 0.554494 0.13125 0.184722
1 0.382491 0.843949 0.096875 0.227778
5 0.051172 0.513889 0.177344 0.375