5 0.17669 0.300729 0.097656 0.118056
5 0.65622 0.313608 0.077344 0.15
5 0.178514 0.463887 0.171094 0.322222
5 0.301026 0.291302 0.101562 0.233333
3 0.441882 0.395172 0.067969 0.208333
2 0.408279 0.240235 0.027344 0.068056
1 0.71012 0.36111 0.035156 0.073611
2 0.571115 0.38363 0.04375 0.098611
2 0.524892 0.256989 0.030469 0.063889
5 0.450126 0.255412 0.04375 0.093056
5 0.834678 0.664592 0.225781 0.413889
2 0.583109 0.581196 0.075 0.143056
5 0.063999 0.54461 0.132031 0.372222
5 0.358757 0.388509 0.105469 0.258333
1 0.354604 0.575028 0.061719 0.159722
3 0.256294 0.70259 0.13125 0.2625
2 0.668941 0.87136 0.16875 0.293056
0 0.687303 0.659356 0.025781 0.094444