0 0.1865 0.811416 0.064062 0.133333
6 0.216353 0.756762 0.027344 0.163889
1 0.079129 0.583142 0.0625 0.148611
1 0.380443 0.328578 0.028125 0.072222
0 0.098896 0.408934 0.016406 0.047222
1 0.072366 0.364133 0.033594 0.093056
5 0.278447 0.232249 0.079687 0.120833
1 0.393278 0.290971 0.026563 0.055556
5 0.483006 0.265107 0.099219 0.1625
1 0.187827 0.600405 0.061719 0.109722
2 0.208337 0.937782 0.180469 0.113889
2 0.50831 0.683975 0.149219 0.213889
3 0.371448 0.439327 0.107813 0.186111
6 0.337672 0.900993 0.035156 0.230556
5 0.884699 0.617246 0.311719 0.538889
3 0.569531 0.485417 0.110937 0.1625
0 0.666797 0.502778 0.052344 0.086111
1 0.713672 0.413194 0.046094 0.134722
1 0.466016 0.389583 0.060156 0.120833
5 0.276953 0.536111 0.202344 0.358333
0 0.763672 0.903472 0.091406 0.165278