3 0.288831 0.227581 0.051562 0.088889
1 0.86731 0.346872 0.053906 0.120833
0 0.146783 0.778173 0.071094 0.151389
6 0.43312 0.731816 0.039844 0.198611
1 0.922118 0.357392 0.05625 0.141667
3 0.382181 0.289779 0.06875 0.141667
3 0.478166 0.371707 0.10625 0.183333
3 0.589556 0.452045 0.11875 0.186111
3 0.830598 0.571519 0.282031 0.401389
5 0.694685 0.760835 0.474219 0.477778
3 0.020992 0.21176 0.039062 0.088889
2 0.046571 0.159022 0.028125 0.066667
5 0.334853 0.165075 0.090625 0.148611
1 0.452955 0.228994 0.0375 0.081944
5 0.24078 0.133955 0.075 0.133333
3 0.26439 0.798971 0.127344 0.340278
3 0.566016 0.314583 0.091406 0.093056