2 0.749667 0.48304 0.023438 0.086111
2 0.732924 0.421833 0.023438 0.059722
2 0.2016 0.480471 0.055469 0.052778
2 0.285105 0.446498 0.05 0.055556
2 0.144559 0.541669 0.082031 0.081944
1 0.318096 0.456686 0.039844 0.076389
5 0.64554 0.412388 0.038281 0.077778
1 0.668994 0.510237 0.028125 0.056944
1 0.677158 0.471377 0.021094 0.055556
1 0.588079 0.958173 0.085938 0.179167
4 0.493973 0.490333 0.064062 0.113889
4 0.579004 0.397581 0.041406 0.077778
1 0.648971 0.858167 0.060156 0.163889
1 0.528564 0.567101 0.041406 0.086111
2 0.622863 0.407638 0.021875 0.045833
3 0.042578 0.883333 0.236719 0.286111