1 0.655282 0.386374 0.024219 0.063889
1 0.707593 0.396409 0.039062 0.056944
1 0.659418 0.755971 0.05625 0.177778
2 0.776267 0.389729 0.0375 0.088889
2 0.753271 0.318677 0.025781 0.052778
6 0.738792 0.572708 0.030469 0.123611
2 0.172043 0.437784 0.074219 0.075
2 0.220676 0.382777 0.057031 0.063889
1 0.541438 0.76366 0.085156 0.172222
1 0.382565 0.3814 0.040625 0.081944
2 0.422719 0.549267 0.075 0.145833
2 0.305009 0.349201 0.038281 0.05
1 0.712273 0.28526 0.015625 0.036111
2 0.676382 0.269842 0.020312 0.05
3 0.640967 0.268463 0.029687 0.063889
1 0.677034 0.389538 0.019531 0.063889
5 0.531202 0.280115 0.071875 0.091667
3 0.426189 0.388837 0.039062 0.068056
3 0.279758 0.439388 0.109375 0.109722
3 0.461084 0.321435 0.035937 0.045833
5 0.190732 0.720597 0.369531 0.555556