2 0.764726 0.477264 0.023438 0.086111
2 0.745166 0.414254 0.023438 0.059722
1 0.587694 0.949568 0.058594 0.172222
1 0.662441 0.851854 0.057031 0.181944
1 0.689358 0.476646 0.027344 0.075
2 0.208981 0.460701 0.057031 0.05
5 0.323879 0.433059 0.100781 0.108333
2 0.416146 0.549885 0.0625 0.073611
2 0.162066 0.524506 0.06875 0.077778
2 0.482894 0.558293 0.058594 0.127778
1 0.594964 0.502923 0.032031 0.075
2 0.245499 0.702486 0.105469 0.134722
1 0.478279 0.425378 0.023438 0.059722
1 0.41423 0.460174 0.032812 0.068056
2 0.335488 0.710627 0.092188 0.133333
2 0.381651 0.511754 0.064844 0.069444
3 0.373355 0.456875 0.045313 0.081944
5 0.557891 0.36343 0.057031 0.075
1 0.089825 0.626173 0.071875 0.126389
1 0.210938 0.859722 0.095312 0.133333
1 0.530469 0.756944 0.0625 0.169444