2 0.737326 0.550097 0.023438 0.086111
2 0.720549 0.490321 0.023438 0.059722
1 0.636422 0.925167 0.057813 0.166667
0 0.679917 0.550862 0.010937 0.044444
2 0.132485 0.618783 0.071875 0.088889
1 0.652949 0.494896 0.019531 0.044444
1 0.681672 0.480633 0.017969 0.045833
3 0.617208 0.467758 0.01875 0.05
4 0.562455 0.414691 0.046094 0.070833
5 0.38186 0.499385 0.088281 0.115278
2 0.269814 0.526171 0.054688 0.052778
1 0.56037 0.55739 0.025781 0.066667
1 0.594198 0.472368 0.021094 0.043056
1 0.621444 0.711249 0.042188 0.081944
1 0.624053 0.626617 0.035937 0.055556
2 0.190398 0.560018 0.064844 0.059722
0 0.321549 0.892361 0.035937 0.093056
5 0.17694 0.808805 0.248437 0.373611
2 0.509774 0.463337 0.029687 0.043056
1 0.492578 0.690278 0.058594 0.133333
1 0.659375 0.447222 0.014062 0.038889
3 0.111719 0.704167 0.182812 0.191667
5 0.444531 0.586111 0.132812 0.222222