2 0.772321 0.422928 0.023438 0.086111
2 0.751576 0.354965 0.023438 0.059722
1 0.655392 0.573834 0.033594 0.104167
1 0.591639 0.889311 0.063281 0.120833
1 0.634908 0.447487 0.028125 0.070833
0 0.053387 0.530776 0.038281 0.058333
2 0.213967 0.431954 0.055469 0.052778
4 0.610797 0.280279 0.045313 0.077778
2 0.296449 0.402257 0.05 0.055556
0 0.251143 0.843985 0.042969 0.084722
1 0.53931 0.582554 0.034375 0.098611
3 0.137526 0.948328 0.191406 0.148611
2 0.151883 0.487995 0.067969 0.075
5 0.53396 0.323788 0.075781 0.108333
3 0.302491 0.478224 0.071094 0.113889
3 0.107922 0.837689 0.16875 0.272222
1 0.580296 0.695944 0.046094 0.168056
1 0.522266 0.742361 0.057031 0.184722
1 0.616797 0.7 0.038281 0.1
2 0.461719 0.555556 0.079687 0.113889
2 0.587891 0.395139 0.038281 0.059722
3 0.440234 0.511111 0.060156 0.088889
2 0.276172 0.636806 0.128906 0.184722