5 0.181351 0.293422 0.097656 0.118056
5 0.658144 0.305337 0.077344 0.15
1 0.707936 0.352314 0.035156 0.073611
5 0.915383 0.755054 0.2625 0.455556
1 0.721095 0.423964 0.047656 0.080556
3 0.508208 0.217109 0.017969 0.047222
2 0.457554 0.216017 0.023438 0.056944
2 0.458848 0.278051 0.032812 0.056944
1 0.429593 0.232249 0.020312 0.0875
5 0.383643 0.311783 0.069531 0.129167
5 0.393666 0.551527 0.160938 0.479167
5 0.379805 0.206647 0.075781 0.154167
5 0.317254 0.258303 0.05625 0.118056
5 0.19152 0.441959 0.160938 0.280556
2 0.51833 0.301258 0.034375 0.079167
2 0.541494 0.271188 0.027344 0.081944
0 0.531932 0.411274 0.011719 0.034722
2 0.14269 0.751173 0.199219 0.315278
5 0.698214 0.816432 0.248437 0.484722
1 0.69793 0.578072 0.052344 0.144444
5 0.515418 0.151015 0.024219 0.056944
3 0.548319 0.192332 0.017969 0.052778
0 0.215368 0.96095 0.029687 0.063889
3 0.357422 0.825 0.160156 0.336111
1 0.308594 0.647222 0.071875 0.169444
3 0.298828 0.430556 0.124219 0.272222
5 0.074609 0.529861 0.149219 0.343056
5 0.601172 0.327083 0.086719 0.223611
2 0.566016 0.507639 0.057031 0.179167