2 0.760986 0.478817 0.023438 0.086111
2 0.741138 0.416071 0.023438 0.059722
1 0.587981 0.958098 0.058594 0.172222
1 0.663336 0.846635 0.057031 0.181944
1 0.68348 0.501317 0.027344 0.075
2 0.20513 0.467785 0.057031 0.05
5 0.327808 0.430939 0.100781 0.108333
0 0.128005 0.951563 0.038281 0.077778
2 0.456342 0.520169 0.0625 0.073611
3 0.306498 0.484195 0.075 0.079167
2 0.159964 0.532111 0.06875 0.077778
5 0.563813 0.341523 0.049219 0.073611
1 0.565894 0.638773 0.048437 0.116667
2 0.527126 0.50137 0.058594 0.127778
5 0.525369 0.371014 0.065625 0.106944
1 0.616975 0.450828 0.032031 0.075
1 0.418466 0.460906 0.035937 0.076389
2 0.248437 0.600694 0.090625 0.106944
1 0.324219 0.516667 0.045313 0.088889
2 0.316016 0.650694 0.105469 0.134722
2 0.405469 0.624306 0.078125 0.115278
1 0.396484 0.695139 0.078906 0.145833
1 0.382812 0.840278 0.095312 0.2
4 0.039844 0.820139 0.167187 0.340278