1 0.665233 0.383873 0.024219 0.063889
1 0.693115 0.432522 0.039062 0.056944
1 0.667402 0.77736 0.05625 0.177778
2 0.777617 0.408025 0.0375 0.088889
2 0.75392 0.336858 0.025781 0.052778
6 0.732449 0.578112 0.030469 0.123611
2 0.160711 0.456644 0.074219 0.075
2 0.222294 0.40214 0.057031 0.063889
2 0.464663 0.523203 0.059375 0.123611
5 0.452323 0.340123 0.114063 0.129167
1 0.2532 0.456716 0.070312 0.105556
1 0.524285 0.871674 0.085156 0.172222
5 0.298112 0.626353 0.283594 0.448611
3 0.091797 0.579861 0.171094 0.170833