2 0.756651 0.475956 0.023438 0.086111
2 0.739645 0.417033 0.023438 0.059722
1 0.586574 0.925042 0.063281 0.120833
2 0.206097 0.484374 0.055469 0.052778
2 0.290954 0.441819 0.05 0.055556
1 0.666416 0.582389 0.039844 0.080556
2 0.155557 0.542025 0.082031 0.081944
1 0.693875 0.458532 0.032031 0.084722
1 0.19933 0.535733 0.05 0.113889
1 0.509388 0.701524 0.039844 0.115278
4 0.650382 0.363256 0.029687 0.052778
4 0.637899 0.348661 0.025 0.068056
2 0.129539 0.981128 0.175 0.215278
1 0.630875 0.560608 0.032031 0.108333
3 0.520859 0.459475 0.057813 0.116667
3 0.085337 0.838406 0.151562 0.170833