1 0.63494 0.515844 0.024219 0.063889
2 0.797742 0.428574 0.0375 0.088889
2 0.769116 0.374591 0.025781 0.052778
1 0.698392 0.381306 0.021875 0.051389
1 0.684766 0.448926 0.035156 0.070833
0 0.429465 0.440131 0.03125 0.043056
5 0.639608 0.326388 0.042188 0.0875
5 0.678841 0.341096 0.039062 0.077778
1 0.62271 0.688021 0.055469 0.097222
1 0.683723 0.829911 0.059375 0.188889
6 0.621858 0.860271 0.029687 0.151389
2 0.584515 0.447017 0.057031 0.115278
3 0.550743 0.404413 0.052344 0.119444
2 0.503233 0.399129 0.038281 0.055556
5 0.280389 0.471347 0.157031 0.213889
2 0.173986 0.512112 0.060156 0.084722
2 0.240625 0.813889 0.175 0.305556
2 0.317187 0.6625 0.095312 0.102778