1 0.91791 0.377954 0.053906 0.120833
1 0.869277 0.365154 0.038281 0.115278
5 0.69594 0.766272 0.471094 0.477778
3 0.13902 0.445305 0.094531 0.177778
3 0.342201 0.282723 0.071094 0.102778
3 0.537334 0.39477 0.120312 0.195833
3 0.418976 0.314651 0.080469 0.144444
0 0.141507 0.775364 0.060156 0.138889
0 0.88784 0.525975 0.053125 0.081944
1 0.035025 0.701741 0.053906 0.125
5 0.557422 0.277083 0.171094 0.215278
5 0.40625 0.238194 0.13125 0.173611
3 0.737891 0.563889 0.158594 0.258333
1 0.800391 0.425 0.075781 0.144444
0 0.208594 0.315972 0.017188 0.059722
0 0.18125 0.2875 0.015625 0.038889
0 0.156641 0.234028 0.013281 0.043056