2 0.749324 0.385235 0.025781 0.052778
2 0.768779 0.446971 0.028906 0.073611
0 0.060315 0.549011 0.04375 0.052778
2 0.164605 0.507567 0.071875 0.070833
2 0.214973 0.454687 0.057031 0.056944
5 0.557529 0.620907 0.125781 0.305556
1 0.596328 0.951261 0.069531 0.218056
2 0.296407 0.42279 0.051562 0.055556
2 0.386867 0.5494 0.057031 0.0625
1 0.664239 0.811733 0.04375 0.1875
0 0.337835 0.455909 0.040625 0.05
1 0.418483 0.916934 0.0875 0.2875
0 0.188102 0.890714 0.04375 0.088889
2 0.298273 0.626558 0.074219 0.118056
1 0.674427 0.398237 0.022656 0.052778
1 0.69429 0.411322 0.020312 0.045833
4 0.616407 0.346159 0.030469 0.070833
3 0.490411 0.531166 0.042969 0.077778
3 0.471744 0.481161 0.032031 0.086111
5 0.521622 0.336076 0.075781 0.104167
2 0.314791 0.697326 0.11875 0.193056
0 0.201223 0.545937 0.049219 0.084722
3 0.529297 0.428472 0.053906 0.079167
3 0.446875 0.657639 0.09375 0.176389
3 0.18125 0.728472 0.151562 0.2625