2 0.744568 0.386401 0.025781 0.052778
2 0.764227 0.448213 0.028906 0.073611
0 0.06035 0.552098 0.04375 0.052778
2 0.158084 0.506596 0.071875 0.070833
2 0.211559 0.448193 0.057031 0.056944
5 0.54705 0.610757 0.125781 0.305556
1 0.596446 0.934231 0.069531 0.218056
2 0.302076 0.413059 0.051562 0.055556
1 0.664592 0.815538 0.04375 0.1875
1 0.633051 0.468555 0.022656 0.052778
1 0.685275 0.42706 0.020312 0.045833
3 0.414746 0.598606 0.060156 0.1
3 0.414661 0.530127 0.057813 0.0875
3 0.482769 0.471029 0.065625 0.1
0 0.429646 0.405302 0.025781 0.047222
0 0.464083 0.366975 0.015625 0.031944
2 0.194027 0.829507 0.135937 0.247222
2 0.213211 0.706291 0.109375 0.154167
2 0.30958 0.629416 0.075 0.116667
0 0.321792 0.718934 0.024219 0.0625
3 0.259044 0.893689 0.135937 0.220833
0 0.408993 0.75026 0.029687 0.0875
4 0.577165 0.366816 0.047656 0.095833
1 0.675289 0.370178 0.025781 0.056944
5 0.582357 0.295333 0.049219 0.070833
1 0.47923 0.634266 0.03125 0.152778
3 0.047266 0.834722 0.142969 0.238889
0 0.115625 0.679167 0.04375 0.055556
0 0.619141 0.393056 0.016406 0.036111
2 0.605859 0.352778 0.041406 0.052778