5 0.170127 0.299434 0.097656 0.118056
5 0.647291 0.313331 0.077344 0.15
1 0.709309 0.356676 0.035156 0.073611
1 0.688759 0.390645 0.047656 0.080556
0 0.214279 0.572834 0.028125 0.098611
5 0.558885 0.226942 0.039062 0.095833
5 0.390082 0.163855 0.04375 0.081944
1 0.789492 0.482728 0.033594 0.068056
5 0.441865 0.27014 0.053906 0.136111
1 0.274201 0.495058 0.059375 0.1375
1 0.429115 0.535765 0.0375 0.156944
1 0.386646 0.409973 0.033594 0.104167
2 0.313763 0.418959 0.075781 0.130556
3 0.435886 0.399393 0.055469 0.133333
3 0.358553 0.291909 0.083594 0.1375
5 0.323429 0.261879 0.074219 0.141667
5 0.390947 0.257998 0.057031 0.147222
5 0.211565 0.445382 0.152344 0.297222
2 0.612293 0.55914 0.067969 0.141667
3 0.526656 0.447779 0.0375 0.106944
3 0.600234 0.346836 0.045313 0.105556
1 0.065402 0.802418 0.099219 0.229167
2 0.616382 0.849324 0.103125 0.338889
5 0.890096 0.73654 0.220313 0.404167
5 0.068455 0.528747 0.136719 0.344444
5 0.320158 0.720698 0.2125 0.522222
2 0.508594 0.191667 0.017188 0.05