6 0.335191 0.769346 0.040625 0.183333
0 0.113212 0.886797 0.058594 0.141667
2 0.893416 0.856686 0.198437 0.25
3 0.540078 0.524935 0.092188 0.1375
1 0.047941 0.326752 0.057031 0.109722
0 0.707716 0.506775 0.032031 0.055556
1 0.84323 0.476744 0.067188 0.152778
1 0.893885 0.484376 0.073437 0.125
2 0.697324 0.614952 0.145313 0.251389
3 0.279732 0.298335 0.060938 0.120833
2 0.410875 0.365969 0.051562 0.093056
0 0.37114 0.632652 0.046094 0.115278
0 0.634531 0.420003 0.035937 0.051389
6 0.473032 0.892107 0.046094 0.191667
6 0.425117 0.868242 0.032031 0.130556
2 0.875502 0.715072 0.18125 0.229167
1 0.379952 0.922791 0.116406 0.1375