6 0.232243 0.775259 0.040625 0.183333
6 0.36882 0.932994 0.033594 0.256944
2 0.357019 0.311466 0.035937 0.055556
1 0.143316 0.474262 0.053906 0.097222
0 0.201812 0.833384 0.061719 0.138889
5 0.677987 0.372465 0.228125 0.251389
0 0.434836 0.3312 0.023438 0.043056
1 0.907695 0.43678 0.046875 0.123611
1 0.966685 0.458985 0.066406 0.138889
1 0.476758 0.7385 0.13125 0.202778
6 0.038889 0.560607 0.028125 0.120833
2 0.460455 0.577076 0.120312 0.144444
2 0.781316 0.666365 0.175 0.1875
3 0.766185 0.508131 0.13125 0.163889
2 0.55089 0.456841 0.105469 0.166667
1 0.070312 0.34375 0.035937 0.084722
5 0.097266 0.243056 0.046094 0.116667
5 0.219922 0.285417 0.097656 0.159722
2 0.145703 0.235417 0.028906 0.054167
2 0.306641 0.441667 0.080469 0.113889