5 0.285937 0.636806 0.34375 0.4875
5 0.54375 0.363889 0.120312 0.233333
0 0.5 0.570833 0.035937 0.075
0 0.585938 0.510417 0.021875 0.0875
1 0.754297 0.306944 0.024219 0.063889
1 0.698438 0.477083 0.039062 0.056944
1 0.711719 0.719444 0.05625 0.177778
2 0.644922 0.295139 0.035156 0.0875
3 0.06875 0.608333 0.1375 0.177778
2 0.119922 0.509722 0.099219 0.113889
2 0.271094 0.34375 0.060938 0.056944
2 0.35 0.315972 0.051562 0.059722
5 0.229687 0.897222 0.323438 0.230556
6 0.78125 0.521528 0.017188 0.118056
6 0.749219 0.518056 0.021875 0.102778
6 0.758984 0.627778 0.025781 0.122222
6 0.754297 0.958333 0.032031 0.077778
2 0.830469 0.323611 0.0375 0.088889
2 0.805078 0.270833 0.025781 0.052778