5 0.176329 0.303998 0.097656 0.118056
5 0.648302 0.319638 0.077344 0.15
5 0.192711 0.450157 0.171094 0.322222
5 0.332947 0.278669 0.101562 0.233333
1 0.712421 0.360564 0.035156 0.073611
0 0.320969 0.456977 0.038281 0.104167
5 0.882969 0.745663 0.2625 0.455556
5 0.51885 0.19685 0.032031 0.084722
1 0.558397 0.220345 0.017188 0.048611
5 0.408901 0.274851 0.066406 0.202778
3 0.456652 0.26053 0.032031 0.102778
1 0.115181 0.719088 0.096094 0.2375
2 0.560874 0.456905 0.042969 0.090278
2 0.419836 0.471403 0.071875 0.127778
3 0.375264 0.383641 0.054688 0.105556
1 0.395342 0.331206 0.034375 0.055556
1 0.351225 0.488327 0.058594 0.145833
2 0.310672 0.815973 0.151562 0.209722
2 0.703906 0.822917 0.153125 0.329167
5 0.065625 0.552083 0.125 0.390278
0 0.671484 0.644444 0.017969 0.05
1 0.738281 0.595833 0.035937 0.122222