2 0.755754 0.476111 0.023438 0.086111
2 0.738997 0.417168 0.023438 0.059722
1 0.585794 0.925065 0.063281 0.120833
2 0.205324 0.484265 0.055469 0.052778
2 0.289937 0.442317 0.05 0.055556
1 0.66891 0.574883 0.039844 0.080556
2 0.154634 0.541264 0.082031 0.081944
1 0.689286 0.476514 0.032031 0.084722
1 0.217845 0.514485 0.05 0.113889
4 0.643489 0.370303 0.029687 0.052778
4 0.624744 0.361216 0.025 0.068056
1 0.637973 0.528835 0.032031 0.108333
3 0.492865 0.489822 0.057813 0.116667
1 0.687296 0.367686 0.01875 0.036111
3 0.059375 0.871528 0.139062 0.145833
1 0.488672 0.714583 0.055469 0.165278