0 0.486624 0.344026 0.020312 0.065278
2 0.498283 0.30382 0.050781 0.098611
0 0.348666 0.459169 0.049219 0.105556
3 0.428625 0.43943 0.140625 0.259722
1 0.30787 0.412943 0.060938 0.144444
5 0.900348 0.766568 0.226562 0.379167
0 0.269117 0.656377 0.064844 0.158333
5 0.098803 0.409961 0.177344 0.230556
1 0.315288 0.482736 0.091406 0.181944
5 0.270748 0.3565 0.164844 0.238889
5 0.420608 0.304684 0.108594 0.2
5 0.458742 0.183474 0.077344 0.101389
5 0.519105 0.199226 0.067969 0.123611
0 0.518929 0.62143 0.030469 0.075
4 0.583256 0.316059 0.073437 0.223611
2 0.050094 0.851032 0.076563 0.209722
2 0.348694 0.63968 0.1375 0.230556
5 0.687601 0.302971 0.105469 0.191667
5 0.771203 0.384373 0.130469 0.3
2 0.617726 0.674672 0.085156 0.269444
2 0.190015 0.94277 0.196094 0.108333
5 0.072656 0.597917 0.145313 0.345833
3 0.828906 0.536111 0.089062 0.166667