1 0.632689 0.542178 0.024219 0.063889
2 0.798926 0.432859 0.0375 0.088889
2 0.770362 0.379205 0.025781 0.052778
1 0.699875 0.385729 0.021875 0.051389
1 0.686237 0.453382 0.035156 0.070833
0 0.437891 0.430397 0.03125 0.043056
5 0.641175 0.331118 0.042188 0.0875
5 0.680304 0.345537 0.039062 0.077778
1 0.628269 0.687754 0.055469 0.097222
1 0.683993 0.827633 0.059375 0.188889
6 0.619367 0.868236 0.029687 0.151389
2 0.566629 0.477999 0.057031 0.115278
3 0.544825 0.424465 0.052344 0.119444
2 0.509057 0.391017 0.038281 0.055556
5 0.313854 0.450442 0.157031 0.213889
2 0.187484 0.510434 0.060156 0.084722
2 0.227657 0.838035 0.175 0.305556
2 0.311623 0.677333 0.095312 0.102778