2 0.73772 0.549808 0.023438 0.086111
2 0.720776 0.489906 0.023438 0.059722
1 0.634884 0.925754 0.057813 0.166667
0 0.674747 0.561921 0.010937 0.044444
2 0.132782 0.618888 0.071875 0.088889
1 0.653324 0.487659 0.019531 0.044444
1 0.682006 0.464934 0.017969 0.045833
3 0.625341 0.463395 0.01875 0.05
4 0.558872 0.41021 0.046094 0.070833
3 0.423154 0.506404 0.070312 0.093056
5 0.381298 0.503737 0.088281 0.115278
2 0.269935 0.526395 0.054688 0.052778
1 0.566962 0.545956 0.025781 0.066667
1 0.594397 0.472612 0.021094 0.043056
1 0.621777 0.711153 0.042188 0.081944
1 0.624448 0.626595 0.035937 0.055556
5 0.454875 0.586257 0.117188 0.194444
2 0.190551 0.560048 0.064844 0.059722
0 0.35625 0.849306 0.035937 0.093056
5 0.208594 0.785417 0.248437 0.373611
2 0.510156 0.463194 0.029687 0.043056
3 0.083203 0.752083 0.178906 0.243056
1 0.510938 0.683333 0.051562 0.119444