5 0.885408 0.65763 0.222656 0.3875
1 0.715784 0.384622 0.044531 0.084722
5 0.347783 0.265701 0.061719 0.084722
5 0.280537 0.310601 0.091406 0.156944
5 0.182995 0.380077 0.100781 0.190278
5 0.402299 0.305399 0.039844 0.094444
2 0.45936 0.321072 0.039844 0.091667
3 0.445284 0.417574 0.039844 0.080556
5 0.543217 0.21964 0.026563 0.059722
1 0.602691 0.300865 0.019531 0.043056
5 0.281562 0.458253 0.145313 0.329167
5 0.444992 0.168709 0.033594 0.05
0 0.530759 0.567382 0.017969 0.054167
5 0.454702 0.24586 0.0625 0.123611
5 0.543132 0.361033 0.05625 0.165278
2 0.506105 0.257987 0.021875 0.052778
3 0.390749 0.411122 0.065625 0.070833
3 0.602588 0.941744 0.134375 0.236111
2 0.588609 0.613503 0.064844 0.176389
1 0.646738 0.393953 0.035156 0.088889
0 0.772977 0.773097 0.033594 0.079167
5 0.38333 0.682688 0.207031 0.541667
5 0.12355 0.69291 0.250781 0.595833
6 0.614062 0.858333 0.0375 0.088889
6 0.579297 0.855556 0.032031 0.1