1 0.591259 0.901653 0.063281 0.120833
0 0.04836 0.564928 0.038281 0.058333
2 0.209663 0.44942 0.055469 0.052778
2 0.292018 0.418832 0.05 0.055556
1 0.599888 0.642315 0.041406 0.141667
3 0.533918 0.353674 0.032031 0.066667
0 0.582308 0.468335 0.014062 0.041667
0 0.363636 0.464653 0.03125 0.052778
1 0.636861 0.644703 0.039844 0.080556
2 0.157917 0.523444 0.082031 0.081944
1 0.594993 0.540707 0.024219 0.1
1 0.665952 0.529942 0.032031 0.084722
2 0.442287 0.589866 0.078125 0.130556
3 0.358594 0.578472 0.084375 0.118056
3 0.3125 0.647222 0.1 0.147222
2 0.151172 0.872222 0.166406 0.186111