5 0.88005 0.6047 0.222656 0.3875
1 0.722469 0.342788 0.044531 0.084722
2 0.522281 0.247742 0.028906 0.056944
0 0.623751 0.339113 0.019531 0.036111
5 0.506075 0.193409 0.029687 0.061111
5 0.315251 0.383933 0.141406 0.206944
5 0.452119 0.296447 0.085156 0.233333
5 0.445168 0.200389 0.048437 0.115278
5 0.380662 0.238579 0.065625 0.094444
5 0.328462 0.242867 0.061719 0.084722
5 0.277655 0.311752 0.091406 0.156944
5 0.176875 0.36203 0.100781 0.190278
3 0.098124 0.410818 0.060156 0.123611
2 0.435723 0.475749 0.0625 0.147222
1 0.388408 0.549227 0.058594 0.198611
3 0.964089 0.948698 0.172656 0.354167
1 0.745562 0.551884 0.039844 0.120833
5 0.175003 0.694475 0.260156 0.523611
1 0.387531 0.413066 0.04375 0.068056
6 0.376267 0.628553 0.05 0.1
1 0.686248 0.683927 0.059375 0.155556
3 0.621657 0.476849 0.05625 0.169444
3 0.518515 0.315696 0.029687 0.094444
4 0.577858 0.290503 0.065625 0.195833
5 0.061719 0.722222 0.153125 0.519444
3 0.360547 0.90625 0.107031 0.1125
0 0.432031 0.395833 0.015625 0.027778