5 0.180235 0.295884 0.097656 0.118056
5 0.660438 0.314105 0.077344 0.15
1 0.711228 0.367537 0.035156 0.073611
5 0.921609 0.770555 0.2625 0.455556
2 0.5102 0.272118 0.017969 0.05
1 0.726886 0.442942 0.047656 0.080556
3 0.265508 0.494811 0.180469 0.372222
1 0.661282 0.477602 0.05 0.093056
3 0.506663 0.193341 0.017969 0.047222
2 0.536513 0.253632 0.019531 0.047222
2 0.458403 0.239553 0.023438 0.056944
2 0.446308 0.30348 0.032812 0.056944
1 0.432033 0.252982 0.020312 0.0875
2 0.542146 0.385877 0.035937 0.091667
5 0.382649 0.314142 0.069531 0.129167
1 0.245803 0.808391 0.107813 0.234722
5 0.607497 0.574527 0.160156 0.411111
5 0.581744 0.294044 0.057813 0.183333
5 0.386528 0.588179 0.160938 0.479167
5 0.378516 0.209028 0.075781 0.154167
5 0.316406 0.260417 0.05625 0.118056
5 0.190625 0.444444 0.160938 0.280556
5 0.082422 0.533333 0.164844 0.35
2 0.097656 0.850694 0.195312 0.2875