5 0.85521 0.749682 0.2125 0.463889
1 0.528901 0.294113 0.021875 0.056944
1 0.510103 0.25126 0.020312 0.052778
1 0.34864 0.245207 0.071875 0.131944
2 0.3847 0.505323 0.065625 0.140278
5 0.376214 0.358708 0.09375 0.219444
5 0.269426 0.257665 0.0625 0.101389
2 0.271792 0.3343 0.048437 0.066667
3 0.327951 0.724731 0.197656 0.365278
3 0.476958 0.196619 0.027344 0.059722
3 0.764755 0.543078 0.085938 0.163889
5 0.617949 0.38201 0.134375 0.208333
5 0.229139 0.552677 0.182812 0.381944
5 0.167855 0.427062 0.145313 0.259722
5 0.058594 0.514583 0.117188 0.279167
2 0.483594 0.336111 0.03125 0.077778
0 0.484375 0.275694 0.014062 0.029167
1 0.051953 0.880556 0.103906 0.233333