6 0.364262 0.741232 0.035156 0.176389
1 0.611789 0.299312 0.041406 0.084722
1 0.052866 0.337085 0.065625 0.148611
5 0.695359 0.78236 0.471094 0.463889
3 0.346495 0.269436 0.0625 0.130556
3 0.269614 0.22929 0.048437 0.094444
5 1.0 0.472903 0.239063 0.359722
3 0.414785 0.332613 0.08125 0.152778
5 0.270409 0.342338 0.16875 0.245833
3 0.163451 0.51064 0.098438 0.2375
3 0.559521 0.402115 0.171094 0.230556
3 0.831136 0.64888 0.160938 0.258333
1 0.767578 0.388889 0.083594 0.141667
1 0.855078 0.371528 0.063281 0.134722