6 0.226889 0.753218 0.040625 0.183333
1 0.286259 0.952667 0.196875 0.105556
5 0.114764 0.287751 0.114844 0.194444
6 0.033353 0.564358 0.029687 0.118056
1 0.054375 0.388802 0.038281 0.120833
5 0.956778 0.499467 0.339063 0.343056
5 0.630682 0.339684 0.207031 0.2625
0 0.393132 0.682105 0.071875 0.155556
2 0.435595 0.326057 0.060938 0.111111
2 0.248509 0.369159 0.072656 0.102778
0 0.226191 0.431074 0.029687 0.077778
1 0.968053 0.731686 0.109375 0.198611
3 0.199744 0.270452 0.059375 0.109722
3 0.146307 0.238496 0.033594 0.105556
6 0.366897 0.890163 0.057031 0.206944
3 0.520995 0.356973 0.067969 0.123611
2 0.645298 0.562467 0.121094 0.198611
5 0.447554 0.521031 0.272656 0.423611
1 0.225391 0.60625 0.063281 0.131944
0 0.203906 0.811806 0.065625 0.151389