0 0.191591 0.787981 0.064062 0.133333
0 0.09561 0.316171 0.016406 0.047222
1 0.074024 0.311615 0.033594 0.093056
5 0.551605 0.290376 0.121094 0.184722
6 0.362397 0.879819 0.045313 0.204167
6 0.038814 0.437897 0.025781 0.106944
1 0.475031 0.74417 0.121094 0.244444
3 0.23026 0.27566 0.064844 0.119444
0 0.402399 0.479462 0.039844 0.088889
5 0.242879 0.47265 0.182812 0.313889
1 0.477776 0.642729 0.101562 0.208333
2 0.704084 0.79934 0.236719 0.256944
1 0.845564 0.488771 0.071094 0.1375
1 0.926926 0.683103 0.114844 0.1875
1 0.123207 0.487469 0.047656 0.109722
1 0.087554 0.543073 0.051562 0.123611
6 0.221237 0.760414 0.040625 0.183333
2 0.150606 0.894889 0.189844 0.194444
0 0.546548 0.918122 0.042188 0.098611
1 0.646015 0.515145 0.074219 0.158333
1 0.639456 0.443925 0.064844 0.119444
5 0.424395 0.294837 0.159375 0.225
1 0.895312 0.419444 0.028125 0.122222
1 0.935156 0.432639 0.040625 0.123611