1 0.663178 0.53412 0.033594 0.104167
1 0.588751 0.906811 0.063281 0.120833
1 0.612217 0.495503 0.028125 0.070833
0 0.045079 0.540392 0.038281 0.058333
2 0.206314 0.441052 0.055469 0.052778
2 0.288908 0.411399 0.05 0.055556
2 0.157151 0.498227 0.067969 0.075
1 0.443338 0.895968 0.061719 0.184722
1 0.631756 0.667697 0.039844 0.095833
5 0.578417 0.2901 0.055469 0.093056
1 0.597822 0.657022 0.041406 0.141667
0 0.585575 0.808157 0.035937 0.063889
2 0.507352 0.500042 0.05 0.091667
2 0.263673 0.772066 0.141406 0.209722
1 0.417314 0.814837 0.078125 0.183333
3 0.47979 0.367124 0.032031 0.066667
0 0.186642 0.571783 0.04375 0.073611
2 0.071094 0.820833 0.175 0.255556
3 0.372266 0.575 0.078906 0.125
3 0.4 0.518056 0.067188 0.088889
0 0.614062 0.409722 0.014062 0.041667