5 0.175512 0.312279 0.097656 0.118056
5 0.653901 0.325232 0.077344 0.15
2 0.515036 0.227454 0.01875 0.036111
2 0.546283 0.2833 0.029687 0.063889
1 0.919363 0.756779 0.069531 0.109722
5 0.176339 0.476292 0.171094 0.322222
5 0.294593 0.291141 0.101562 0.233333
2 0.533761 0.386846 0.038281 0.083333
0 0.625383 0.48104 0.014062 0.056944
3 0.420483 0.526284 0.067969 0.208333
3 0.412824 0.406908 0.060156 0.109722
3 0.443532 0.321014 0.051562 0.134722
5 0.424317 0.214932 0.035937 0.131944
2 0.39588 0.318541 0.027344 0.068056
5 0.280295 0.592364 0.214844 0.525
5 0.710815 0.769951 0.3125 0.509722
1 0.7078 0.363916 0.035156 0.073611
2 0.553859 0.576625 0.044531 0.188889
5 0.797297 0.634695 0.200781 0.381944
1 0.317187 0.911111 0.095312 0.166667
5 0.076563 0.540278 0.153125 0.386111