0 0.201731 0.809435 0.064062 0.133333
6 0.369939 0.878715 0.045313 0.204167
6 0.042063 0.430421 0.025781 0.106944
3 0.183535 0.214967 0.064844 0.119444
5 0.209591 0.447532 0.182812 0.313889
1 0.099448 0.431953 0.047656 0.109722
1 0.077866 0.518979 0.051562 0.123611
6 0.22886 0.770617 0.040625 0.183333
1 0.318458 0.424745 0.071094 0.102778
0 0.284357 0.366604 0.028125 0.077778
1 0.908288 0.419085 0.046094 0.109722
1 0.954709 0.437352 0.046094 0.130556
1 0.328975 0.520014 0.071094 0.152778
1 0.987043 0.567307 0.08125 0.172222
2 0.098802 0.861248 0.194531 0.202778
5 0.557422 0.3875 0.230469 0.316667
5 0.617969 0.343056 0.196875 0.283333
5 0.384766 0.215972 0.113281 0.168056
1 0.308203 0.247222 0.039844 0.091667
1 0.462891 0.613194 0.082031 0.159722
2 0.422266 0.518056 0.091406 0.130556
0 0.367188 0.663889 0.045313 0.116667
0 0.743359 0.828472 0.074219 0.1625
3 0.570312 0.8375 0.157813 0.283333
2 0.243359 0.215972 0.042969 0.076389