2 0.740242 0.545438 0.023438 0.086111
2 0.723188 0.485665 0.023438 0.059722
1 0.643746 0.93208 0.057813 0.166667
1 0.644823 0.551661 0.017969 0.031944
1 0.605522 0.519955 0.024219 0.043056
0 0.649018 0.616798 0.020312 0.070833
1 0.373765 0.512148 0.030469 0.048611
1 0.580694 0.823872 0.051562 0.125
5 0.557458 0.481415 0.054688 0.119444
4 0.507859 0.428544 0.0625 0.105556
1 0.626556 0.466585 0.020312 0.041667
5 0.461065 0.56465 0.089844 0.170833
0 0.571068 0.552241 0.010937 0.044444
3 0.217436 0.636764 0.13125 0.176389
5 0.269792 0.565762 0.120312 0.168056
2 0.133594 0.623611 0.071875 0.088889
2 0.420312 0.51875 0.028125 0.054167
0 0.358984 0.582639 0.017969 0.045833