6 0.400224 0.716435 0.035156 0.176389
0 0.138297 0.815919 0.064844 0.141667
5 0.676243 0.802102 0.448438 0.4
3 0.372487 0.332414 0.061719 0.1125
3 0.306024 0.277804 0.053906 0.1
1 0.436544 0.24285 0.041406 0.084722
3 0.497852 0.368848 0.132031 0.1875
1 0.154542 0.507683 0.065625 0.148611
5 0.558666 0.556482 0.33125 0.322222
1 0.531414 0.285566 0.038281 0.065278
3 0.292969 0.914583 0.128125 0.193056
3 0.717188 0.556944 0.076563 0.180556
3 0.239453 0.223611 0.047656 0.105556
5 0.778906 0.402083 0.320312 0.365278