2 0.744835 0.533366 0.023438 0.086111
2 0.727515 0.473512 0.023438 0.059722
1 0.64687 0.919377 0.057813 0.166667
1 0.666183 0.502192 0.017969 0.031944
1 0.574819 0.581613 0.025781 0.072222
0 0.43788 0.521674 0.016406 0.048611
0 0.485923 0.465424 0.011719 0.020833
5 0.595183 0.438568 0.047656 0.076389
5 0.636762 0.408244 0.035156 0.066667
4 0.341127 0.532457 0.153906 0.1875
2 0.140985 0.617125 0.085156 0.090278
1 0.66967 0.424511 0.024219 0.043056
2 0.196553 0.547319 0.063281 0.052778
0 0.604729 0.777003 0.020312 0.070833
0 0.504709 0.548916 0.017188 0.030556
5 0.462049 0.446705 0.053125 0.076389
2 0.091406 0.779167 0.123438 0.130556
5 0.019531 0.721528 0.075 0.2125