2 0.241819 0.883738 0.186719 0.166667
2 0.341967 0.638963 0.124219 0.201389
2 0.424461 0.461258 0.089062 0.145833
2 0.526774 0.214471 0.023438 0.073611
1 0.208996 0.670657 0.107031 0.222222
1 0.333299 0.378558 0.060156 0.119444
1 0.411385 0.347584 0.039844 0.084722
1 0.372429 0.336551 0.033594 0.090278
5 0.070434 0.533044 0.146094 0.341667
5 0.269014 0.33965 0.175 0.238889
5 0.102696 0.391008 0.190625 0.238889
5 0.4832 0.21088 0.067188 0.116667
5 0.554856 0.158432 0.041406 0.115278
3 0.486573 0.31343 0.083594 0.136111
3 0.843432 0.540891 0.0875 0.219444
4 0.520696 0.732986 0.252344 0.572222
5 0.758687 0.390178 0.126563 0.291667
5 0.65596 0.326104 0.113281 0.204167
5 0.637077 0.142606 0.038281 0.080556
0 0.116739 0.896569 0.077344 0.1625
2 0.044922 0.83125 0.089844 0.220833
5 0.919531 0.834028 0.171875 0.3125