1 0.239382 0.284993 0.03125 0.070833
3 0.464686 0.3367 0.002344 0.011111
5 0.184275 0.308688 0.104687 0.122222
1 0.395433 0.289063 0.032031 0.052778
5 0.280987 0.277193 0.071094 0.1
3 0.398334 0.195155 0.0375 0.0625
5 0.469546 0.1485 0.046094 0.090278
5 0.55623 0.288071 0.0625 0.172222
5 0.126555 0.489902 0.232812 0.376389
1 0.21459 0.58718 0.079687 0.190278
5 0.437094 0.307654 0.075 0.227778
5 0.307456 0.422721 0.125781 0.304167
3 0.457282 0.205169 0.035937 0.0625
5 0.58489 0.228841 0.041406 0.102778
5 0.326711 0.207885 0.069531 0.077778
2 0.416263 0.521602 0.083594 0.165278
1 0.126718 0.879898 0.099219 0.148611
5 0.042749 0.755877 0.077344 0.405556
5 0.817187 0.698611 0.335938 0.577778