1 0.916265 0.413461 0.073437 0.125
3 0.326871 0.306062 0.042188 0.094444
6 0.403714 0.740913 0.035156 0.176389
3 0.624137 0.5166 0.116406 0.148611
3 0.282097 0.269226 0.055469 0.109722
3 0.419311 0.354929 0.109375 0.158333
0 0.903771 0.480779 0.051562 0.073611
5 0.480683 0.286883 0.149219 0.201389
2 0.780097 0.543147 0.120312 0.1875
1 0.241929 0.656608 0.08125 0.201389
2 0.877417 0.628789 0.15625 0.172222
1 0.865689 0.419011 0.059375 0.127778
0 0.143182 0.830769 0.064844 0.141667
5 0.690625 0.806944 0.448438 0.4