5 0.886485 0.754003 0.2125 0.463889
3 0.786833 0.538315 0.047656 0.144444
1 0.549634 0.251271 0.021875 0.056944
1 0.538503 0.231216 0.020312 0.052778
1 0.381285 0.253503 0.071875 0.131944
1 0.687319 0.373041 0.034375 0.070833
5 0.611773 0.332046 0.091406 0.190278
5 0.642427 0.296392 0.064062 0.163889
2 0.506811 0.26116 0.024219 0.065278
2 0.410688 0.559207 0.065625 0.140278
3 0.349969 0.823054 0.194531 0.347222
5 0.248397 0.600027 0.229687 0.452778
5 0.406066 0.373538 0.09375 0.219444
5 0.214263 0.399155 0.163281 0.230556
5 0.314402 0.249294 0.0625 0.101389
2 0.321543 0.323712 0.048437 0.066667
5 0.077734 0.513194 0.155469 0.331944
2 0.595312 0.633333 0.1 0.269444