1 0.918637 0.367719 0.053906 0.120833
0 0.149509 0.778376 0.071094 0.151389
1 0.861113 0.366093 0.038281 0.115278
0 0.775646 0.449957 0.036719 0.075
0 0.244119 0.337999 0.032031 0.075
0 0.193833 0.268264 0.011719 0.052778
0 0.284395 0.385178 0.034375 0.086111
5 0.696944 0.759285 0.471094 0.477778
3 0.166229 0.483995 0.094531 0.177778
3 0.870155 0.536464 0.14375 0.222222
3 0.689962 0.527648 0.142969 0.226389
1 0.046094 0.627778 0.059375 0.108333
1 0.703516 0.368056 0.064844 0.127778
5 0.505078 0.25 0.149219 0.194444
5 0.349609 0.20625 0.108594 0.148611
3 0.334766 0.275 0.071094 0.102778
3 0.5125 0.372917 0.120312 0.195833
3 0.416016 0.313889 0.080469 0.144444