2 0.740117 0.550925 0.023438 0.086111
2 0.723265 0.491119 0.023438 0.059722
1 0.638071 0.927097 0.057813 0.166667
2 0.27271 0.527243 0.054688 0.052778
1 0.603976 0.669034 0.042188 0.081944
1 0.638442 0.67615 0.035937 0.055556
2 0.193691 0.561077 0.064844 0.059722
2 0.543135 0.43937 0.029687 0.043056
5 0.438222 0.473044 0.0625 0.105556
3 0.485655 0.475175 0.050781 0.058333
3 0.594129 0.502321 0.032031 0.070833
1 0.105005 0.659425 0.053906 0.088889
3 0.301521 0.592529 0.129688 0.145833
0 0.203399 0.630621 0.024219 0.048611
2 0.137888 0.621554 0.071094 0.058333
1 0.679455 0.482436 0.017969 0.063889
1 0.649516 0.465823 0.01875 0.047222
1 0.560172 0.506289 0.025781 0.069444
1 0.501125 0.644242 0.04375 0.095833
1 0.364899 0.886082 0.075781 0.1625
5 0.354867 0.675097 0.182812 0.308333
1 0.082247 0.70428 0.075 0.113889
1 0.636335 0.527169 0.025781 0.065278