2 0.509713 0.282249 0.050781 0.098611
5 0.906183 0.800786 0.226562 0.379167
5 0.104695 0.391064 0.177344 0.230556
5 0.268879 0.376732 0.164844 0.238889
5 0.453084 0.273446 0.108594 0.2
5 0.488622 0.170804 0.077344 0.101389
5 0.542006 0.183634 0.067969 0.123611
2 0.365842 0.594943 0.1375 0.230556
5 0.673834 0.332653 0.105469 0.191667
5 0.767868 0.380901 0.130469 0.3
2 0.628777 0.915854 0.117188 0.338889
1 0.660702 0.192185 0.032031 0.054167
3 0.834808 0.530145 0.095312 0.1625
5 0.633531 0.123251 0.029687 0.081944
0 0.619736 0.193833 0.015625 0.023611
0 0.302523 0.599676 0.0375 0.086111
3 0.4451 0.412473 0.096094 0.208333
4 0.57311 0.38457 0.095312 0.298611
0 0.477875 0.886535 0.032812 0.134722
2 0.043493 0.82853 0.095312 0.177778
1 0.342578 0.44375 0.060156 0.118056
1 0.309375 0.424306 0.05 0.120833
1 0.368359 0.354861 0.035156 0.073611
5 0.071484 0.568056 0.141406 0.313889
2 0.224609 0.88125 0.208594 0.2125