6 0.075306 0.495334 0.025781 0.106944
1 0.062921 0.445105 0.051562 0.123611
6 0.220463 0.762865 0.040625 0.183333
0 0.203958 0.794493 0.064062 0.166667
5 0.574057 0.313108 0.178906 0.211111
3 0.42976 0.277001 0.049219 0.088889
1 0.16773 0.94884 0.196875 0.105556
1 0.3701 0.76676 0.085156 0.176389
6 0.361118 0.884487 0.035156 0.223611
1 0.609809 0.522147 0.067969 0.123611
1 0.716854 0.530912 0.067969 0.154167
5 0.81799 0.398818 0.321094 0.209722
2 0.447772 0.370957 0.071875 0.102778
5 0.90977 0.619246 0.278125 0.516667
0 0.478785 0.800784 0.048437 0.123611
6 0.03206 0.538694 0.021875 0.1125
0 0.009261 0.578042 0.017188 0.0875
2 0.452734 0.624306 0.116406 0.159722
3 0.325781 0.410417 0.08125 0.154167
3 0.244141 0.347222 0.053906 0.113889
5 0.163672 0.3625 0.114844 0.194444
2 0.177344 0.247917 0.039062 0.065278
2 0.258203 0.234028 0.046094 0.0625
0 0.246875 0.426389 0.023438 0.066667