1 0.585597 0.91591 0.063281 0.120833
0 0.055588 0.567248 0.038281 0.058333
2 0.212516 0.471234 0.055469 0.052778
2 0.296189 0.430132 0.05 0.055556
1 0.611384 0.609111 0.041406 0.141667
0 0.527393 0.55782 0.014062 0.041667
1 0.658475 0.612889 0.039844 0.080556
2 0.163195 0.528756 0.082031 0.081944
1 0.583983 0.587431 0.024219 0.1
1 0.675556 0.48924 0.032031 0.084722
3 0.619995 0.373143 0.038281 0.084722
1 0.073374 0.602222 0.05 0.113889
2 0.341016 0.725 0.119531 0.177778
3 0.202734 0.756944 0.133594 0.177778
3 0.286328 0.635417 0.089844 0.145833