2 0.514413 0.27182 0.050781 0.098611
5 0.918136 0.814192 0.226562 0.379167
5 0.099906 0.405177 0.177344 0.230556
5 0.273535 0.365442 0.164844 0.238889
5 0.457889 0.262727 0.108594 0.2
5 0.493358 0.159868 0.077344 0.101389
5 0.547356 0.174044 0.067969 0.123611
2 0.382274 0.56499 0.1375 0.230556
5 0.681653 0.323668 0.105469 0.191667
5 0.751964 0.398821 0.130469 0.3
1 0.660703 0.198779 0.032031 0.054167
5 0.635742 0.142156 0.029687 0.081944
0 0.61846 0.204359 0.015625 0.023611
0 0.328942 0.516376 0.0375 0.086111
3 0.449329 0.401614 0.096094 0.208333
1 0.349932 0.424449 0.060156 0.118056
1 0.313723 0.412091 0.05 0.120833
1 0.37298 0.343101 0.035156 0.073611
2 0.040192 0.785336 0.085938 0.145833
2 0.250934 0.83663 0.171875 0.254167
4 0.571913 0.431119 0.10625 0.352778
3 0.834375 0.559028 0.09375 0.218056
5 0.070703 0.572222 0.141406 0.322222
1 0.05625 0.918056 0.123438 0.244444