1 0.721726 0.403385 0.044531 0.084722
5 0.890659 0.676977 0.219531 0.381944
1 0.738566 0.513393 0.051562 0.109722
1 0.650613 0.458778 0.022656 0.047222
5 0.6439 0.342785 0.057813 0.133333
5 0.26117 0.477247 0.142969 0.448611
5 0.392001 0.310307 0.073437 0.169444
1 0.574352 0.399715 0.028125 0.073611
1 0.926657 0.943548 0.154687 0.197222
2 0.589093 0.611266 0.08125 0.206944
3 0.535262 0.424024 0.04375 0.097222
3 0.510581 0.250027 0.027344 0.070833
0 0.52975 0.350085 0.014062 0.034722
3 0.677344 0.929861 0.148438 0.134722
3 0.449609 0.504167 0.055469 0.144444
1 0.371094 0.497222 0.042188 0.102778
1 0.405078 0.531944 0.030469 0.075
1 0.401172 0.428472 0.030469 0.098611
1 0.433594 0.402083 0.028125 0.068056
5 0.176563 0.409028 0.089062 0.179167
5 0.074609 0.731944 0.230469 0.519444
5 0.271094 0.772917 0.301562 0.440278
5 0.450781 0.30625 0.065625 0.143056