2 0.520058 0.25645 0.050781 0.098611
5 0.925944 0.818099 0.226562 0.379167
5 0.106077 0.387949 0.177344 0.230556
5 0.279096 0.347238 0.164844 0.238889
5 0.46373 0.24538 0.108594 0.2
5 0.499657 0.143962 0.077344 0.101389
5 0.553075 0.159519 0.067969 0.123611
2 0.39723 0.517686 0.1375 0.230556
5 0.679088 0.319957 0.105469 0.191667
5 0.757509 0.386455 0.130469 0.3
1 0.661962 0.21181 0.032031 0.054167
5 0.641991 0.12843 0.029687 0.081944
0 0.617537 0.210457 0.015625 0.023611
0 0.364825 0.463285 0.0375 0.086111
3 0.454882 0.385541 0.096094 0.208333
1 0.355326 0.407386 0.060156 0.118056
1 0.318975 0.394526 0.05 0.120833
1 0.378702 0.326005 0.035156 0.073611
2 0.278644 0.755331 0.171875 0.254167
3 0.837321 0.554506 0.09375 0.218056
5 0.077087 0.550626 0.141406 0.322222
1 0.121139 0.817308 0.14375 0.2625
4 0.548828 0.555556 0.149219 0.530556