6 0.228426 0.766691 0.040625 0.183333
6 0.370907 0.864357 0.033594 0.256944
1 0.127058 0.434967 0.053906 0.097222
0 0.200585 0.816313 0.061719 0.138889
0 0.51605 0.394022 0.023438 0.043056
1 0.908749 0.436004 0.046875 0.123611
1 0.968805 0.457276 0.066406 0.138889
6 0.040048 0.55482 0.028125 0.120833
1 0.070242 0.334405 0.035937 0.084722
5 0.092159 0.240984 0.046094 0.116667
5 0.19657 0.26534 0.097656 0.159722
2 0.24753 0.368517 0.075781 0.102778
5 0.736614 0.412415 0.248437 0.3
2 0.3712 0.280239 0.046875 0.088889
3 0.3052 0.273498 0.0375 0.075
2 0.670597 0.539049 0.128906 0.191667
1 0.313407 0.540794 0.079687 0.155556
3 0.944063 0.597643 0.164844 0.201389
0 0.457956 0.844486 0.055469 0.141667
2 0.427734 0.375694 0.067969 0.098611
2 0.339844 0.43125 0.078125 0.090278
2 0.936719 0.809722 0.126563 0.227778
3 0.563672 0.652083 0.178906 0.251389