5 0.879837 0.606341 0.222656 0.3875
1 0.712794 0.36319 0.044531 0.084722
2 0.530007 0.272622 0.028906 0.056944
0 0.627241 0.344472 0.019531 0.036111
5 0.50604 0.196 0.029687 0.061111
5 0.315026 0.386395 0.141406 0.206944
5 0.450584 0.292225 0.085156 0.233333
5 0.44515 0.202843 0.048437 0.115278
5 0.380708 0.241594 0.065625 0.094444
5 0.328224 0.245723 0.061719 0.084722
5 0.277715 0.314389 0.091406 0.156944
5 0.176706 0.364599 0.100781 0.190278
3 0.09804 0.413657 0.060156 0.123611
2 0.435387 0.478221 0.0625 0.147222
1 0.387933 0.535571 0.058594 0.198611
3 0.984265 0.978165 0.172656 0.354167
5 0.176062 0.695765 0.260156 0.523611
1 0.3873 0.415845 0.04375 0.068056
6 0.381458 0.605045 0.05 0.1
3 0.518518 0.328135 0.029687 0.094444
4 0.581786 0.311289 0.065625 0.195833
3 0.364485 0.864316 0.107031 0.1125
5 0.061719 0.720833 0.1375 0.502778
1 0.698438 0.746528 0.079687 0.234722
1 0.748047 0.577083 0.050781 0.170833
3 0.626953 0.523611 0.067969 0.219444
0 0.430469 0.386111 0.021875 0.022222