6 0.229222 0.772207 0.040625 0.183333
6 0.039106 0.552661 0.028125 0.120833
1 0.095425 0.371536 0.042188 0.080556
5 0.95103 0.470184 0.323438 0.383333
2 0.149118 0.239764 0.046094 0.081944
2 0.205468 0.285076 0.057031 0.084722
5 0.130857 0.185246 0.0625 0.116667
0 0.193622 0.438165 0.030469 0.093056
6 0.37301 0.893086 0.039844 0.195833
3 0.252009 0.321633 0.080469 0.151389
2 0.588025 0.436713 0.098438 0.170833
3 0.404622 0.331314 0.059375 0.098611
2 0.483195 0.358617 0.060156 0.088889
1 0.368858 0.60379 0.083594 0.1625
0 0.412189 0.503995 0.039844 0.086111
2 0.730469 0.627083 0.154687 0.201389
0 0.913281 0.70625 0.079687 0.131944
1 0.142969 0.309028 0.029687 0.059722
1 0.466797 0.581944 0.077344 0.172222
1 0.214844 0.904167 0.146875 0.166667