2 0.753445 0.477118 0.023438 0.086111
2 0.736625 0.418273 0.023438 0.059722
1 0.581719 0.943983 0.063281 0.120833
2 0.201212 0.481824 0.055469 0.052778
2 0.289012 0.444626 0.05 0.055556
1 0.669198 0.544516 0.039844 0.080556
2 0.150968 0.542386 0.082031 0.081944
1 0.696287 0.468059 0.032031 0.084722
1 0.652627 0.511616 0.032031 0.108333
1 0.646765 0.414598 0.01875 0.036111
1 0.266049 0.497013 0.039844 0.076389
4 0.592431 0.403595 0.042188 0.068056
3 0.375993 0.615422 0.103906 0.204167
1 0.406352 0.837096 0.075781 0.208333
5 0.689368 0.357979 0.038281 0.077778