2 0.753788 0.433992 0.023438 0.086111
2 0.739215 0.390091 0.023438 0.059722
1 0.66306 0.405683 0.020312 0.043056
0 0.045208 0.552999 0.042188 0.063889
2 0.152338 0.503792 0.065625 0.088889
3 0.519326 0.438193 0.034375 0.065278
0 0.591085 0.515475 0.01875 0.031944
2 0.204147 0.445156 0.055469 0.051389
2 0.632274 0.357119 0.019531 0.052778
3 0.540897 0.403683 0.024219 0.084722
1 0.659305 0.364235 0.017188 0.034722
3 0.357325 0.38973 0.086719 0.125
3 0.272704 0.655804 0.130469 0.180556
3 0.069797 0.842026 0.14375 0.194444
1 0.543118 0.85355 0.053906 0.122222
1 0.501944 0.878862 0.047656 0.129167
1 0.596083 0.898382 0.058594 0.131944
1 0.615326 0.708553 0.052344 0.173611
1 0.631969 0.543236 0.033594 0.104167
4 0.482732 0.363124 0.085156 0.094444
2 0.291849 0.408639 0.046094 0.061111
2 0.390892 0.754978 0.114844 0.184722
1 0.387401 0.918356 0.085938 0.191667
3 0.486722 0.593589 0.078906 0.118056
3 0.456111 0.533943 0.060938 0.131944
4 0.386003 0.522278 0.108594 0.219444