2 0.755253 0.475831 0.023438 0.086111
2 0.738522 0.416933 0.023438 0.059722
1 0.587723 0.937189 0.063281 0.120833
2 0.203287 0.480765 0.055469 0.052778
2 0.289465 0.453196 0.05 0.055556
1 0.664595 0.556995 0.039844 0.080556
2 0.154047 0.540602 0.082031 0.081944
1 0.698064 0.467937 0.032031 0.084722
1 0.239918 0.495953 0.05 0.113889
4 0.626613 0.382495 0.029687 0.052778
4 0.621032 0.353968 0.025 0.068056
1 0.645129 0.521387 0.032031 0.108333
1 0.670566 0.372767 0.01875 0.036111
1 0.457858 0.762503 0.055469 0.165278
3 0.460938 0.525694 0.078125 0.151389