6 0.082984 0.482493 0.025781 0.106944
1 0.077381 0.332815 0.047656 0.109722
1 0.062462 0.445217 0.051562 0.123611
6 0.232876 0.767443 0.040625 0.183333
0 0.213164 0.790892 0.064062 0.166667
5 0.17348 0.401321 0.153125 0.265278
5 0.90668 0.585334 0.400781 0.520833
2 0.291846 0.518989 0.041406 0.108333
5 0.538424 0.299498 0.178906 0.211111
3 0.408595 0.258969 0.049219 0.088889
1 0.143726 0.94279 0.196875 0.105556
1 0.42839 0.870958 0.085156 0.176389
6 0.365396 0.89435 0.035156 0.223611
3 0.393298 0.474832 0.113281 0.180556
3 0.287861 0.410285 0.066406 0.133333
1 0.528336 0.448173 0.067969 0.123611
1 0.674353 0.500991 0.067969 0.154167
5 0.780161 0.369931 0.321094 0.209722
2 0.388591 0.334554 0.071875 0.102778
2 0.219015 0.289578 0.053125 0.079167
2 0.569141 0.772917 0.163281 0.220833
2 0.055859 0.861111 0.111719 0.2