5 0.886668 0.666194 0.222656 0.3875
1 0.71559 0.384184 0.044531 0.084722
5 0.334551 0.263006 0.061719 0.084722
5 0.280843 0.306375 0.091406 0.156944
5 0.179602 0.400082 0.100781 0.190278
3 0.10666 0.416865 0.060156 0.123611
1 0.385186 0.406624 0.04375 0.068056
5 0.400086 0.254327 0.039844 0.094444
5 0.365649 0.370789 0.092188 0.201389
1 0.63438 0.371289 0.020312 0.048611
2 0.450866 0.345737 0.039844 0.091667
3 0.434625 0.490817 0.039844 0.080556
1 0.569837 0.301804 0.015625 0.047222
5 0.532697 0.207267 0.026563 0.059722
1 0.598908 0.286886 0.019531 0.043056
2 0.574928 0.524888 0.046094 0.120833
5 0.281208 0.466054 0.145313 0.329167
5 0.443548 0.178634 0.033594 0.05
0 0.521346 0.49792 0.017969 0.054167
5 0.452924 0.240652 0.0625 0.123611
4 0.809853 0.819391 0.246094 0.533333
5 0.533232 0.330548 0.05625 0.165278
3 0.38335 0.450469 0.075781 0.101389
5 0.354596 0.720754 0.2125 0.502778
5 0.110251 0.709982 0.214062 0.555556
3 0.561777 0.783141 0.071875 0.2
2 0.507031 0.236111 0.021875 0.052778
6 0.576172 0.6625 0.028906 0.066667
6 0.556641 0.661111 0.025781 0.05