2 0.763413 0.482922 0.023438 0.086111
2 0.743594 0.420154 0.023438 0.059722
1 0.587874 0.95961 0.058594 0.172222
1 0.660849 0.869249 0.057031 0.181944
0 0.500109 0.547274 0.011719 0.041667
1 0.558373 0.385335 0.024219 0.045833
5 0.262173 0.905999 0.250781 0.201389
1 0.672261 0.402174 0.021094 0.051389
1 0.639542 0.398598 0.017969 0.038889
2 0.627942 0.374281 0.025781 0.052778
1 0.354454 0.817343 0.070312 0.15
2 0.455156 0.534011 0.05625 0.083333
2 0.511325 0.486465 0.050781 0.065278
2 0.540455 0.449421 0.04375 0.063889
0 0.587884 0.521519 0.015625 0.033333
2 0.158171 0.54229 0.0625 0.077778
2 0.213123 0.475732 0.060938 0.073611
2 0.153745 0.891035 0.200781 0.25
1 0.668075 0.561474 0.027344 0.075
5 0.058984 0.679861 0.117969 0.2625
5 0.336719 0.470139 0.13125 0.1625
4 0.341406 0.599306 0.1375 0.229167
1 0.500781 0.666667 0.06875 0.152778
1 0.610156 0.554861 0.042188 0.106944
1 0.523438 0.539583 0.046875 0.090278