1 0.711344 0.398346 0.044531 0.084722
1 0.72804 0.498476 0.051562 0.109722
5 0.163924 0.360964 0.089062 0.179167
5 0.326832 0.311914 0.039844 0.138889
1 0.600656 0.398629 0.020312 0.059722
5 0.646634 0.354339 0.082031 0.176389
1 0.571411 0.360023 0.017969 0.0625
5 0.262271 0.404041 0.109375 0.370833
5 0.505909 0.25516 0.032031 0.076389
5 0.562751 0.29745 0.041406 0.098611
1 0.625614 0.612968 0.0375 0.122222
5 0.098732 0.631623 0.190625 0.393056
5 0.427787 0.246629 0.045313 0.105556
5 0.405511 0.365596 0.089844 0.233333
2 0.414802 0.563029 0.077344 0.169444
0 0.411395 0.763664 0.041406 0.102778
3 0.528847 0.389721 0.046094 0.151389
5 0.192679 0.742208 0.349219 0.445833
3 0.572267 0.6889 0.089844 0.256944