2 0.766646 0.491437 0.023438 0.086111
2 0.746942 0.428644 0.023438 0.059722
1 0.595889 0.961321 0.058594 0.172222
1 0.655505 0.865436 0.057031 0.181944
2 0.407922 0.568564 0.05625 0.083333
2 0.476279 0.549638 0.050781 0.065278
2 0.512673 0.479734 0.04375 0.063889
1 0.6792 0.540421 0.027344 0.075
1 0.365835 0.836646 0.069531 0.141667
0 0.429271 0.648276 0.016406 0.052778
0 0.50199 0.648402 0.019531 0.065278
1 0.67173 0.385711 0.01875 0.044444
4 0.168134 0.571338 0.109375 0.134722
1 0.28888 0.769297 0.066406 0.133333
5 0.487336 0.397613 0.075 0.098611
0 0.369926 0.702334 0.022656 0.059722
2 0.579928 0.432328 0.035156 0.079167
1 0.03842 0.607048 0.067969 0.093056
2 0.211664 0.480034 0.057031 0.05
1 0.576524 0.496203 0.035156 0.070833
1 0.630406 0.490661 0.028906 0.073611
1 0.544658 0.681656 0.060156 0.148611
1 0.097656 0.688889 0.079687 0.127778
5 0.371484 0.483333 0.136719 0.180556
4 0.211328 0.718056 0.219531 0.319444