2 0.750754 0.367166 0.025781 0.052778
2 0.777796 0.421378 0.028906 0.073611
1 0.655832 0.510909 0.027344 0.070833
1 0.685783 0.523317 0.028125 0.05
1 0.625186 0.521365 0.029687 0.098611
2 0.162117 0.504102 0.065625 0.091667
1 0.106546 0.52511 0.033594 0.084722
2 0.220888 0.443169 0.059375 0.070833
2 0.516076 0.458786 0.033594 0.070833
3 0.112888 0.748167 0.21875 0.304167
5 0.573819 0.460781 0.065625 0.158333
1 0.649739 0.823423 0.057813 0.1875
2 0.341264 0.496422 0.060156 0.077778
1 0.526076 0.748903 0.067969 0.173611
3 0.277112 0.670344 0.103906 0.1625
2 0.307401 0.413416 0.049219 0.047222
5 0.394531 0.7125 0.1875 0.419444
5 0.426172 0.485417 0.158594 0.240278
2 0.217187 0.597917 0.090625 0.079167