5 0.877352 0.673222 0.222656 0.3875
1 0.712232 0.413432 0.044531 0.084722
5 0.347116 0.265735 0.061719 0.084722
5 0.279841 0.310298 0.091406 0.156944
5 0.181859 0.380072 0.100781 0.190278
5 0.401842 0.305442 0.039844 0.094444
2 0.458575 0.320906 0.039844 0.091667
5 0.545022 0.219688 0.026563 0.059722
1 0.608406 0.303842 0.019531 0.043056
5 0.281065 0.459248 0.145313 0.329167
5 0.444481 0.168698 0.033594 0.05
0 0.529547 0.591545 0.017969 0.054167
5 0.454011 0.245945 0.0625 0.123611
5 0.551825 0.379095 0.05625 0.165278
2 0.506282 0.258049 0.021875 0.052778
2 0.591075 0.642477 0.064844 0.176389
1 0.660116 0.413223 0.035156 0.088889
5 0.395534 0.680349 0.207031 0.541667
6 0.629409 0.916904 0.0375 0.088889
6 0.593102 0.922451 0.032031 0.1
5 0.108594 0.665972 0.317187 0.626389
0 0.790234 0.803472 0.027344 0.098611