2 0.738357 0.398788 0.025781 0.052778
2 0.757457 0.461425 0.028906 0.073611
2 0.155844 0.511084 0.065625 0.091667
2 0.209076 0.457112 0.059375 0.070833
2 0.284133 0.423048 0.049219 0.047222
2 0.285388 0.636689 0.053906 0.068056
1 0.466849 0.394216 0.03125 0.0625
2 0.399663 0.557467 0.060156 0.068056
5 0.354026 0.736869 0.232031 0.388889
2 0.329723 0.517601 0.061719 0.088889
5 0.606383 0.487998 0.089844 0.184722
1 0.658417 0.844225 0.051562 0.191667
1 0.616561 0.738602 0.082031 0.166667
1 0.556459 0.665844 0.072656 0.173611
1 0.51792 0.521336 0.047656 0.109722
5 0.116016 0.731944 0.260156 0.438889
0 0.421094 0.438194 0.017188 0.043056
0 0.375391 0.440278 0.014844 0.044444
0 0.402344 0.438889 0.015625 0.027778
0 0.255859 0.539583 0.021094 0.051389
3 0.467969 0.495139 0.059375 0.093056
2 0.533203 0.418056 0.042969 0.041667
2 0.516016 0.443056 0.039844 0.05