6 0.040646 0.525425 0.025781 0.106944
6 0.230718 0.77251 0.040625 0.183333
3 0.475156 0.337908 0.049219 0.088889
1 0.25738 0.96502 0.196875 0.105556
6 0.356363 0.879639 0.035156 0.223611
0 0.279043 0.507398 0.048437 0.123611
3 0.233044 0.309164 0.08125 0.154167
3 0.167119 0.257766 0.053906 0.113889
5 0.12516 0.31068 0.114844 0.194444
2 0.137161 0.20932 0.039062 0.065278
2 0.356044 0.3232 0.046094 0.0625
6 0.028995 0.564039 0.029687 0.118056
1 0.05494 0.409095 0.038281 0.120833
5 0.900363 0.466313 0.339063 0.343056
2 0.399727 0.301643 0.052344 0.095833
1 0.835577 0.628671 0.09375 0.123611
2 0.290723 0.431875 0.100781 0.126389
5 0.611207 0.330958 0.207031 0.2625
5 0.616406 0.697222 0.4375 0.580556
1 0.907812 0.776389 0.13125 0.211111
1 0.260156 0.645833 0.060938 0.108333
0 0.197266 0.817361 0.067969 0.143056