2 0.753776 0.377578 0.025781 0.052778
2 0.773406 0.439515 0.028906 0.073611
3 0.540852 0.459857 0.027344 0.061111
3 0.515503 0.440289 0.025781 0.059722
2 0.59272 0.318389 0.032031 0.043056
0 0.064433 0.554031 0.04375 0.052778
2 0.170064 0.504244 0.071875 0.070833
2 0.220151 0.447496 0.057031 0.056944
3 0.553001 0.387812 0.04375 0.054167
1 0.62971 0.438162 0.028125 0.0625
5 0.562268 0.606133 0.125781 0.305556
1 0.164478 0.890637 0.111719 0.2125
1 0.600975 0.928376 0.069531 0.218056
2 0.301607 0.415099 0.051562 0.055556
2 0.404063 0.602992 0.0875 0.134722
2 0.434219 0.504137 0.057031 0.0625
3 0.278058 0.630807 0.11875 0.206944
1 0.663148 0.81745 0.04375 0.1875
5 0.451103 0.385238 0.109375 0.141667
0 0.202573 0.532389 0.040625 0.05
2 0.082002 0.850219 0.184375 0.215278
3 0.3875 0.772917 0.117188 0.273611
1 0.464063 0.84375 0.0875 0.2875
0 0.310156 0.734722 0.04375 0.088889
2 0.371484 0.564583 0.074219 0.118056