1 0.710027 0.388739 0.044531 0.084722
1 0.728506 0.515757 0.051562 0.109722
5 0.166789 0.363202 0.089062 0.179167
5 0.329342 0.313776 0.039844 0.138889
1 0.590212 0.348072 0.020312 0.059722
5 0.658191 0.33074 0.082031 0.176389
1 0.567224 0.336159 0.017969 0.0625
5 0.255438 0.422784 0.109375 0.370833
5 0.395976 0.445597 0.121094 0.363889
5 0.422392 0.274154 0.057813 0.123611
5 0.506655 0.221965 0.032031 0.076389
2 0.396946 0.700299 0.107813 0.240278
3 0.545635 0.557465 0.071875 0.173611
3 0.523109 0.334526 0.038281 0.113889
5 0.561228 0.283488 0.041406 0.098611
1 0.598069 0.504625 0.0375 0.122222
5 0.15625 0.870139 0.289062 0.301389
5 0.101562 0.659028 0.190625 0.393056