2 0.748097 0.382192 0.025781 0.052778
2 0.767419 0.444502 0.028906 0.073611
2 0.164165 0.500291 0.065625 0.091667
2 0.220732 0.442609 0.059375 0.070833
2 0.295605 0.408674 0.049219 0.047222
1 0.655711 0.820338 0.051562 0.191667
1 0.427603 0.619882 0.047656 0.109722
2 0.535275 0.46743 0.039844 0.079167
2 0.509533 0.440011 0.039844 0.076389
3 0.414617 0.527329 0.063281 0.095833
0 0.45426 0.384411 0.015625 0.029167
0 0.47952 0.539206 0.021875 0.029167
0 0.512218 0.35718 0.011719 0.027778
5 0.253745 0.787562 0.311719 0.413889
1 0.527081 0.722566 0.077344 0.233333
2 0.47361 0.400405 0.042188 0.059722
1 0.548223 0.342132 0.024219 0.048611
1 0.602299 0.759522 0.067188 0.175
3 0.640314 0.389887 0.033594 0.061111
2 0.473047 0.477778 0.041406 0.091667
5 0.581641 0.550694 0.114844 0.2625