2 0.745047 0.378804 0.025781 0.052778
2 0.767445 0.443995 0.028906 0.073611
1 0.699513 0.435936 0.028125 0.05
2 0.168016 0.507159 0.065625 0.091667
2 0.210714 0.445763 0.059375 0.070833
1 0.652588 0.817668 0.057813 0.1875
2 0.292381 0.410317 0.049219 0.047222
2 0.562287 0.406139 0.025 0.040278
1 0.588635 0.621429 0.039844 0.127778
2 0.484554 0.47848 0.045313 0.05
1 0.549456 0.461514 0.020312 0.056944
1 0.604353 0.436597 0.021875 0.055556
3 0.525385 0.416038 0.032812 0.0625
0 0.057441 0.55047 0.0375 0.058333
5 0.658136 0.401603 0.05 0.123611
1 0.638253 0.657256 0.045313 0.143056
5 0.199098 0.841048 0.350781 0.301389
5 0.452734 0.65625 0.192969 0.348611
5 0.225391 0.675694 0.302344 0.465278