3 0.98413 0.860739 0.157031 0.331944
3 0.825887 0.548233 0.09375 0.176389
3 0.542875 0.481748 0.04375 0.141667
3 0.519084 0.28322 0.033594 0.079167
3 0.350769 0.372898 0.048437 0.127778
3 0.435877 0.292299 0.04375 0.093056
3 0.268861 0.298157 0.057813 0.098611
3 0.362993 0.257111 0.039844 0.084722
5 0.190724 0.525515 0.23125 0.4
5 0.115408 0.53523 0.222656 0.416667
5 0.302219 0.240786 0.077344 0.130556
5 0.38066 0.203682 0.041406 0.105556
1 0.612349 0.466007 0.032031 0.119444
1 0.582822 0.367514 0.025781 0.070833
1 0.409796 0.388207 0.045313 0.1
1 0.218795 0.295408 0.03125 0.070833
5 0.155392 0.317268 0.121094 0.126389
2 0.675003 0.412213 0.039062 0.098611
2 0.568696 0.257841 0.03125 0.066667
2 0.407921 0.473224 0.060156 0.120833
0 0.615235 0.587672 0.020312 0.077778
0 0.657956 0.462523 0.024219 0.066667
0 0.555032 0.342161 0.016406 0.045833
4 0.527275 0.201241 0.032812 0.070833
3 0.759766 0.814583 0.158594 0.356944
0 0.518359 0.394444 0.013281 0.052778
0 0.599219 0.259028 0.015625 0.034722
5 0.269922 0.744444 0.336719 0.5
2 0.615625 0.811806 0.129688 0.365278