0 0.468532 0.692363 0.021875 0.0875
1 0.731599 0.304647 0.024219 0.063889
1 0.702129 0.44122 0.039062 0.056944
1 0.713738 0.727187 0.05625 0.177778
2 0.268272 0.340363 0.060938 0.056944
2 0.348156 0.312745 0.051562 0.059722
6 0.754514 0.644904 0.025781 0.122222
2 0.828575 0.326121 0.0375 0.088889
2 0.804314 0.273375 0.025781 0.052778
2 0.172057 0.450077 0.082031 0.083333
3 0.243821 0.431713 0.102344 0.120833
0 0.074256 0.505763 0.0375 0.061111
5 0.486686 0.42315 0.153125 0.288889
2 0.591329 0.350765 0.049219 0.098611
1 0.368872 0.391532 0.049219 0.061111
0 0.325591 0.813859 0.063281 0.115278
6 0.80508 0.525299 0.014062 0.123611
6 0.778805 0.517883 0.017969 0.108333
5 0.203516 0.697917 0.402344 0.5625