2 0.77443 0.421966 0.023438 0.086111
2 0.753845 0.353838 0.023438 0.059722
1 0.657294 0.572311 0.033594 0.104167
1 0.589658 0.892196 0.063281 0.120833
2 0.607811 0.371161 0.023438 0.040278
1 0.640884 0.44334 0.028125 0.070833
0 0.055787 0.528459 0.038281 0.058333
2 0.216532 0.430111 0.055469 0.052778
4 0.598855 0.288425 0.045313 0.077778
2 0.298918 0.40055 0.05 0.055556
0 0.300343 0.798458 0.042969 0.084722
2 0.320117 0.596191 0.101562 0.161111
3 0.4598 0.499463 0.063281 0.077778
2 0.501561 0.52018 0.057813 0.1
1 0.571903 0.534091 0.034375 0.098611
1 0.617777 0.712783 0.0375 0.104167
4 0.089927 0.720616 0.247656 0.372222
3 0.183154 0.883439 0.191406 0.148611
1 0.545313 0.700694 0.05625 0.1625
1 0.578906 0.735417 0.048437 0.168056
3 0.178516 0.779167 0.161719 0.258333
3 0.191016 0.531944 0.069531 0.094444
2 0.154297 0.486111 0.067969 0.075
5 0.498047 0.3375 0.075781 0.108333