5 0.318836 0.239738 0.077344 0.130556
1 0.221194 0.298069 0.03125 0.070833
3 1.0 1.0 0.078906 0.280556
0 0.401365 0.356133 0.027344 0.084722
2 0.537397 0.342793 0.034375 0.094444
1 0.348976 0.404416 0.042188 0.084722
5 0.40568 0.146893 0.038281 0.059722
3 0.404983 0.187554 0.027344 0.070833
3 0.350331 0.268723 0.051562 0.093056
1 0.329359 0.321638 0.05 0.105556
3 0.434451 0.395503 0.002344 0.011111
0 0.803647 0.684681 0.03125 0.094444
3 0.568644 0.661678 0.067969 0.186111
3 0.430921 0.435676 0.064062 0.180556
5 0.268265 0.325942 0.060156 0.1375
5 0.165471 0.322417 0.104687 0.122222
5 0.442837 0.254948 0.064062 0.169444
4 0.646094 0.527083 0.125 0.318056
5 0.535547 0.227083 0.052344 0.148611
5 0.317578 0.813889 0.224219 0.275
5 0.204297 0.617361 0.260156 0.493056
5 0.110547 0.543056 0.221094 0.394444