2 0.764347 0.48296 0.023438 0.086111
2 0.744433 0.42024 0.023438 0.059722
1 0.581364 0.967641 0.058594 0.172222
1 0.652842 0.865236 0.057031 0.181944
1 0.665362 0.414849 0.021094 0.051389
1 0.63267 0.407007 0.017969 0.038889
2 0.622605 0.384081 0.025781 0.052778
2 0.448181 0.537006 0.05625 0.083333
2 0.512241 0.486775 0.050781 0.065278
2 0.541465 0.449775 0.04375 0.063889
0 0.584922 0.521723 0.015625 0.033333
2 0.165676 0.542542 0.0625 0.077778
2 0.214151 0.475714 0.060938 0.073611
1 0.669571 0.561764 0.027344 0.075
4 0.342468 0.599438 0.1375 0.229167
1 0.493761 0.67168 0.06875 0.152778
1 0.611149 0.564697 0.042188 0.106944
1 0.515189 0.558046 0.046875 0.090278
2 0.13125 0.882639 0.21875 0.206944
5 0.257422 0.906944 0.266406 0.197222
5 0.080859 0.673611 0.161719 0.3
5 0.3 0.452083 0.085938 0.120833
5 0.360938 0.45625 0.117188 0.140278