6 0.361353 0.877543 0.045313 0.204167
6 0.03883 0.398088 0.025781 0.106944
1 0.082946 0.356376 0.047656 0.109722
1 0.064943 0.479558 0.051562 0.123611
6 0.228286 0.764006 0.040625 0.183333
1 0.453617 0.375744 0.039844 0.091667
2 0.336111 0.285598 0.042969 0.076389
0 0.20697 0.804539 0.064062 0.166667
0 0.380799 0.458348 0.025 0.097222
1 0.608095 0.329657 0.027344 0.094444
2 0.257843 0.337449 0.065625 0.109722
5 0.196704 0.401172 0.153125 0.265278
0 0.277168 0.476371 0.024219 0.069444
5 0.839359 0.569168 0.400781 0.520833
3 0.473271 0.570274 0.157031 0.229167
3 0.33616 0.488717 0.091406 0.173611
1 0.234334 0.368271 0.053125 0.120833
1 0.621556 0.467251 0.064062 0.134722
1 0.098133 0.958947 0.170312 0.080556
2 0.048047 0.8375 0.142969 0.155556
2 0.745313 0.922222 0.242188 0.172222
2 0.365234 0.613889 0.041406 0.108333
5 0.505078 0.286111 0.178906 0.211111
3 0.383984 0.234722 0.049219 0.088889
1 0.471484 0.929167 0.099219 0.130556