6 0.396308 0.713752 0.035156 0.176389
0 0.144892 0.785851 0.064844 0.141667
5 0.665444 0.780852 0.448438 0.4
3 0.377364 0.326947 0.061719 0.1125
3 0.313699 0.27517 0.053906 0.1
1 0.451714 0.249398 0.041406 0.084722
1 0.136286 0.46887 0.065625 0.148611
1 0.571956 0.315175 0.038281 0.065278
3 0.239709 0.223783 0.047656 0.105556
3 0.276551 0.857834 0.128125 0.248611
5 0.815829 0.429487 0.314063 0.380556
3 0.716022 0.569887 0.146094 0.204167
3 0.515208 0.361394 0.151562 0.188889
5 0.47272 0.482736 0.257031 0.295833