6 0.405487 0.978994 0.040625 0.183333
0 0.126733 0.874515 0.058594 0.141667
3 0.559852 0.527959 0.092188 0.1375
1 0.858482 0.459272 0.067188 0.152778
1 0.905317 0.483218 0.073437 0.125
0 0.748388 0.469048 0.035937 0.051389
6 0.516135 0.86407 0.046094 0.191667
1 0.044596 0.28438 0.039062 0.066667
3 0.261993 0.298299 0.042188 0.094444
5 0.307153 0.237717 0.083594 0.102778
3 0.341123 0.327075 0.08125 0.130556
2 0.546621 0.445523 0.083594 0.109722
2 0.796395 0.667787 0.196875 0.304167
0 0.174792 0.393189 0.025 0.056944
6 0.374129 0.777191 0.035156 0.176389
1 0.292013 0.823382 0.104687 0.238889
0 0.884303 0.612713 0.053125 0.102778