1 0.70806 0.402283 0.044531 0.084722
1 0.727613 0.503381 0.051562 0.109722
5 0.166095 0.349197 0.089062 0.179167
5 0.335125 0.294603 0.039844 0.138889
5 0.647742 0.355266 0.082031 0.176389
5 0.434733 0.203439 0.045313 0.070833
5 0.413722 0.292983 0.069531 0.186111
1 0.605724 0.455907 0.03125 0.084722
1 0.654456 0.518718 0.035937 0.088889
5 0.269328 0.354911 0.101562 0.304167
0 0.428372 0.459694 0.021094 0.076389
2 0.433619 0.381513 0.047656 0.111111
3 0.557193 0.566805 0.075781 0.265278
5 0.516171 0.292037 0.044531 0.134722
5 0.596294 0.357859 0.061719 0.122222
0 0.215678 0.862656 0.027344 0.083333
5 0.335586 0.503144 0.138281 0.35
5 0.112109 0.5875 0.217969 0.383333
1 0.292969 0.897917 0.085938 0.204167