5 0.878779 0.593236 0.222656 0.3875
1 0.720715 0.34446 0.044531 0.084722
2 0.522582 0.245565 0.028906 0.056944
0 0.623594 0.337024 0.019531 0.036111
5 0.506349 0.191207 0.029687 0.061111
5 0.315608 0.381391 0.141406 0.206944
5 0.445568 0.198346 0.048437 0.115278
5 0.380791 0.236878 0.065625 0.094444
5 0.328998 0.240662 0.061719 0.084722
5 0.278237 0.309699 0.091406 0.156944
5 0.177258 0.359676 0.100781 0.190278
3 0.098552 0.408249 0.060156 0.123611
2 0.439999 0.489364 0.0625 0.147222
0 0.383068 0.48958 0.019531 0.059722
1 0.385359 0.5848 0.058594 0.198611
3 0.945477 0.922477 0.172656 0.354167
1 0.738774 0.538945 0.039844 0.120833
5 0.177517 0.700707 0.260156 0.523611
1 0.386305 0.424622 0.04375 0.068056
6 0.37229 0.657847 0.05 0.1
1 0.674527 0.639536 0.059375 0.155556
3 0.615333 0.477889 0.05625 0.169444
3 0.518833 0.313307 0.029687 0.094444
4 0.578125 0.288194 0.065625 0.195833
0 0.427734 0.403472 0.019531 0.043056