2 0.754108 0.37934 0.025781 0.052778
2 0.776382 0.444934 0.028906 0.073611
1 0.695898 0.503335 0.028125 0.05
2 0.170739 0.501404 0.065625 0.091667
1 0.098812 0.55004 0.033594 0.084722
2 0.217914 0.443278 0.059375 0.070833
2 0.494944 0.485524 0.033594 0.070833
1 0.667638 0.829658 0.057813 0.1875
1 0.488595 0.801131 0.067969 0.173611
2 0.316342 0.421623 0.049219 0.047222
5 0.388265 0.525606 0.158594 0.240278
2 0.302794 0.537801 0.08125 0.088889
5 0.510504 0.3399 0.076563 0.097222
3 0.595537 0.364807 0.025781 0.059722
2 0.620933 0.360595 0.025 0.040278
3 0.204045 0.728077 0.135156 0.180556
5 0.352861 0.785015 0.196875 0.469444
1 0.655849 0.534142 0.036719 0.098611
1 0.622209 0.53747 0.039844 0.127778
3 0.051953 0.822917 0.166406 0.329167
5 0.548047 0.509028 0.092969 0.198611