6 0.045643 0.517926 0.025781 0.106944
6 0.229733 0.772528 0.040625 0.183333
3 0.469967 0.327698 0.049219 0.088889
1 0.246675 0.949848 0.196875 0.105556
6 0.367545 0.89343 0.035156 0.223611
0 0.304297 0.542182 0.048437 0.123611
3 0.24046 0.326791 0.08125 0.154167
3 0.179984 0.266954 0.053906 0.113889
5 0.135385 0.3271 0.114844 0.194444
2 0.157481 0.223941 0.039062 0.065278
2 0.337183 0.303304 0.046094 0.0625
0 0.184451 0.334497 0.023438 0.066667
6 0.030752 0.559456 0.029687 0.118056
1 0.054235 0.408715 0.038281 0.120833
5 0.888516 0.467689 0.339063 0.343056
2 0.3882 0.293648 0.052344 0.095833
1 0.807019 0.584233 0.09375 0.123611
2 0.3094 0.449907 0.100781 0.126389
5 0.613039 0.333108 0.207031 0.2625
5 0.715237 0.70913 0.528125 0.519444
1 0.280078 0.678472 0.072656 0.120833
0 0.208203 0.815972 0.074219 0.145833