1 0.552109 0.278423 0.020312 0.055556
4 0.601301 0.333173 0.045313 0.1125
1 0.158378 0.771074 0.10625 0.213889
2 0.621884 0.448033 0.042188 0.1125
0 0.458686 0.543422 0.020312 0.065278
5 0.916732 0.832508 0.275781 0.325
2 0.481859 0.480709 0.050781 0.098611
5 0.428579 0.328084 0.080469 0.113889
1 0.647223 0.980521 0.082813 0.155556
0 0.588057 0.441436 0.014062 0.048611
0 0.265935 0.749056 0.049219 0.105556
5 0.744844 0.520962 0.110937 0.277778
5 0.688961 0.416934 0.079687 0.184722
5 0.505546 0.372585 0.072656 0.129167
5 0.38563 0.46977 0.127344 0.222222
5 0.263412 0.49553 0.149219 0.2375
2 0.284766 0.898611 0.178906 0.233333
3 0.395312 0.635417 0.140625 0.259722
5 0.097266 0.585417 0.194531 0.245833
5 0.054688 0.754167 0.109375 0.347222
1 0.271875 0.595833 0.060938 0.144444
1 0.635547 0.611806 0.061719 0.148611