1 0.58609 0.913702 0.063281 0.120833
0 0.051099 0.573877 0.038281 0.058333
2 0.212278 0.470053 0.055469 0.052778
2 0.292163 0.436705 0.05 0.055556
1 0.616489 0.585761 0.041406 0.141667
1 0.654812 0.617631 0.039844 0.080556
2 0.151211 0.528838 0.082031 0.081944
1 0.555616 0.619792 0.024219 0.1
1 0.67836 0.506209 0.032031 0.084722
3 0.586587 0.396278 0.038281 0.084722
1 0.124893 0.57407 0.05 0.113889
3 0.074697 0.852717 0.160938 0.198611
0 0.4422 0.678115 0.025781 0.076389
2 0.247666 0.821913 0.136719 0.215278
3 0.241363 0.692835 0.117188 0.125