2 0.752473 0.54662 0.023438 0.086111
2 0.735962 0.498045 0.023438 0.059722
1 0.702922 0.499717 0.027344 0.075
1 0.652771 0.940437 0.053906 0.186111
2 0.143156 0.628909 0.079687 0.108333
1 0.485758 0.471443 0.021094 0.05
1 0.634894 0.467022 0.021875 0.041667
2 0.194598 0.561759 0.045313 0.052778
2 0.429818 0.54223 0.04375 0.052778
2 0.469017 0.503155 0.038281 0.041667
1 0.51673 0.535633 0.033594 0.070833
0 0.408938 0.8092 0.03125 0.083333
0 0.502134 0.662969 0.025781 0.066667
0 0.189287 0.728537 0.042188 0.070833
5 0.355515 0.517055 0.113281 0.143056
5 0.538241 0.444863 0.054688 0.080556