3 0.336375 0.26358 0.051562 0.088889
1 0.918553 0.366787 0.053906 0.120833
0 0.134684 0.765424 0.071094 0.151389
3 0.419403 0.311762 0.06875 0.141667
3 0.510005 0.386084 0.10625 0.183333
1 0.039856 0.623689 0.052344 0.106944
1 0.855994 0.365103 0.038281 0.115278
0 0.760294 0.432504 0.036719 0.075
1 0.687788 0.359808 0.048437 0.105556
5 0.494715 0.231328 0.123438 0.1625
5 0.343204 0.196475 0.09375 0.102778
0 0.249582 0.34537 0.032031 0.075
0 0.201235 0.283194 0.011719 0.052778
0 0.300509 0.39676 0.034375 0.086111
5 0.692961 0.76016 0.471094 0.477778
3 0.165084 0.482625 0.094531 0.177778
3 0.850975 0.521036 0.14375 0.222222
3 0.677752 0.515068 0.142969 0.226389