6 0.056754 0.501097 0.025781 0.106944
6 0.229866 0.771631 0.040625 0.183333
3 0.467593 0.314796 0.049219 0.088889
1 0.232013 0.95368 0.196875 0.105556
1 0.30044 0.687655 0.085156 0.176389
6 0.366126 0.908556 0.035156 0.223611
5 1.0 0.682553 0.278125 0.516667
0 0.328058 0.590017 0.048437 0.123611
3 0.252203 0.339787 0.08125 0.154167
3 0.192778 0.274069 0.053906 0.113889
5 0.132045 0.328944 0.114844 0.194444
2 0.157789 0.222244 0.039062 0.065278
2 0.310123 0.284348 0.046094 0.0625
0 0.194164 0.343045 0.023438 0.066667
6 0.034911 0.539641 0.029687 0.118056
1 0.053939 0.431708 0.038281 0.120833
5 0.877816 0.453701 0.339063 0.343056
2 0.362215 0.274037 0.052344 0.095833
5 0.71594 0.718827 0.432813 0.448611
1 0.785949 0.579687 0.09375 0.123611
2 0.54139 0.444742 0.1 0.120833
2 0.337736 0.482159 0.100781 0.126389
5 0.607422 0.328472 0.207031 0.2625
0 0.197656 0.822917 0.067188 0.131944