0 0.193211 0.812317 0.064062 0.133333
6 0.360307 0.875289 0.045313 0.204167
6 0.040877 0.440406 0.025781 0.106944
3 0.207967 0.237986 0.064844 0.119444
5 0.224149 0.453143 0.182812 0.313889
1 0.104432 0.444851 0.047656 0.109722
1 0.074077 0.533431 0.051562 0.123611
6 0.224578 0.763073 0.040625 0.183333
2 0.121496 0.875655 0.189844 0.194444
5 0.46631 0.332712 0.159375 0.225
0 0.460427 0.788931 0.069531 0.1625
2 0.555801 0.639959 0.176563 0.2125
1 0.598769 0.788561 0.142188 0.226389
5 0.582216 0.303873 0.145313 0.233333
5 0.352161 0.210673 0.1 0.148611
1 0.388764 0.614279 0.075781 0.208333
1 0.393211 0.499574 0.071094 0.102778
0 0.341266 0.423869 0.028125 0.077778
1 0.807329 0.635418 0.100781 0.183333
1 0.785327 0.535046 0.088281 0.133333
1 0.897266 0.525694 0.091406 0.179167
1 0.901953 0.415972 0.046094 0.109722
1 0.941797 0.429167 0.046094 0.130556
0 0.789844 0.904167 0.095312 0.172222