1 0.666277 0.380811 0.024219 0.063889
1 0.694271 0.429447 0.039062 0.056944
1 0.674861 0.75632 0.05625 0.177778
2 0.778544 0.405071 0.0375 0.088889
2 0.754936 0.334001 0.025781 0.052778
6 0.735535 0.578425 0.030469 0.123611
2 0.162754 0.452225 0.074219 0.075
2 0.22363 0.39815 0.057031 0.063889
5 0.326138 0.609676 0.246094 0.377778
2 0.4854 0.496098 0.059375 0.123611
5 0.413007 0.353502 0.114063 0.129167
1 0.167732 0.516965 0.070312 0.105556
0 0.182987 0.54883 0.047656 0.066667
5 0.074609 0.808333 0.132031 0.344444
1 0.512109 0.893056 0.085156 0.172222