5 0.278414 0.348293 0.101562 0.304167
5 0.172031 0.323548 0.097656 0.118056
2 0.353991 0.476023 0.090625 0.151389
3 0.41374 0.474398 0.09375 0.251389
3 0.362836 0.698132 0.135937 0.290278
2 0.450309 0.250223 0.028906 0.045833
0 0.371467 0.387685 0.020312 0.044444
1 0.954667 0.912709 0.075781 0.109722
5 0.156896 0.502838 0.185937 0.327778
5 0.575427 0.508457 0.116406 0.366667
5 0.729195 0.529033 0.154687 0.304167
5 0.643946 0.319368 0.077344 0.15
1 0.702572 0.366601 0.039844 0.076389
5 0.153075 0.819747 0.257812 0.427778
5 0.408681 0.273126 0.055469 0.144444
2 0.511328 0.274306 0.027344 0.073611
2 0.508594 0.184722 0.01875 0.036111
2 0.532812 0.230556 0.029687 0.063889
1 0.273828 0.613889 0.061719 0.094444