1 0.712765 0.405687 0.044531 0.084722
1 0.734234 0.526957 0.051562 0.109722
5 0.169338 0.385286 0.089062 0.179167
5 0.267344 0.43735 0.117188 0.394444
5 0.328519 0.329532 0.039844 0.138889
1 0.594784 0.319269 0.020312 0.059722
1 0.56667 0.343897 0.01875 0.040278
5 0.648217 0.367174 0.082031 0.176389
3 0.456881 0.333419 0.041406 0.111111
5 0.453857 0.250948 0.046094 0.129167
5 0.950927 0.836125 0.204688 0.444444
5 0.407561 0.266206 0.041406 0.120833
0 0.373088 0.35803 0.014062 0.047222
0 0.367544 0.314666 0.013281 0.038889
3 0.517702 0.34457 0.0375 0.095833
5 0.405361 0.447217 0.110937 0.3125
1 0.714015 0.757102 0.05 0.1125
5 0.541654 0.254506 0.027344 0.077778
5 0.092174 0.755854 0.173438 0.579167
5 0.290373 0.743795 0.289062 0.445833