1 0.626095 0.574515 0.024219 0.063889
2 0.807012 0.457971 0.0375 0.088889
2 0.778385 0.404626 0.025781 0.052778
1 0.696382 0.41842 0.021875 0.051389
1 0.682667 0.496857 0.035156 0.070833
5 0.612028 0.366575 0.042188 0.0875
5 0.642761 0.403294 0.039062 0.077778
1 0.655484 0.670106 0.055469 0.097222
1 0.68505 0.843669 0.059375 0.188889
6 0.607759 0.938539 0.029687 0.151389
2 0.244353 0.464384 0.051562 0.063889
2 0.125141 0.950215 0.210156 0.275
2 0.230257 0.767511 0.119531 0.116667
5 0.436838 0.407355 0.10625 0.1375
2 0.322311 0.425954 0.047656 0.05
2 0.516219 0.56337 0.06875 0.141667
3 0.488325 0.482949 0.060938 0.136111
5 0.69035 0.343245 0.030469 0.075
2 0.1896 0.52305 0.074219 0.081944